# Date: 8/2/2013   Time: 23:3
# dimensions 
1 1 
# connectivity 
289
4  1  2  3  4    1 1 
5  5  6  7  8  9    1 1 
4  10  11  12  13    1 1 
4  14  15  16  17    1 1 
5  18  19  20  21  22    1 1 
4  23  24  25  26    1 1 
4  27  28  29  30    1 1 
4  31  32  33  34    1 1 
5  35  36  37  38  39    1 1 
5  40  41  42  43  44    1 1 
4  45  46  47  48    1 1 
4  49  50  51  52    1 1 
4  53  54  55  56    1 1 
4  57  58  59  60    1 1 
4  61  62  63  64    1 1 
4  65  66  67  68    1 1 
4  69  70  71  72    1 1 
5  73  74  75  76  77    1 1 
5  78  79  80  81  82    1 1 
7  83  84  85  86  87  88  89    1 1 
8  90  91  92  93  94  95  96  97    1 1 
7  98  99  100  101  102  103  104    1 1 
9  105  106  107  108  109  110  111  112  113    1 1 
5  114  115  116  117  118    1 1 
5  119  120  121  122  123    1 1 
7  124  125  126  127  128  129  130    1 1 
3  131  132  133    1 1 
6  134  135  136  137  138  139    1 1 
6  140  141  142  143  144  145    1 1 
4  146  147  148  149    1 1 
5  150  151  152  153  154    1 1 
3  155  156  157    1 1 
8  158  159  160  161  162  163  164  165    1 1 
3  166  167  168    1 1 
5  169  170  171  172  173    1 1 
3  174  175  176    1 1 
5  177  178  179  180  181    1 1 
7  182  183  184  185  186  187  188    1 1 
5  189  190  191  192  193    1 1 
7  194  195  196  197  198  199  200    1 1 
4  201  202  203  204    1 1 
5  205  206  207  208  209    1 1 
5  210  211  212  213  214    1 1 
9  215  216  217  218  219  220  221  222  223    1 1 
7  224  225  226  227  228  229  230    1 1 
7  231  232  233  234  235  236  237    1 1 
4  238  239  240  241    1 1 
8  242  243  244  245  246  247  248  249    1 1 
5  250  251  252  253  254    1 1 
9  255  256  257  258  259  260  261  262  263    1 1 
5  264  265  266  267  268    1 1 
3  269  270  271    1 1 
8  272  273  274  275  276  277  278  279    1 1 
6  280  281  282  283  284  285    1 1 
9  286  287  288  289  290  291  292  293  294    1 1 
7  295  296  297  298  299  300  301    1 1 
6  302  303  304  305  306  307    1 1 
7  308  309  310  311  312  313  314    1 1 
6  315  316  317  318  319  320    1 1 
5  321  322  323  324  325    1 1 
4  326  327  328  329    1 1 
7  330  331  332  333  334  335  336    1 1 
8  337  338  339  340  341  342  343  344    1 1 
5  345  346  347  348  349    1 1 
5  350  351  352  353  354    1 1 
10  355  356  357  358  359  360  361  362  363  364    1 1 
7  365  366  367  368  369  370  371    1 1 
5  372  373  374  375  376    1 1 
4  377  378  379  380    1 1 
10  381  382  383  384  385  386  387  388  389  390    1 1 
4  391  392  393  394    1 1 
5  395  396  397  398  399    1 1 
5  400  401  402  403  404    1 1 
5  405  406  407  408  409    1 1 
6  410  411  412  413  414  415    1 1 
7  416  417  418  419  420  421  422    1 1 
5  423  424  425  426  427    1 1 
6  428  429  430  431  432  433    1 1 
6  434  435  436  437  438  439    1 1 
9  440  441  442  443  444  445  446  447  448    1 1 
6  449  450  451  452  453  454    1 1 
7  455  456  457  458  459  460  461    1 1 
4  462  463  464  465    1 1 
4  466  467  468  469    1 1 
6  470  471  472  473  474  475    1 1 
4  476  477  478  479    1 1 
9  480  481  482  483  484  485  486  487  488    1 1 
5  489  490  491  492  493    1 1 
5  494  495  496  497  498    1 1 
7  499  500  501  502  503  504  505    1 1 
9  506  507  508  509  510  511  512  513  514    1 1 
6  515  516  517  518  519  520    1 1 
9  521  522  523  524  525  526  527  528  529    1 1 
5  530  531  532  533  534    1 1 
5  535  536  537  538  539    1 1 
4  540  541  542  543    1 1 
5  544  545  546  547  548    1 1 
4  549  550  551  552    1 1 
6  553  554  555  556  557  558    1 1 
6  559  560  561  562  563  564    1 1 
6  565  566  567  568  569  570    1 1 
5  571  572  573  574  575    1 1 
7  576  577  578  579  580  581  582    1 1 
7  583  584  585  586  587  588  589    1 1 
4  590  591  592  593    1 1 
5  594  595  596  597  598    1 1 
3  599  600  601    1 1 
4  602  603  604  605    1 1 
5  606  607  608  609  610    1 1 
8  611  612  613  614  615  616  617  618    1 1 
6  619  620  621  622  623  624    1 1 
6  625  626  627  628  629  630    1 1 
5  631  632  633  634  635    1 1 
9  636  637  638  639  640  641  642  643  644    1 1 
6  645  646  647  648  649  650    1 1 
9  651  652  653  654  655  656  657  658  659    1 1 
7  660  661  662  663  664  665  666    1 1 
5  667  668  669  670  671    1 1 
3  672  673  674    1 1 
6  675  676  677  678  679  680    1 1 
6  681  682  683  684  685  686    1 1 
6  687  688  689  690  691  692    1 1 
5  693  694  695  696  697    1 1 
5  698  699  700  701  702    1 1 
6  703  704  705  706  707  708    1 1 
8  709  710  711  712  713  714  715  716    1 1 
5  717  718  719  720  721    1 1 
5  722  723  724  725  726    1 1 
5  727  728  729  730  731    1 1 
4  732  733  734  735    1 1 
8  736  737  738  739  740  741  742  743    1 1 
7  744  745  746  747  748  749  750    1 1 
5  751  752  753  754  755    1 1 
6  756  757  758  759  760  761    1 1 
5  762  763  764  765  766    1 1 
4  767  768  769  770    1 1 
5  771  772  773  774  775    1 1 
5  776  777  778  779  780    1 1 
5  781  782  783  784  785    1 1 
7  786  787  788  789  790  791  792    1 1 
8  793  794  795  796  797  798  799  800    1 1 
6  801  802  803  804  805  806    1 1 
7  807  808  809  810  811  812  813    1 1 
6  814  815  816  817  818  819    1 1 
5  820  821  822  823  824    1 1 
5  825  826  827  828  829    1 1 
3  830  831  832    1 1 
5  833  834  835  836  837    1 1 
5  838  839  840  841  842    1 1 
9  843  844  845  846  847  848  849  850  851    1 1 
4  852  853  854  855    1 1 
9  856  857  858  859  860  861  862  863  864    1 1 
4  865  866  867  868    1 1 
4  869  870  871  872    1 1 
7  873  874  875  876  877  878  879    1 1 
6  880  881  882  883  884  885    1 1 
3  886  887  888    1 1 
5  889  890  891  892  893    1 1 
9  894  895  896  897  898  899  900  901  902    1 1 
4  903  904  905  906    1 1 
7  907  908  909  910  911  912  913    1 1 
5  914  915  916  917  918    1 1 
11  919  920  921  922  923  924  925  926  927  928  929    1 1 
5  930  931  932  933  934    1 1 
5  935  936  937  938  939    1 1 
6  940  941  942  943  944  945    1 1 
7  946  947  948  949  950  951  952    1 1 
6  953  954  955  956  957  958    1 1 
8  959  960  961  962  963  964  965  966    1 1 
4  967  968  969  970    1 1 
4  971  972  973  974    1 1 
7  975  976  977  978  979  980  981    1 1 
4  982  983  984  985    1 1 
7  986  987  988  989  990  991  992    1 1 
5  993  994  995  996  997    1 1 
4  998  999  1000  1001    1 1 
6  1002  1003  1004  1005  1006  1007    1 1 
8  1008  1009  1010  1011  1012  1013  1014  1015    1 1 
5  1016  1017  1018  1019  1020    1 1 
6  1021  1022  1023  1024  1025  1026    1 1 
5  1027  1028  1029  1030  1031    1 1 
6  1032  1033  1034  1035  1036  1037    1 1 
6  1038  1039  1040  1041  1042  1043    1 1 
5  1044  1045  1046  1047  1048    1 1 
6  1049  1050  1051  1052  1053  1054    1 1 
6  1055  1056  1057  1058  1059  1060    1 1 
4  1061  1062  1063  1064    1 1 
5  1065  1066  1067  1068  1069    1 1 
5  1070  1071  1072  1073  1074    1 1 
5  1075  1076  1077  1078  1079    1 1 
6  1080  1081  1082  1083  1084  1085    1 1 
7  1086  1087  1088  1089  1090  1091  1092    1 1 
5  1093  1094  1095  1096  1097    1 1 
8  1098  1099  1100  1101  1102  1103  1104  1105    1 1 
7  1106  1107  1108  1109  1110  1111  1112    1 1 
6  1113  1114  1115  1116  1117  1118    1 1 
5  1119  1120  1121  1122  1123    1 1 
6  1124  1125  1126  1127  1128  1129    1 1 
8  1130  1131  1132  1133  1134  1135  1136  1137    1 1 
9  1138  1139  1140  1141  1142  1143  1144  1145  1146    1 1 
5  1147  1148  1149  1150  1151    1 1 
5  1152  1153  1154  1155  1156    1 1 
5  1157  1158  1159  1160  1161    1 1 
5  1162  1163  1164  1165  1166    1 1 
4  1167  1168  1169  1170    1 1 
5  1171  1172  1173  1174  1175    1 1 
4  1176  1177  1178  1179    1 1 
5  1180  1181  1182  1183  1184    1 1 
4  1185  1186  1187  1188    1 1 
4  1189  1190  1191  1192    1 1 
5  1193  1194  1195  1196  1197    1 1 
4  1198  1199  1200  1201    1 1 
6  1202  1203  1204  1205  1206  1207    1 1 
4  1208  1209  1210  1211    1 1 
6  1212  1213  1214  1215  1216  1217    1 1 
7  1218  1219  1220  1221  1222  1223  1224    1 1 
3  1225  1226  1227    1 1 
5  1228  1229  1230  1231  1232    1 1 
5  1233  1234  1235  1236  1237    1 1 
9  1238  1239  1240  1241  1242  1243  1244  1245  1246    1 1 
4  1247  1248  1249  1250    1 1 
5  1251  1252  1253  1254  1255    1 1 
6  1256  1257  1258  1259  1260  1261    1 1 
9  1262  1263  1264  1265  1266  1267  1268  1269  1270    1 1 
8  1271  1272  1273  1274  1275  1276  1277  1278    1 1 
6  1279  1280  1281  1282  1283  1284    1 1 
8  1285  1286  1287  1288  1289  1290  1291  1292    1 1 
11  1293  1294  1295  1296  1297  1298  1299  1300  1301  1302  1303    1 1 
7  1304  1305  1306  1307  1308  1309  1310    1 1 
9  1311  1312  1313  1314  1315  1316  1317  1318  1319    1 1 
5  1320  1321  1322  1323  1324    1 1 
5  1325  1326  1327  1328  1329    1 1 
6  1330  1331  1332  1333  1334  1335    1 1 
5  1336  1337  1338  1339  1340    1 1 
7  1341  1342  1343  1344  1345  1346  1347    1 1 
6  1348  1349  1350  1351  1352  1353    1 1 
4  1354  1355  1356  1357    1 1 
6  1358  1359  1360  1361  1362  1363    1 1 
4  1364  1365  1366  1367    1 1 
4  1368  1369  1370  1371    1 1 
4  1372  1373  1374  1375    1 1 
8  1376  1377  1378  1379  1380  1381  1382  1383    1 1 
4  1384  1385  1386  1387    1 1 
5  1388  1389  1390  1391  1392    1 1 
5  1393  1394  1395  1396  1397    1 1 
4  1398  1399  1400  1401    1 1 
5  1402  1403  1404  1405  1406    1 1 
6  1407  1408  1409  1410  1411  1412    1 1 
5  1413  1414  1415  1416  1417    1 1 
6  1418  1419  1420  1421  1422  1423    1 1 
4  1424  1425  1426  1427    1 1 
8  1428  1429  1430  1431  1432  1433  1434  1435    1 1 
6  1436  1437  1438  1439  1440  1441    1 1 
7  1442  1443  1444  1445  1446  1447  1448    1 1 
4  1449  1450  1451  1452    1 1 
5  1453  1454  1455  1456  1457    1 1 
8  1458  1459  1460  1461  1462  1463  1464  1465    1 1 
6  1466  1467  1468  1469  1470  1471    1 1 
8  1472  1473  1474  1475  1476  1477  1478  1479    1 1 
5  1480  1481  1482  1483  1484    1 1 
7  1485  1486  1487  1488  1489  1490  1491    1 1 
8  1492  1493  1494  1495  1496  1497  1498  1499    1 1 
5  1500  1501  1502  1503  1504    1 1 
9  1505  1506  1507  1508  1509  1510  1511  1512  1513    1 1 
8  1514  1515  1516  1517  1518  1519  1520  1521    1 1 
6  1522  1523  1524  1525  1526  1527    1 1 
7  1528  1529  1530  1531  1532  1533  1534    1 1 
7  1535  1536  1537  1538  1539  1540  1541    1 1 
6  1542  1543  1544  1545  1546  1547    1 1 
6  1548  1549  1550  1551  1552  1553    1 1 
7  1554  1555  1556  1557  1558  1559  1560    1 1 
4  1561  1562  1563  1564    1 1 
4  1565  1566  1567  1568    1 1 
5  1569  1570  1571  1572  1573    1 1 
4  1574  1575  1576  1577    1 1 
4  1578  1579  1580  1581    1 1 
4  1582  1583  1584  1585    1 1 
4  1586  1587  1588  1589    1 1 
4  1590  1591  1592  1593    1 1 
4  1594  1595  1596  1597    1 1 
4  1598  1599  1600  1601    1 1 
4  1602  1603  1604  1605    1 1 
4  1606  1607  1608  1609    1 1 
4  1610  1611  1612  1613    1 1 
7  1614  1615  1616  1617  1618  1619  1620    1 1 
3  1621  1622  1623    1 1 
5  1624  1625  1626  1627  1628    1 1 
3  1629  1630  1631    1 1 
4  1632  1633  1634  1635    1 1 
# DG vertices (counter-clockwise) 
1635
0.990083  0  
1  0  
1  0.0477766  
0.996921  0.0477766  
0.852368  0  
0.918765  0  
0.917856  0.0404171  
0.905431  0.0518521  
0.852368  0.0245415  
0.838543  0  
0.852368  0  
0.852368  0.0245415  
0.838543  0.0203771  
0.800633  0  
0.838543  0  
0.838543  0.0203771  
0.800633  0.0255321  
0.770621  0  
0.800633  0  
0.800633  0.0255321  
0.779252  0.0572402  
0.770621  0.047641  
0.767195  0  
0.770621  0  
0.770621  0.047641  
0.767195  0.0440478  
0.75818  0  
0.767195  0  
0.767195  0.0440478  
0.75818  0.0354262  
0.728043  0  
0.75818  0  
0.75818  0.0354262  
0.730441  0.0177045  
0.606778  0  
0.685745  0  
0.683737  0.013319  
0.666269  0.0255613  
0.633201  0.0217835  
0.444687  0  
0.557518  0  
0.549019  0.0213717  
0.50007  0.0378733  
0.464461  0.0314044  
0.31729  0  
0.346767  0  
0.337842  0.0349563  
0.31729  0.0210701  
0.287299  0  
0.31729  0  
0.31729  0.0210701  
0.300446  0.0179165  
0.237009  0  
0.267662  0  
0.248581  0.012521  
0.239463  0.00823943  
0.0710422  0  
0.117842  0  
0.101823  0.0834903  
0.0710422  0.042854  
0.0488187  0  
0.0710422  0  
0.0710422  0.042854  
0.0488187  0.0180508  
0.0150658  0  
0.0488187  0  
0.0488187  0.0180508  
0.0150658  0.016785  
0  0  
0.0150658  0  
0.0150658  0.016785  
0  0.0293208  
0.967735  0.0538907  
0.996921  0.0477766  
1  0.0477766  
1  0.119478  
0.977513  0.105113  
0.918765  0  
0.990083  0  
0.996921  0.0477766  
0.967735  0.0538907  
0.917856  0.0404171  
0.905431  0.0518521  
0.917856  0.0404171  
0.967735  0.0538907  
0.977513  0.105113  
0.958185  0.124579  
0.90978  0.133515  
0.881206  0.0979692  
0.779252  0.0572402  
0.800633  0.0255321  
0.838543  0.0203771  
0.852368  0.0245415  
0.905431  0.0518521  
0.881206  0.0979692  
0.81925  0.116063  
0.779553  0.0799012  
0.67684  0.131471  
0.676178  0.128928  
0.704225  0.0992974  
0.779553  0.0799012  
0.81925  0.116063  
0.800614  0.191121  
0.708777  0.174861  
0.709595  0.0272836  
0.730441  0.0177045  
0.75818  0.0354262  
0.767195  0.0440478  
0.770621  0.047641  
0.779252  0.0572402  
0.779553  0.0799012  
0.704225  0.0992974  
0.698067  0.0732335  
0.666269  0.0255613  
0.683737  0.013319  
0.709595  0.0272836  
0.698067  0.0732335  
0.676624  0.0474642  
0.685745  0  
0.728043  0  
0.730441  0.0177045  
0.709595  0.0272836  
0.683737  0.013319  
0.549019  0.0213717  
0.557518  0  
0.606778  0  
0.633201  0.0217835  
0.640063  0.0630971  
0.638734  0.109545  
0.556663  0.0546087  
0.387538  0  
0.439198  0  
0.391556  0.0443712  
0.346767  0  
0.387538  0  
0.391556  0.0443712  
0.388713  0.0555058  
0.34741  0.0569157  
0.337842  0.0349563  
0.282911  0  
0.287299  0  
0.300446  0.0179165  
0.292155  0.0274354  
0.265629  0.0328286  
0.263805  0.0257018  
0.267662  0  
0.282911  0  
0.263805  0.0257018  
0.248581  0.012521  
0.193732  0.00158098  
0.193827  0  
0.237009  0  
0.239463  0.00823943  
0.225274  0.0318924  
0.150766  0  
0.167835  0  
0.166232  0.0173752  
0  0.0407604  
0  0.0293208  
0.0150658  0.016785  
0.0488187  0.0180508  
0.0710422  0.042854  
0.101823  0.0834903  
0.105389  0.108214  
0.0677471  0.095657  
0  0.0407604  
0.0677471  0.095657  
0  0.095657  
0.912928  0.276988  
0.94349  0.255563  
1  0.244794  
1  0.398168  
0.900591  0.311942  
0.967461  0.135097  
1  0.131921  
1  0.225473  
0.977513  0.105113  
1  0.119478  
1  0.131921  
0.967461  0.135097  
0.958185  0.124579  
0.81925  0.116063  
0.881206  0.0979692  
0.90978  0.133515  
0.94349  0.255563  
0.912928  0.276988  
0.806163  0.205833  
0.800614  0.191121  
0.708777  0.174861  
0.800614  0.191121  
0.806163  0.205833  
0.761921  0.255305  
0.688403  0.242288  
0.640063  0.0630971  
0.676624  0.0474642  
0.698067  0.0732335  
0.704225  0.0992974  
0.676178  0.128928  
0.642985  0.116119  
0.638734  0.109545  
0.633201  0.0217835  
0.666269  0.0255613  
0.676624  0.0474642  
0.640063  0.0630971  
0.545615  0.0874138  
0.556663  0.0546087  
0.638734  0.109545  
0.642985  0.116119  
0.591684  0.146351  
0.522903  0.115863  
0.545615  0.0874138  
0.591684  0.146351  
0.581951  0.159643  
0.57586  0.159522  
0.478363  0.0830381  
0.50007  0.0378733  
0.549019  0.0213717  
0.556663  0.0546087  
0.545615  0.0874138  
0.522903  0.115863  
0.49883  0.130388  
0.497602  0.130524  
0.488408  0.128999  
0.439198  0  
0.444687  0  
0.464461  0.0314044  
0.418037  0.069897  
0.409517  0.0730493  
0.388713  0.0555058  
0.391556  0.0443712  
0.292836  0.0358994  
0.292155  0.0274354  
0.300446  0.0179165  
0.31729  0.0210701  
0.337842  0.0349563  
0.34741  0.0569157  
0.311869  0.0931397  
0.265629  0.0328286  
0.292155  0.0274354  
0.292836  0.0358994  
0.259307  0.0579014  
0.225274  0.0318924  
0.239463  0.00823943  
0.248581  0.012521  
0.263805  0.0257018  
0.265629  0.0328286  
0.259307  0.0579014  
0.252302  0.0797641  
0.221091  0.0836579  
0.167835  0  
0.193827  0  
0.193732  0.00158098  
0.178633  0.0360271  
0.166232  0.0173752  
0.117842  0  
0.150766  0  
0.166232  0.0173752  
0.178633  0.0360271  
0.163009  0.113071  
0.129306  0.142635  
0.125021  0.137742  
0.105389  0.108214  
0.101823  0.0834903  
0  0.095657  
0.0677471  0.095657  
0.105389  0.108214  
0.125021  0.137742  
0  0.137742  
1  0.404864  
1  0.5399  
0.919299  0.485274  
0.854969  0.411914  
0.861893  0.36067  
0.900591  0.311942  
1  0.398168  
1  0.404864  
0.919299  0.485274  
0.904494  0.482009  
0.882847  0.461405  
0.90978  0.133515  
0.958185  0.124579  
0.967461  0.135097  
1  0.225473  
1  0.244794  
0.94349  0.255563  
0.761921  0.255305  
0.806163  0.205833  
0.912928  0.276988  
0.900591  0.311942  
0.861893  0.36067  
0.783903  0.331259  
0.767694  0.315078  
0.761692  0.308762  
0.75905  0.305219  
0.679087  0.249757  
0.688403  0.242288  
0.761921  0.255305  
0.75905  0.305219  
0.750143  0.305419  
0.682255  0.293399  
0.67341  0.277864  
0.67684  0.131471  
0.708777  0.174861  
0.688403  0.242288  
0.679087  0.249757  
0.632087  0.220927  
0.625961  0.208981  
0.591684  0.146351  
0.642985  0.116119  
0.676178  0.128928  
0.67684  0.131471  
0.625961  0.208981  
0.593184  0.198111  
0.581951  0.159643  
0.543464  0.171852  
0.57586  0.159522  
0.581951  0.159643  
0.593184  0.198111  
0.583037  0.207364  
0.537449  0.186715  
0.49883  0.130388  
0.522903  0.115863  
0.57586  0.159522  
0.543464  0.171852  
0.515323  0.148651  
0.464461  0.0314044  
0.50007  0.0378733  
0.478363  0.0830381  
0.418037  0.069897  
0.409517  0.0730493  
0.418037  0.069897  
0.478363  0.0830381  
0.488408  0.128999  
0.474671  0.134081  
0.420841  0.140628  
0.416111  0.136512  
0.308366  0.0977979  
0.311869  0.0931397  
0.34741  0.0569157  
0.388713  0.0555058  
0.409517  0.0730493  
0.416111  0.136512  
0.348285  0.146193  
0.320328  0.144693  
0.259307  0.0579014  
0.292836  0.0358994  
0.311869  0.0931397  
0.308366  0.0977979  
0.252302  0.0797641  
0.178633  0.0360271  
0.193732  0.00158098  
0.225274  0.0318924  
0.221091  0.0836579  
0.163009  0.113071  
0.163009  0.113071  
0.221091  0.0836579  
0.252302  0.0797641  
0.308366  0.0977979  
0.320328  0.144693  
0.314782  0.154224  
0.25447  0.199171  
0.177999  0.217736  
0.130203  0.152398  
0.129306  0.142635  
0  0.233193  
0.130203  0.152398  
0.177999  0.217736  
0.181434  0.292938  
0.129691  0.303503  
0.00812238  0.316345  
0  0.311817  
0  0.137742  
0.125021  0.137742  
0.129306  0.142635  
0.130203  0.152398  
0  0.233193  
0.935247  0.639429  
1  0.579505  
1  0.675746  
0.968559  0.675746  
0.749037  0.364098  
0.752244  0.359606  
0.761703  0.35002  
0.764661  0.347439  
0.783903  0.331259  
0.861893  0.36067  
0.854969  0.411914  
0.755075  0.443489  
0.727835  0.424117  
0.737861  0.383551  
0.767694  0.315078  
0.783903  0.331259  
0.764661  0.347439  
0.730919  0.346001  
0.761692  0.308762  
0.767694  0.315078  
0.730919  0.346001  
0.727647  0.347652  
0.727453  0.340264  
0.682255  0.293399  
0.750143  0.305419  
0.709107  0.337792  
0.680314  0.349796  
0.679267  0.349908  
0.610399  0.249277  
0.632087  0.220927  
0.679087  0.249757  
0.67341  0.277864  
0.624471  0.292374  
0.583037  0.207364  
0.593184  0.198111  
0.625961  0.208981  
0.632087  0.220927  
0.610399  0.249277  
0.547017  0.254448  
0.525564  0.202251  
0.537449  0.186715  
0.583037  0.207364  
0.547017  0.254448  
0.533531  0.264095  
0.529177  0.245479  
0.527112  0.233172  
0.515323  0.148651  
0.543464  0.171852  
0.537449  0.186715  
0.525564  0.202251  
0.517823  0.195869  
0.497602  0.130524  
0.49883  0.130388  
0.515323  0.148651  
0.517823  0.195869  
0.506618  0.189703  
0.49977  0.171471  
0.474671  0.134081  
0.488408  0.128999  
0.497602  0.130524  
0.49977  0.171471  
0.490014  0.179679  
0.476775  0.173822  
0.421413  0.15144  
0.420841  0.140628  
0.474671  0.134081  
0.476775  0.173822  
0.474483  0.197534  
0.472689  0.198908  
0.464392  0.203483  
0.443616  0.206692  
0.429284  0.185232  
0.348285  0.146193  
0.416111  0.136512  
0.420841  0.140628  
0.421413  0.15144  
0.385409  0.189129  
0.373159  0.190591  
0.314782  0.154224  
0.320328  0.144693  
0.348285  0.146193  
0.373159  0.190591  
0.369821  0.201035  
0.356987  0.223033  
0.344499  0.207268  
0.314782  0.154224  
0.344499  0.207268  
0.29804  0.23108  
0.25447  0.199171  
0.00812238  0.316345  
0.129691  0.303503  
0.0686524  0.372359  
0.0295061  0.354514  
0  0.311817  
0.00812238  0.316345  
0.0295061  0.354514  
0.0295287  0.401958  
0.0170745  0.406699  
0  0.406699  
0.968559  0.675746  
1  0.675746  
1  0.735533  
0.990212  0.735533  
0.904494  0.482009  
0.919299  0.485274  
1  0.5399  
1  0.579505  
0.935247  0.639429  
0.913975  0.645144  
0.886294  0.624098  
0.871669  0.604881  
0.863316  0.577807  
0.727647  0.347652  
0.730919  0.346001  
0.764661  0.347439  
0.761703  0.35002  
0.727397  0.348558  
0.750143  0.305419  
0.75905  0.305219  
0.761692  0.308762  
0.727453  0.340264  
0.709107  0.337792  
0.709107  0.337792  
0.727453  0.340264  
0.727647  0.347652  
0.727397  0.348558  
0.72485  0.352118  
0.718858  0.35572  
0.680314  0.349796  
0.679267  0.349908  
0.680314  0.349796  
0.718858  0.35572  
0.719018  0.355892  
0.737861  0.383551  
0.727835  0.424117  
0.665618  0.409659  
0.655988  0.390144  
0.655528  0.385521  
0.624471  0.292374  
0.67341  0.277864  
0.682255  0.293399  
0.679267  0.349908  
0.655528  0.385521  
0.588696  0.323117  
0.529268  0.273578  
0.533531  0.264095  
0.547017  0.254448  
0.610399  0.249277  
0.624471  0.292374  
0.588696  0.323117  
0.538625  0.318192  
0.526855  0.311864  
0.523532  0.292214  
0.482318  0.196242  
0.506618  0.189703  
0.517823  0.195869  
0.525564  0.202251  
0.527112  0.233172  
0.490014  0.179679  
0.49977  0.171471  
0.506618  0.189703  
0.482318  0.196242  
0.481633  0.196219  
0.476775  0.173822  
0.490014  0.179679  
0.481633  0.196219  
0.474483  0.197534  
0.421413  0.15144  
0.429284  0.185232  
0.394488  0.210108  
0.387182  0.198963  
0.385409  0.189129  
0.373159  0.190591  
0.385409  0.189129  
0.387182  0.198963  
0.369821  0.201035  
0.344499  0.207268  
0.356987  0.223033  
0.357515  0.224569  
0.350621  0.24685  
0.319272  0.251617  
0.29804  0.23108  
0.0295061  0.354514  
0.0686524  0.372359  
0.0843819  0.385663  
0.0657704  0.417944  
0.0376582  0.413804  
0.0295287  0.401958  
0.129691  0.303503  
0.181434  0.292938  
0.189435  0.308812  
0.105482  0.385664  
0.0843819  0.385663  
0.0686524  0.372359  
0  0.406699  
0.0170745  0.406699  
0.0092002  0.418229  
0.00148719  0.420589  
0  0.420589  
0.960578  0.761894  
0.974493  0.74526  
0.990212  0.735533  
1  0.735533  
1  0.795897  
0.985438  0.795897  
0.960382  0.771543  
0.910064  0.656055  
0.913975  0.645144  
0.935247  0.639429  
0.968559  0.675746  
0.990212  0.735533  
0.974493  0.74526  
0.913034  0.688396  
0.72485  0.352118  
0.727397  0.348558  
0.761703  0.35002  
0.752244  0.359606  
0.719018  0.355892  
0.718858  0.35572  
0.72485  0.352118  
0.752244  0.359606  
0.749037  0.364098  
0.719018  0.355892  
0.749037  0.364098  
0.737861  0.383551  
0.792645  0.56389  
0.863316  0.577807  
0.871669  0.604881  
0.809574  0.626785  
0.809574  0.626785  
0.871669  0.604881  
0.886294  0.624098  
0.832439  0.656659  
0.808247  0.628415  
0.665618  0.409659  
0.727835  0.424117  
0.755075  0.443489  
0.746726  0.481103  
0.738326  0.502829  
0.69391  0.517266  
0.63619  0.476415  
0.635825  0.475665  
0.472689  0.198908  
0.474483  0.197534  
0.481633  0.196219  
0.482318  0.196242  
0.527112  0.233172  
0.529177  0.245479  
0.4427  0.212546  
0.443616  0.206692  
0.464392  0.203483  
0.529268  0.273578  
0.523532  0.292214  
0.520502  0.290727  
0.434771  0.226832  
0.4427  0.212546  
0.520502  0.290727  
0.505567  0.286068  
0.484676  0.274457  
0.388515  0.220869  
0.394488  0.210108  
0.429284  0.185232  
0.443616  0.206692  
0.4427  0.212546  
0.434771  0.226832  
0.426291  0.238963  
0.420383  0.244141  
0.415218  0.245573  
0.369821  0.201035  
0.387182  0.198963  
0.394488  0.210108  
0.388515  0.220869  
0.357515  0.224569  
0.356987  0.223033  
0.177999  0.217736  
0.25447  0.199171  
0.29804  0.23108  
0.319272  0.251617  
0.282106  0.331802  
0.252065  0.369815  
0.213102  0.334593  
0.189435  0.308812  
0.181434  0.292938  
0.0092002  0.418229  
0.0170745  0.406699  
0.0295287  0.401958  
0.0376582  0.413804  
0.030693  0.438835  
0.00628855  0.429735  
0.00608359  0.42703  
0.00148719  0.420589  
0.0092002  0.418229  
0.00608359  0.42703  
0  0.42527  
0  0.424788  
0  0.420589  
0.00148719  0.420589  
0  0.424788  
0.985686  0.801344  
0.985438  0.795897  
1  0.795897  
1  0.824543  
0.997476  0.824543  
0.987473  0.810025  
0.903382  0.727929  
0.913034  0.688396  
0.974493  0.74526  
0.960578  0.761894  
0.92455  0.753044  
0.919983  0.749887  
0.818934  0.510184  
0.882847  0.461405  
0.904494  0.482009  
0.863316  0.577807  
0.792645  0.56389  
0.783095  0.559154  
0.755075  0.443489  
0.854969  0.411914  
0.882847  0.461405  
0.818934  0.510184  
0.746726  0.481103  
0.738326  0.502829  
0.746726  0.481103  
0.818934  0.510184  
0.783095  0.559154  
0.776462  0.559217  
0.832439  0.656659  
0.886294  0.624098  
0.913975  0.645144  
0.910064  0.656055  
0.865103  0.687469  
0.821894  0.674645  
0.756343  0.583944  
0.776462  0.559217  
0.783095  0.559154  
0.792645  0.56389  
0.809574  0.626785  
0.808247  0.628415  
0.776027  0.647898  
0.76514  0.62096  
0.538625  0.318192  
0.588696  0.323117  
0.655528  0.385521  
0.655988  0.390144  
0.565532  0.411029  
0.464392  0.203483  
0.472689  0.198908  
0.529177  0.245479  
0.533531  0.264095  
0.529268  0.273578  
0.420383  0.244141  
0.426291  0.238963  
0.46952  0.267413  
0.433267  0.261652  
0.426292  0.253469  
0.426291  0.238963  
0.434771  0.226832  
0.484676  0.274457  
0.46952  0.267413  
0.402548  0.259985  
0.415218  0.245573  
0.420383  0.244141  
0.426292  0.253469  
0.426587  0.267652  
0.425908  0.29013  
0.422305  0.293559  
0.420102  0.291862  
0.350621  0.24685  
0.357515  0.224569  
0.388515  0.220869  
0.415218  0.245573  
0.402548  0.259985  
0.387746  0.26553  
0.36594  0.268132  
0.319272  0.251617  
0.350621  0.24685  
0.36594  0.268132  
0.363661  0.279675  
0.282106  0.331802  
0.0657704  0.417944  
0.0843819  0.385663  
0.105482  0.385664  
0.114837  0.434413  
0.112535  0.455109  
0.0938589  0.457361  
0  0.436855  
0.00628855  0.429735  
0.030693  0.438835  
0.0296638  0.457308  
0  0.446881  
0  0.42527  
0.00608359  0.42703  
0.00628855  0.429735  
0  0.436855  
0.994718  0.82722  
0.997476  0.824543  
1  0.824543  
1  0.840872  
0.999068  0.840872  
0.987473  0.810025  
0.997476  0.824543  
0.994718  0.82722  
0.990918  0.830248  
0.974036  0.823065  
0.985686  0.801344  
0.987473  0.810025  
0.974036  0.823065  
0.972186  0.82343  
0.968389  0.818129  
0.951393  0.786948  
0.960382  0.771543  
0.985438  0.795897  
0.985686  0.801344  
0.968389  0.818129  
0.966524  0.816774  
0.962902  0.813473  
0.86388  0.68996  
0.865103  0.687469  
0.910064  0.656055  
0.913034  0.688396  
0.903382  0.727929  
0.88617  0.734538  
0.879917  0.730382  
0.878945  0.729224  
0.774291  0.65541  
0.776027  0.647898  
0.808247  0.628415  
0.832439  0.656659  
0.821894  0.674645  
0.795142  0.687699  
0.69391  0.517266  
0.738326  0.502829  
0.776462  0.559217  
0.756343  0.583944  
0.717071  0.591306  
0.682155  0.586644  
0.678268  0.575727  
0.557189  0.431561  
0.565532  0.411029  
0.655988  0.390144  
0.665618  0.409659  
0.635825  0.475665  
0.610774  0.474248  
0.433267  0.261652  
0.46952  0.267413  
0.484676  0.274457  
0.505567  0.286068  
0.44122  0.279877  
0.426587  0.267652  
0.426292  0.253469  
0.433267  0.261652  
0.44122  0.279877  
0.433969  0.28457  
0.426587  0.267652  
0.433969  0.28457  
0.425908  0.29013  
0.387746  0.26553  
0.402548  0.259985  
0.420102  0.291862  
0.400511  0.292853  
0.398697  0.290626  
0.363661  0.279675  
0.36594  0.268132  
0.387746  0.26553  
0.398697  0.290626  
0.370817  0.296074  
0.282106  0.331802  
0.363661  0.279675  
0.370817  0.296074  
0.373369  0.303539  
0.368594  0.394265  
0.363737  0.399533  
0.324011  0.407137  
0.262804  0.389903  
0.252065  0.369815  
0.189435  0.308812  
0.213102  0.334593  
0.114837  0.434413  
0.105482  0.385664  
0.030693  0.438835  
0.0376582  0.413804  
0.0657704  0.417944  
0.0938589  0.457361  
0.0626035  0.480434  
0.0382679  0.473669  
0.0360283  0.470482  
0.0323537  0.463472  
0.0296638  0.457308  
0  0.446881  
0.0296638  0.457308  
0.0323537  0.463472  
0  0.463472  
0.999068  0.840872  
1  0.840872  
1  0.843203  
0.997251  0.843203  
0.990918  0.830248  
0.994718  0.82722  
0.999068  0.840872  
0.997251  0.843203  
0.991801  0.846694  
0.984774  0.848649  
0.983188  0.844598  
0.88617  0.734538  
0.903382  0.727929  
0.919983  0.749887  
0.861943  0.787375  
0.860589  0.778149  
0.870588  0.756569  
0.865217  0.713861  
0.870386  0.723155  
0.863328  0.721368  
0.858808  0.697155  
0.86388  0.68996  
0.878945  0.729224  
0.870386  0.723155  
0.865217  0.713861  
0.795142  0.687699  
0.821894  0.674645  
0.865103  0.687469  
0.86388  0.68996  
0.858808  0.697155  
0.847082  0.709454  
0.828357  0.711175  
0.799453  0.699365  
0.795019  0.695333  
0.63619  0.476415  
0.69391  0.517266  
0.678268  0.575727  
0.616128  0.551396  
0.488879  0.343276  
0.526855  0.311864  
0.538625  0.318192  
0.565532  0.411029  
0.557189  0.431561  
0.544208  0.437251  
0.493751  0.413031  
0.544208  0.437251  
0.557189  0.431561  
0.610774  0.474248  
0.563776  0.50752  
0.514138  0.508579  
0.422305  0.293559  
0.425908  0.29013  
0.433969  0.28457  
0.44122  0.279877  
0.505567  0.286068  
0.520502  0.290727  
0.523532  0.292214  
0.526855  0.311864  
0.488879  0.343276  
0.435199  0.350193  
0.429911  0.335065  
0.395395  0.30152  
0.400511  0.292853  
0.420102  0.291862  
0.422305  0.293559  
0.429911  0.335065  
0.370817  0.296074  
0.398697  0.290626  
0.400511  0.292853  
0.395395  0.30152  
0.373369  0.303539  
0.333342  0.540735  
0.344031  0.51189  
0.456811  0.518529  
0.434081  0.594456  
0.409  0.593638  
0.363428  0.580653  
0.262804  0.389903  
0.324011  0.407137  
0.344031  0.51189  
0.333342  0.540735  
0.309606  0.547115  
0.19777  0.514958  
0.198087  0.500619  
0.213102  0.334593  
0.252065  0.369815  
0.262804  0.389903  
0.198087  0.500619  
0.112535  0.455109  
0.114837  0.434413  
0.0626035  0.480434  
0.0938589  0.457361  
0.112535  0.455109  
0.198087  0.500619  
0.19777  0.514958  
0.159824  0.60836  
0.0862546  0.599929  
0.0758772  0.579139  
0  0.463472  
0.0323537  0.463472  
0.0360283  0.470482  
0  0.470482  
0.997251  0.843203  
1  0.843203  
1  0.846694  
0.991801  0.846694  
0.92455  0.753044  
0.960578  0.761894  
0.960382  0.771543  
0.951393  0.786948  
0.884839  0.847227  
0.88236  0.848073  
0.878818  0.833911  
0.854717  0.729214  
0.879917  0.730382  
0.88617  0.734538  
0.870588  0.756569  
0.851442  0.720818  
0.863328  0.721368  
0.870386  0.723155  
0.878945  0.729224  
0.879917  0.730382  
0.854717  0.729214  
0.852146  0.72781  
0.847082  0.709454  
0.858808  0.697155  
0.865217  0.713861  
0.863328  0.721368  
0.851442  0.720818  
0.717071  0.591306  
0.756343  0.583944  
0.76514  0.62096  
0.725489  0.631298  
0.563776  0.50752  
0.610774  0.474248  
0.635825  0.475665  
0.63619  0.476415  
0.616128  0.551396  
0.599803  0.55991  
0.599803  0.55991  
0.616128  0.551396  
0.678268  0.575727  
0.682155  0.586644  
0.673444  0.60393  
0.599691  0.642392  
0.56375  0.630202  
0.5657  0.608499  
0.599691  0.642392  
0.673444  0.60393  
0.688759  0.64187  
0.629358  0.675723  
0.624929  0.675339  
0.444304  0.465002  
0.493751  0.413031  
0.544208  0.437251  
0.514138  0.508579  
0.507484  0.512909  
0.460491  0.513451  
0.373369  0.303539  
0.395395  0.30152  
0.429911  0.335065  
0.435199  0.350193  
0.368594  0.394265  
0.324011  0.407137  
0.363737  0.399533  
0.444304  0.465002  
0.460491  0.513451  
0.456811  0.518529  
0.344031  0.51189  
0.409  0.593638  
0.434081  0.594456  
0.46282  0.645967  
0.458434  0.652548  
0.433795  0.667343  
0.343956  0.664413  
0.337506  0.60886  
0.363428  0.580653  
0.409  0.593638  
0.343956  0.664413  
0.335256  0.667412  
0.309606  0.547115  
0.333342  0.540735  
0.363428  0.580653  
0.337506  0.60886  
0.303692  0.605719  
0.290442  0.600698  
0.19777  0.514958  
0.309606  0.547115  
0.290442  0.600698  
0.220124  0.635695  
0.176994  0.63591  
0.159824  0.60836  
0  0.470482  
0.0360283  0.470482  
0.0382679  0.473669  
0  0.507682  
0.991801  0.846694  
1  0.846694  
1  0.84955  
0.984833  0.84955  
0.984774  0.848649  
0.972186  0.82343  
0.974036  0.823065  
0.990918  0.830248  
0.983188  0.844598  
0.966781  0.837426  
0.919983  0.749887  
0.92455  0.753044  
0.878818  0.833911  
0.861706  0.792566  
0.861943  0.787375  
0.84005  0.742698  
0.852146  0.72781  
0.854717  0.729214  
0.870588  0.756569  
0.860589  0.778149  
0.837591  0.751419  
0.830578  0.71801  
0.828406  0.711433  
0.828357  0.711175  
0.847082  0.709454  
0.851442  0.720818  
0.852146  0.72781  
0.84005  0.742698  
0.725489  0.631298  
0.76514  0.62096  
0.776027  0.647898  
0.774291  0.65541  
0.72018  0.66833  
0.673444  0.60393  
0.682155  0.586644  
0.717071  0.591306  
0.725489  0.631298  
0.72018  0.66833  
0.715584  0.671207  
0.709095  0.669873  
0.688759  0.64187  
0.715584  0.671207  
0.72018  0.66833  
0.774291  0.65541  
0.795142  0.687699  
0.795019  0.695333  
0.769917  0.719848  
0.7209  0.688811  
0.688759  0.64187  
0.709095  0.669873  
0.695086  0.677857  
0.680613  0.684568  
0.670174  0.685881  
0.629358  0.675723  
0.507484  0.512909  
0.514138  0.508579  
0.563776  0.50752  
0.599803  0.55991  
0.5657  0.608499  
0.435199  0.350193  
0.488879  0.343276  
0.493751  0.413031  
0.444304  0.465002  
0.363737  0.399533  
0.368594  0.394265  
0.456811  0.518529  
0.460491  0.513451  
0.507484  0.512909  
0.5657  0.608499  
0.56375  0.630202  
0.530892  0.651561  
0.46282  0.645967  
0.434081  0.594456  
0.33496  0.667729  
0.335256  0.667412  
0.343956  0.664413  
0.433795  0.667343  
0.433053  0.66825  
0.419713  0.682439  
0.384857  0.690688  
0.377564  0.69045  
0.341018  0.681608  
0.303692  0.605719  
0.337506  0.60886  
0.335256  0.667412  
0.33496  0.667729  
0.319795  0.668225  
0.220124  0.635695  
0.290442  0.600698  
0.303692  0.605719  
0.319795  0.668225  
0.310231  0.669846  
0  0.507682  
0.0382679  0.473669  
0.0626035  0.480434  
0.0758772  0.579139  
0  0.51915  
0  0.51915  
0.0758772  0.579139  
0.0862546  0.599929  
0.0383266  0.625458  
0  0.625458  
0.984833  0.84955  
1  0.84955  
1  0.873521  
0.985858  0.873521  
0.966524  0.816774  
0.968389  0.818129  
0.972186  0.82343  
0.966781  0.837426  
0.948983  0.842087  
0.962902  0.813473  
0.966524  0.816774  
0.948983  0.842087  
0.941488  0.844373  
0.951393  0.786948  
0.962902  0.813473  
0.941488  0.844373  
0.933628  0.848001  
0.884839  0.847227  
0.830578  0.71801  
0.84005  0.742698  
0.837591  0.751419  
0.825328  0.749191  
0.828406  0.711433  
0.830578  0.71801  
0.825328  0.749191  
0.822128  0.748724  
0.799453  0.699365  
0.828357  0.711175  
0.828406  0.711433  
0.822128  0.748724  
0.814304  0.748697  
0.7209  0.688811  
0.769917  0.719848  
0.760448  0.745618  
0.713146  0.734868  
0.695086  0.677857  
0.709095  0.669873  
0.715584  0.671207  
0.7209  0.688811  
0.713146  0.734868  
0.692267  0.746767  
0.680613  0.684568  
0.695086  0.677857  
0.692267  0.746767  
0.687344  0.750042  
0.624001  0.698019  
0.624929  0.675339  
0.629358  0.675723  
0.670174  0.685881  
0.658307  0.755758  
0.639428  0.753452  
0.530892  0.651561  
0.56375  0.630202  
0.599691  0.642392  
0.624929  0.675339  
0.624001  0.698019  
0.565474  0.730474  
0.537373  0.687117  
0.377564  0.69045  
0.384857  0.690688  
0.377639  0.701616  
0.341018  0.681608  
0.377564  0.69045  
0.377639  0.701616  
0.362502  0.739844  
0.357539  0.743381  
0.176994  0.63591  
0.220124  0.635695  
0.310231  0.669846  
0.2943  0.712472  
0.177514  0.71354  
0.0387488  0.688436  
0.0383266  0.625458  
0.0862546  0.599929  
0.159824  0.60836  
0.176994  0.63591  
0.177514  0.71354  
0.160087  0.827914  
0.153661  0.83265  
0.0695006  0.789477  
0  0.625458  
0.0383266  0.625458  
0.0387488  0.688436  
0  0.71193  
0.981458  0.876416  
0.985858  0.873521  
1  0.873521  
1  0.909761  
0.970311  0.903648  
0.970311  0.903648  
1  0.909761  
1  0.929222  
0.949113  0.932705  
0.945185  0.930859  
0.944455  0.928422  
0.933628  0.848001  
0.941488  0.844373  
0.948983  0.842087  
0.966781  0.837426  
0.983188  0.844598  
0.984774  0.848649  
0.984833  0.84955  
0.985858  0.873521  
0.981458  0.876416  
0.881836  0.84907  
0.88236  0.848073  
0.884839  0.847227  
0.933628  0.848001  
0.981458  0.876416  
0.970311  0.903648  
0.944455  0.928422  
0.931693  0.918618  
0.879246  0.850565  
0.881836  0.84907  
0.931693  0.918618  
0.894235  0.937431  
0.870892  0.944295  
0.870716  0.944092  
0.814304  0.748697  
0.822128  0.748724  
0.825328  0.749191  
0.837591  0.751419  
0.860589  0.778149  
0.861943  0.787375  
0.861706  0.792566  
0.777004  0.780916  
0.751193  0.826976  
0.773117  0.782042  
0.777004  0.780916  
0.861706  0.792566  
0.878818  0.833911  
0.88236  0.848073  
0.881836  0.84907  
0.879246  0.850565  
0.876603  0.851498  
0.821526  0.847498  
0.812491  0.845713  
0.769917  0.719848  
0.795019  0.695333  
0.799453  0.699365  
0.814304  0.748697  
0.777004  0.780916  
0.773117  0.782042  
0.760448  0.745618  
0.675922  0.761403  
0.687344  0.750042  
0.692267  0.746767  
0.713146  0.734868  
0.760448  0.745618  
0.773117  0.782042  
0.751193  0.826976  
0.742175  0.832115  
0.696131  0.802388  
0.670174  0.685881  
0.680613  0.684568  
0.687344  0.750042  
0.675922  0.761403  
0.658307  0.755758  
0.565474  0.730474  
0.624001  0.698019  
0.639428  0.753452  
0.623535  0.762571  
0.576375  0.769642  
0.458434  0.652548  
0.46282  0.645967  
0.530892  0.651561  
0.537373  0.687117  
0.498289  0.759835  
0.460601  0.716529  
0.377639  0.701616  
0.384857  0.690688  
0.419713  0.682439  
0.394946  0.719938  
0.362502  0.739844  
0.310231  0.669846  
0.319795  0.668225  
0.33496  0.667729  
0.341018  0.681608  
0.357539  0.743381  
0.335646  0.811659  
0.2943  0.712472  
0.177514  0.71354  
0.2943  0.712472  
0.335646  0.811659  
0.333309  0.836256  
0.269031  0.836845  
0.160087  0.827914  
0  0.71193  
0.0387488  0.688436  
0.0695006  0.789477  
0  0.783216  
0  0.783216  
0.0695006  0.789477  
0.153661  0.83265  
0.144081  0.858649  
0.0790691  0.897915  
0  0.897915  
0.97612  0.952246  
1  0.946601  
1  0.973166  
0.990786  0.973166  
1  0.937984  
1  0.946601  
0.97612  0.952246  
0.967507  0.945664  
0.949113  0.932705  
1  0.929222  
1  0.937984  
0.967507  0.945664  
0.894235  0.937431  
0.931693  0.918618  
0.944455  0.928422  
0.945185  0.930859  
0.942996  0.937103  
0.928252  0.958697  
0.912814  0.966677  
0.896124  0.952122  
0.870892  0.944295  
0.894235  0.937431  
0.896124  0.952122  
0.873014  0.958918  
0.876603  0.851498  
0.879246  0.850565  
0.870716  0.944092  
0.851139  0.939683  
0.81877  0.926596  
0.821526  0.847498  
0.876603  0.851498  
0.81877  0.926596  
0.795033  0.938463  
0.789228  0.929399  
0.812491  0.845713  
0.821526  0.847498  
0.789228  0.929399  
0.782696  0.921265  
0.742175  0.832115  
0.751193  0.826976  
0.812491  0.845713  
0.782696  0.921265  
0.731874  0.869064  
0.623535  0.762571  
0.639428  0.753452  
0.658307  0.755758  
0.675922  0.761403  
0.696131  0.802388  
0.63408  0.839569  
0.498289  0.759835  
0.537373  0.687117  
0.565474  0.730474  
0.576375  0.769642  
0.509405  0.853622  
0.433053  0.66825  
0.433795  0.667343  
0.458434  0.652548  
0.460601  0.716529  
0.434  0.751095  
0.421324  0.736612  
0.419713  0.682439  
0.433053  0.66825  
0.421324  0.736612  
0.394946  0.719938  
0.357539  0.743381  
0.362502  0.739844  
0.394946  0.719938  
0.421324  0.736612  
0.434  0.751095  
0.409535  0.884441  
0.333309  0.836256  
0.335646  0.811659  
0.269031  0.836845  
0.333309  0.836256  
0.409535  0.884441  
0.449156  0.921564  
0.437066  1  
0.269868  1  
0.149512  0.879531  
0.144081  0.858649  
0.153661  0.83265  
0.160087  0.827914  
0.269031  0.836845  
0.269868  1  
0.249338  1  
0  0.897915  
0.0790691  0.897915  
0.0494932  0.955126  
0  0.955126  
0.984733  0.983972  
0.990786  0.973166  
1  0.973166  
1  0.996149  
0.988994  0.996149  
0.942996  0.937103  
0.945185  0.930859  
0.949113  0.932705  
0.967507  0.945664  
0.97612  0.952246  
0.990786  0.973166  
0.984733  0.983972  
0.962667  0.991415  
0.928252  0.958697  
0.942996  0.937103  
0.962667  0.991415  
0.958104  1  
0.945815  1  
0.93236  0.98556  
0.898778  0.976411  
0.912814  0.966677  
0.928252  0.958697  
0.93236  0.98556  
0.919653  0.997711  
0.908997  0.990811  
0.902203  0.985261  
0.89994  0.981237  
0.873014  0.958918  
0.896124  0.952122  
0.912814  0.966677  
0.898778  0.976411  
0.873763  0.971814  
0.873012  0.976988  
0.872879  0.972647  
0.873763  0.971814  
0.898778  0.976411  
0.89994  0.981237  
0.890617  1  
0.882318  1  
0.851139  0.939683  
0.870716  0.944092  
0.870892  0.944295  
0.873014  0.958918  
0.873763  0.971814  
0.872879  0.972647  
0.846051  0.978829  
0.844597  0.978419  
0.795033  0.938463  
0.81877  0.926596  
0.851139  0.939683  
0.844597  0.978419  
0.787641  0.969926  
0.846715  0.982522  
0.846051  0.978829  
0.872879  0.972647  
0.873012  0.976988  
0.871293  0.98404  
0.864584  0.996147  
0.860737  0.998339  
0.857124  0.997542  
0.85474  0.994365  
0.63408  0.839569  
0.696131  0.802388  
0.742175  0.832115  
0.731874  0.869064  
0.668489  0.921001  
0.660358  0.924837  
0.632323  0.918239  
0.593347  0.900244  
0.576375  0.769642  
0.623535  0.762571  
0.63408  0.839569  
0.593347  0.900244  
0.49385  0.89551  
0.509405  0.853622  
0.668489  0.921001  
0.731874  0.869064  
0.782696  0.921265  
0.789228  0.929399  
0.795033  0.938463  
0.787641  0.969926  
0.787485  0.970148  
0.434  0.751095  
0.460601  0.716529  
0.498289  0.759835  
0.509405  0.853622  
0.49385  0.89551  
0.449156  0.921564  
0.409535  0.884441  
0.663659  0.933554  
0.660358  0.924837  
0.668489  0.921001  
0.787485  0.970148  
0.778106  1  
0.725914  1  
0.449156  0.921564  
0.49385  0.89551  
0.593347  0.900244  
0.632323  0.918239  
0.61972  1  
0.437066  1  
0.0790691  0.897915  
0.144081  0.858649  
0.149512  0.879531  
0.138915  1  
0.0431355  1  
0.0411141  0.981912  
0.0494932  0.955126  
0  0.955126  
0.0494932  0.955126  
0.0411141  0.981912  
0  0.981912  
0.988994  0.996149  
1  0.996149  
1  1  
0.988994  1  
0.962667  0.991415  
0.984733  0.983972  
0.988994  0.996149  
0.988994  1  
0.958104  1  
0.93236  0.98556  
0.945815  1  
0.919653  1  
0.919653  0.997711  
0.908997  0.990811  
0.919653  0.997711  
0.919653  1  
0.908997  1  
0.902203  0.985261  
0.908997  0.990811  
0.908997  1  
0.902203  1  
0.89994  0.981237  
0.902203  0.985261  
0.902203  1  
0.890617  1  
0.871293  0.98404  
0.873012  0.976988  
0.882318  1  
0.871293  1  
0.871293  0.98404  
0.871293  1  
0.864584  1  
0.864584  0.996147  
0.860737  0.998339  
0.864584  0.996147  
0.864584  1  
0.860737  1  
0.857124  0.997542  
0.860737  0.998339  
0.860737  1  
0.857124  1  
0.85474  0.994365  
0.857124  0.997542  
0.857124  1  
0.85474  1  
0.846715  0.982522  
0.85474  0.994365  
0.85474  1  
0.846715  1  
0.787485  0.970148  
0.787641  0.969926  
0.844597  0.978419  
0.846051  0.978829  
0.846715  0.982522  
0.846715  1  
0.778106  1  
0.663659  0.933554  
0.725914  1  
0.663659  1  
0.632323  0.918239  
0.660358  0.924837  
0.663659  0.933554  
0.663659  1  
0.61972  1  
0.149512  0.879531  
0.249338  1  
0.138915  1  
0  0.981912  
0.0411141  0.981912  
0.0431355  1  
0  1  
# grid vertices 
681
Inf Inf 
0.873763 0.971814 
0.416111 0.136512 
0.960382 0.771543 
0.373369 0.303539 
0.376863 -0.117865 
0.442658 -0.00322226 
0.844597 0.978419 
0.443616 0.206692 
0.00812238 0.316345 
0.129306 0.142635 
0.370817 0.296074 
0.742175 0.832115 
0.616128 0.551396 
0.912928 0.276988 
0.776027 0.647898 
0.731874 0.869064 
0.782696 0.921265 
0.337506 0.60886 
0.777004 0.780916 
0.873014 0.958918 
0.795033 0.938463 
0.76514 0.62096 
0.456811 0.518529 
0.878818 0.833911 
0.809574 0.626785 
0.941488 0.844373 
0.814304 0.748697 
0.688403 0.242288 
0.105389 0.108214 
0.252302 0.0797641 
0.239463 0.00823943 
0.221091 0.0836579 
0.292155 0.0274354 
0.31729 0.0210701 
0.388713 0.0555058 
0.464461 0.0314044 
0.46952 0.267413 
0.356987 0.223033 
0.282106 0.331802 
0.418037 0.069897 
0.478363 0.0830381 
0.409517 0.0730493 
0.543464 0.171852 
0.101823 0.0834903 
0.308366 0.0977979 
0.357515 0.224569 
0.320328 0.144693 
0.337842 0.0349563 
0.369821 0.201035 
0.394488 0.210108 
0.129691 0.303503 
0.25447 0.199171 
0.159824 0.60836 
0.422305 0.293559 
0.0376582 0.413804 
0.29804 0.23108 
0.269031 0.836845 
0.0695006 0.789477 
0.112535 0.455109 
0.303692 0.605719 
0.252065 0.369815 
0.335256 0.667412 
0.341018 0.681608 
0.433795 0.667343 
0.177514 0.71354 
0.400511 0.292853 
0.398697 0.290626 
0.395395 0.30152 
0.506618 0.189703 
0.36594 0.268132 
0.415218 0.245573 
0.387746 0.26553 
0.420102 0.291862 
0.402548 0.259985 
0.420383 0.244141 
0.433969 0.28457 
0.557189 0.431561 
0.324011 0.407137 
0.658307 0.755758 
0.825328 0.749191 
0.884839 0.847227 
0.92455 0.753044 
0.822128 0.748724 
0.49385 0.89551 
0.419713 0.682439 
0.409535 0.884441 
0.789228 0.929399 
0.898778 0.976411 
0.879246 0.850565 
0.997251 0.843203 
0.93236 0.98556 
0.97612 0.952246 
0.95364 1.0084 
0.951393 0.786948 
0.865217 0.713861 
0.860589 0.778149 
0.879917 0.730382 
0.966781 0.837426 
0.966524 0.816774 
0.960578 0.761894 
0.968389 0.818129 
0.709095 0.669873 
0.538625 0.318192 
0.792645 0.56389 
0.86388 0.68996 
0.865103 0.687469 
0.830578 0.71801 
0.537373 0.687117 
0.429911 0.335065 
0.514138 0.508579 
0.458434 0.652548 
0.533531 0.264095 
0.682155 0.586644 
0.599691 0.642392 
0.655528 0.385521 
0.800614 0.191121 
0.588696 0.323117 
0.854969 0.411914 
1.00651 0.243554 
0.90978 0.133515 
0.764661 0.347439 
0.522903 0.115863 
0.770621 0.047641 
0.919299 0.485274 
1.0169 0.130272 
0.967461 0.135097 
0.0150658 0.016785 
-0.00696525 0.0351163 
0.130203 0.152398 
0.201053 -0.120726 
0.0677471 0.095657 
0.125021 0.137742 
0.0488187 0.0180508 
0.0710422 0.042854 
0.163009 0.113071 
0.248581 0.012521 
0.166232 0.0173752 
0.259307 0.0579014 
0.225274 0.0318924 
0.189479 -0.234526 
0.123681 -0.03043 
0.193732 0.00158098 
0.178633 0.0360271 
0.283808 -0.0105956 
0.167021 -0.466274 
0.285119 -0.0029702 
0.263805 0.0257018 
0.300446 0.0179165 
0.265629 0.0328286 
0.311869 0.0931397 
0.292836 0.0358994 
0.391556 0.0443712 
0.34741 0.0569157 
0.50007 0.0378733 
0.497602 0.130524 
0.56968 -0.0305848 
0.400473 -0.48611 
0.549019 0.0213717 
0.49977 0.171471 
0.591684 0.146351 
0.556663 0.0546087 
0.545615 0.0874138 
0.49883 0.130388 
0.640063 0.0630971 
0.709107 0.337792 
0.638734 0.109545 
0.523532 0.292214 
0.488408 0.128999 
0.420841 0.140628 
0.474483 0.197534 
0.474671 0.134081 
0.537449 0.186715 
0.4427 0.212546 
0.581951 0.159643 
0.515323 0.148651 
0.476775 0.173822 
0.421413 0.15144 
0.490014 0.179679 
0.481633 0.196219 
0.525564 0.202251 
0.727647 0.347652 
0.482318 0.196242 
0.517823 0.195869 
0.527112 0.233172 
0.67341 0.277864 
0.57586 0.159522 
0.593184 0.198111 
0.520502 0.290727 
0.625961 0.208981 
0.610399 0.249277 
0.642985 0.116119 
0.679267 0.349908 
0.624471 0.292374 
0.472689 0.198908 
0.529268 0.273578 
0.464392 0.203483 
0.529177 0.245479 
0.544208 0.437251 
0.426292 0.253469 
0.547017 0.254448 
0.583037 0.207364 
0.425908 0.29013 
0.426587 0.267652 
0.488879 0.343276 
0.526855 0.311864 
0.505567 0.286068 
0.44122 0.279877 
0.373159 0.190591 
0.387182 0.198963 
0.388515 0.220869 
0.429284 0.185232 
0.433267 0.261652 
0.484676 0.274457 
0.426291 0.238963 
0.434771 0.226832 
0.177999 0.217736 
0.314782 0.154224 
0.181434 0.292938 
0.344499 0.207268 
0.385409 0.189129 
0.348285 0.146193 
0.00628855 0.429735 
0.0686524 0.372359 
0.189435 0.308812 
0.350621 0.24685 
0.363661 0.279675 
0.319272 0.251617 
0.344031 0.51189 
0.213102 0.334593 
-0.0667436 0.27461 
0.0295061 0.354514 
0.0295287 0.401958 
0.105482 0.385664 
0.0626035 0.480434 
0.0843819 0.385663 
0.114837 0.434413 
0.19777 0.514958 
0.262804 0.389903 
0.0296638 0.457308 
0.0092002 0.418229 
0.0170745 0.406699 
0.0657704 0.417944 
0.030693 0.438835 
0.0938589 0.457361 
0.00608359 0.42703 
-0.00675656 0.444506 
0.0323537 0.463472 
-0.000154661 0.425225 
0.00148719 0.420589 
0.0360283 0.470482 
0.0758772 0.579139 
0.0862546 0.599929 
0.33496 0.667729 
0.144081 0.858649 
0.0790691 0.897915 
0.0967308 1.4796 
-0.102364 0.773996 
0.0383266 0.625458 
0.0411141 0.981912 
0.0494932 0.955126 
0.576375 0.769642 
0.149512 0.879531 
-0.00682842 0.513751 
0.0382679 0.473669 
0.153661 0.83265 
0.0387488 0.688436 
0.290442 0.600698 
0.198087 0.500619 
0.310231 0.669846 
0.176994 0.63591 
0.394946 0.719938 
0.2943 0.712472 
0.433053 0.66825 
0.357539 0.743381 
0.434 0.751095 
0.460601 0.716529 
0.335646 0.811659 
0.160087 0.827914 
0.660358 0.924837 
0.269996 1.02493 
0.421324 0.736612 
0.333309 0.836256 
0.593347 0.900244 
0.401526 1.23056 
0.639428 0.753452 
0.63408 0.839569 
0.414872 2.3289 
0.509405 0.853622 
0.449156 0.921564 
0.530892 0.651561 
0.498289 0.759835 
0.565474 0.730474 
0.5657 0.608499 
0.696131 0.802388 
0.623535 0.762571 
0.343956 0.664413 
0.46282 0.645967 
0.563776 0.50752 
0.507484 0.512909 
0.692267 0.746767 
0.56375 0.630202 
0.319795 0.668225 
0.220124 0.635695 
0.363428 0.580653 
0.409 0.593638 
0.377564 0.69045 
0.362502 0.739844 
0.384857 0.690688 
0.377639 0.701616 
0.368594 0.394265 
0.309606 0.547115 
0.434081 0.594456 
0.333342 0.540735 
0.363737 0.399533 
0.460491 0.513451 
0.435199 0.350193 
0.444304 0.465002 
0.565532 0.411029 
0.493751 0.413031 
0.63619 0.476415 
0.599803 0.55991 
0.746726 0.481103 
0.610774 0.474248 
0.713146 0.734868 
0.769917 0.719848 
0.799453 0.699365 
0.828357 0.711175 
0.828406 0.711433 
0.870588 0.756569 
0.847082 0.709454 
0.88236 0.848073 
0.854717 0.729214 
0.878945 0.729224 
0.851442 0.720818 
0.870386 0.723155 
0.773117 0.782042 
0.84005 0.742698 
0.837591 0.751419 
0.852146 0.72781 
0.88617 0.734538 
0.903382 0.727929 
0.668489 0.921001 
0.632323 0.918239 
0.751193 0.826976 
0.81877 0.926596 
0.821526 0.847498 
0.876603 0.851498 
0.812491 0.845713 
0.861943 0.787375 
0.787485 0.970148 
0.663659 0.933554 
0.870716 0.944092 
0.787641 0.969926 
0.870892 0.944295 
0.851139 0.939683 
0.764999 1.04172 
0.846051 0.978829 
0.846715 0.982522 
0.85474 0.994365 
0.872879 0.972647 
0.864584 0.996147 
0.871293 0.98404 
0.860737 0.998339 
0.857124 0.997542 
0.886042 1.00921 
0.873012 0.976988 
0.894235 0.937431 
0.89994 0.981237 
0.896124 0.952122 
0.902203 0.985261 
0.931693 0.918618 
0.919653 0.997711 
0.942996 0.937103 
0.962667 0.991415 
0.944455 0.928422 
0.881836 0.84907 
0.912814 0.966677 
0.908997 0.990811 
0.928252 0.958697 
0.945185 0.930859 
0.990786 0.973166 
0.984733 0.983972 
0.988994 0.996149 
0.981458 0.876416 
1.08887 0.925597 
0.949113 0.932705 
1.06965 0.924102 
0.967507 0.945664 
1.05218 0.925651 
0.970311 0.903648 
0.994718 0.82722 
0.991801 0.846694 
0.933628 0.848001 
0.974036 0.823065 
0.990918 0.830248 
0.999068 0.840872 
0.984774 0.848649 
0.985858 0.873521 
0.984833 0.84955 
0.861706 0.792566 
0.919983 0.749887 
0.832439 0.656659 
0.974493 0.74526 
0.948983 0.842087 
0.962902 0.813473 
0.983188 0.844598 
0.972186 0.82343 
0.985438 0.795897 
0.985686 0.801344 
0.997476 0.824543 
0.987473 0.810025 
0.913034 0.688396 
0.910064 0.656055 
0.990212 0.735533 
0.968559 0.675746 
0.861893 0.36067 
0.935247 0.639429 
0.882847 0.461405 
1.02472 0.556631 
0.900591 0.311942 
0.783095 0.559154 
0.756343 0.583944 
0.904494 0.482009 
0.738326 0.502829 
0.818934 0.510184 
0.863316 0.577807 
0.808247 0.628415 
0.795019 0.695333 
0.871669 0.604881 
0.913975 0.645144 
0.821894 0.674645 
0.886294 0.624098 
0.858808 0.697155 
0.863328 0.721368 
0.624001 0.698019 
0.760448 0.745618 
0.715584 0.671207 
0.795142 0.687699 
0.7209 0.688811 
0.774291 0.65541 
0.624929 0.675339 
0.675922 0.761403 
0.688759 0.64187 
0.72018 0.66833 
0.670174 0.685881 
0.687344 0.750042 
0.680613 0.684568 
0.695086 0.677857 
0.635825 0.475665 
0.717071 0.591306 
0.673444 0.60393 
0.629358 0.675723 
0.655988 0.390144 
0.755075 0.443489 
0.678268 0.575727 
0.725489 0.631298 
0.727835 0.424117 
0.665618 0.409659 
0.69391 0.517266 
0.776462 0.559217 
0.737861 0.383551 
0.727453 0.340264 
0.767694 0.315078 
0.761692 0.308762 
0.749037 0.364098 
0.718858 0.35572 
0.761703 0.35002 
0.727397 0.348558 
0.682255 0.293399 
0.750143 0.305419 
0.632087 0.220927 
0.75905 0.305219 
0.72485 0.352118 
0.680314 0.349796 
0.752244 0.359606 
0.719018 0.355892 
0.633201 0.0217835 
0.679087 0.249757 
0.666269 0.0255613 
0.761921 0.255305 
0.676178 0.128928 
0.698067 0.0732335 
0.709595 0.0272836 
0.676624 0.0474642 
0.730441 0.0177045 
0.683737 0.013319 
0.767195 0.0440478 
0.704225 0.0992974 
0.67684 0.131471 
0.852368 0.0245415 
0.800633 0.0255321 
0.806163 0.205833 
0.838543 0.0203771 
0.783903 0.331259 
0.730919 0.346001 
0.708777 0.174861 
0.779252 0.0572402 
0.75818 0.0354262 
0.708019 -0.147803 
0.881206 0.0979692 
0.779553 0.0799012 
0.81925 0.116063 
0.94349 0.255563 
0.977513 0.105113 
0.958185 0.124579 
1.00359 0.401285 
1.20938 0.223753 
0.905431 0.0518521 
0.917856 0.0404171 
0.967735 0.0538907 
0.996921 0.0477766 
0.928451 -0.430675 
3.08302 0.0477766 
0.928451 -2.86945 
0.852368 -1.98147 
0.838543 -1.9809 
0.800633 -1.95038 
0.770621 -1.8937 
0.767195 -1.89864 
0.75818 -1.91028 
0.708019 -2.2424 
0.56968 -1.97994 
0.400473 -2.89144 
0.31729 -1.90574 
0.283808 -1.97929 
0.167021 -2.90253 
0.0710422 -1.99825 
0.0488187 -2.05634 
0.0150658 -2.08201 
3.38486 0.223753 
-2.10902 0.0351163 
2.93098 0.401285 
-1.93836 0.095657 
2.9667 0.556631 
-1.81058 0.137742 
2.88321 0.675746 
-2.09087 0.27461 
2.94828 0.735533 
-1.88899 0.406699 
2.96816 0.795897 
-1.91752 0.420589 
3.00567 0.824543 
-1.92008 0.425225 
3.01765 0.840872 
-1.93076 0.444506 
3.01566 0.843203 
-1.85093 0.463472 
3.00773 0.846694 
-1.84309 0.470482 
2.99675 0.84955 
-1.92806 0.513751 
3.01291 0.873521 
-1.8543 0.625458 
3.22965 0.925597 
-2.17833 0.773996 
3.08673 0.973166 
-1.91438 0.897915 
3.09983 0.996149 
-2.00511 0.955126 
0.988994 3.10698 
0.95364 3.10398 
0.919653 3.06294 
0.908997 3.04391 
0.902203 3.02975 
0.886042 3.06242 
0.871293 3.0083 
0.864584 3.02606 
0.860737 3.02775 
0.857124 3.0242 
0.85474 3.01705 
0.846715 2.99091 
0.764999 3.05899 
0.663659 2.81118 
0.414872 5.57399 
0.0967308 3.95317 
-2.03854 0.981912 
1 0 
0.990083 0 
1 0.0477766 
0.918765 0 
0.852368 0 
0.838543 0 
0.800633 0 
0.770621 0 
0.767195 0 
0.75818 0 
0.728043 0 
0.685745 0 
0.606778 0 
0.557518 0 
0.444687 0 
0.346767 0 
0.31729 0 
0.287299 0 
0.267662 0 
0.237009 0 
0.117842 0 
0.0710422 0 
0.0488187 0 
0.0150658 0 
0 0 
0 0.0293208 
1 0.119478 
0.439198 0 
0.387538 0 
0.282911 0 
0.193827 0 
0.167835 0 
0.150766 0 
0 0.0407604 
0 0.095657 
1 0.244794 
1 0.398168 
1 0.131921 
1 0.225473 
1 0.119478 
0 0.137742 
1 0.404864 
1 0.5399 
1 0.404864 
1 0.225473 
0 0.233193 
0 0.311817 
1 0.579505 
1 0.675746 
0 0.406699 
1 0.735533 
0 0.420589 
1 0.795897 
0 0.424788 
0 0.42527 
1 0.824543 
0 0.436855 
0 0.446881 
1 0.840872 
0 0.463472 
1 0.843203 
0 0.470482 
1 0.846694 
0 0.507682 
1 0.84955 
0 0.51915 
0 0.625458 
1 0.873521 
0 0.71193 
1 0.909761 
1 0.929222 
0 0.783216 
0 0.897915 
1 0.946601 
1 0.973166 
1 0.937984 
0.269868 1 
0.437066 1 
0.249338 1 
0 0.955126 
1 0.996149 
0.945815 1 
0.958104 1 
0.882318 1 
0.890617 1 
0.725914 1 
0.778106 1 
0.61972 1 
0.0431355 1 
0.138915 1 
0 0.981912 
0.988994 1 
1 1 
0.919653 1 
0.908997 1 
0.902203 1 
0.871293 1 
0.864584 1 
0.860737 1 
0.857124 1 
0.85474 1 
0.846715 1 
0.663659 1 
0 1 
