# Date: 8/2/2013   Time: 8:23
# dimensions 
1 1 
# connectivity 
16
4 1 2 3 4 1 1 
4 5 6 7 8 1 1 
4 9 10 11 12 1 1 
4 13 14 15 16 1 1 
4 17 18 19 20 1 1 
4 21 22 23 24 1 1 
4 25 26 27 28 1 1 
4 29 30 31 32 1 1 
4 33 34 35 36 1 1 
4 37 38 39 40 1 1 
4 41 42 43 44 1 1 
4 45 46 47 48 1 1 
4 49 50 51 52 1 1 
4 53 54 55 56 1 1 
4 57 58 59 60 1 1 
4 61 62 63 64 1 1 
# DG vertices (counter-clockwise) 
64
 1 0 
 1 0.147978 
 0.910124 0.107028 
 0.564848 0 
 1 0.147978 
 1 0.382135 
 0.821291 0.291548 
 0.910124 0.107028 
 1 0.382135 
 1 0.6406 
 0.737626 0.854122 
 0.821291 0.291548 
 1 0.6406 
 1 1 
 0.533801 1 
 0.737626 0.854122 
 0.564848 0 
 0.910124 0.107028 
 0.373802 0.0627932 
 0.251214 0 
 0.910124 0.107028 
 0.821291 0.291548 
 0.734275 0.247439 
 0.373802 0.0627932 
 0.821291 0.291548 
 0.737626 0.854122 
 0.483019 0.582448 
 0.734275 0.247439 
 0.737626 0.854122 
 0.533801 1 
 0.169856 1 
 0.483019 0.582448 
 0.251214 0 
 0.373802 0.0627932 
 0.489285 0.191922 
 0.130772 0 
 0.373802 0.0627932 
 0.734275 0.247439 
 0.212579 0.196251 
 0.489285 0.191922 
 0.734275 0.247439 
 0.483019 0.582448 
 0.107361 0.740221 
 0.212579 0.196251 
 0.483019 0.582448 
 0.169856 1 
 0.104046 1 
 0.107361 0.740221 
 0.130772 0 
 0.489285 0.191922 
 0 0.0234234 
 0 0 
 0.489285 0.191922 
 0.212579 0.196251 
 0 0.175393 
 0 0.0234234 
 0.212579 0.196251 
 0.107361 0.740221 
 0 0.867346 
 0 0.175393 
 0.107361 0.740221 
 0.104046 1 
 0 1 
 0 0.867346 
# grid vertices (counter-clockwise) 
25
1 0 
1 0.147978 
1 0.382135 
1 0.6406 
1 1 
0.564848 0 
0.910124 0.107028 
0.821291 0.291548 
0.737626 0.854122 
0.533801 1 
0.251214 0 
0.373802 0.0627932 
0.734275 0.247439 
0.483019 0.582448 
0.169856 1 
0.130772 0 
0.489285 0.191922 
0.212579 0.196251 
0.107361 0.740221 
0.104046 1 
0 0 
0 0.0234234 
0 0.175393 
0 0.867346 
0 1 
