# Date: 8/2/2013   Time: 8:23
# dimensions 
1 1 
# connectivity 
64
4 1 2 3 4 1 1 
4 5 6 7 8 1 1 
4 9 10 11 12 1 1 
4 13 14 15 16 1 1 
4 17 18 19 20 1 1 
4 21 22 23 24 1 1 
4 25 26 27 28 1 1 
4 29 30 31 32 1 1 
4 33 34 35 36 1 1 
4 37 38 39 40 1 1 
4 41 42 43 44 1 1 
4 45 46 47 48 1 1 
4 49 50 51 52 1 1 
4 53 54 55 56 1 1 
4 57 58 59 60 1 1 
4 61 62 63 64 1 1 
4 65 66 67 68 1 1 
4 69 70 71 72 1 1 
4 73 74 75 76 1 1 
4 77 78 79 80 1 1 
4 81 82 83 84 1 1 
4 85 86 87 88 1 1 
4 89 90 91 92 1 1 
4 93 94 95 96 1 1 
4 97 98 99 100 1 1 
4 101 102 103 104 1 1 
4 105 106 107 108 1 1 
4 109 110 111 112 1 1 
4 113 114 115 116 1 1 
4 117 118 119 120 1 1 
4 121 122 123 124 1 1 
4 125 126 127 128 1 1 
4 129 130 131 132 1 1 
4 133 134 135 136 1 1 
4 137 138 139 140 1 1 
4 141 142 143 144 1 1 
4 145 146 147 148 1 1 
4 149 150 151 152 1 1 
4 153 154 155 156 1 1 
4 157 158 159 160 1 1 
4 161 162 163 164 1 1 
4 165 166 167 168 1 1 
4 169 170 171 172 1 1 
4 173 174 175 176 1 1 
4 177 178 179 180 1 1 
4 181 182 183 184 1 1 
4 185 186 187 188 1 1 
4 189 190 191 192 1 1 
4 193 194 195 196 1 1 
4 197 198 199 200 1 1 
4 201 202 203 204 1 1 
4 205 206 207 208 1 1 
4 209 210 211 212 1 1 
4 213 214 215 216 1 1 
4 217 218 219 220 1 1 
4 221 222 223 224 1 1 
4 225 226 227 228 1 1 
4 229 230 231 232 1 1 
4 233 234 235 236 1 1 
4 237 238 239 240 1 1 
4 241 242 243 244 1 1 
4 245 246 247 248 1 1 
4 249 250 251 252 1 1 
4 253 254 255 256 1 1 
# DG vertices (counter-clockwise) 
256
 1 0 
 1 0.129681 
 0.787138 0.0257456 
 0.654157 0 
 1 0.129681 
 1 0.147978 
 0.984246 0.1408 
 0.787138 0.0257456 
 1 0.147978 
 1 0.239543 
 0.909397 0.217085 
 0.984246 0.1408 
 1 0.239543 
 1 0.382135 
 0.957294 0.360487 
 0.909397 0.217085 
 1 0.382135 
 1 0.573949 
 0.845635 0.49568 
 0.957294 0.360487 
 1 0.573949 
 1 0.6406 
 0.80928 0.795809 
 0.845635 0.49568 
 1 0.6406 
 1 0.677393 
 0.842362 0.884303 
 0.80928 0.795809 
 1 0.677393 
 1 1 
 0.939198 1 
 0.842362 0.884303 
 0.654157 0 
 0.787138 0.0257456 
 0.798689 0.0724859 
 0.564848 0 
 0.787138 0.0257456 
 0.984246 0.1408 
 0.910124 0.107028 
 0.798689 0.0724859 
 0.984246 0.1408 
 0.909397 0.217085 
 0.891221 0.146292 
 0.910124 0.107028 
 0.909397 0.217085 
 0.957294 0.360487 
 0.821291 0.291548 
 0.891221 0.146292 
 0.957294 0.360487 
 0.845635 0.49568 
 0.75996 0.703946 
 0.821291 0.291548 
 0.845635 0.49568 
 0.80928 0.795809 
 0.737626 0.854122 
 0.75996 0.703946 
 0.80928 0.795809 
 0.842362 0.884303 
 0.649247 0.917375 
 0.737626 0.854122 
 0.842362 0.884303 
 0.939198 1 
 0.533801 1 
 0.649247 0.917375 
 0.564848 0 
 0.798689 0.0724859 
 0.653463 0.0775672 
 0.383933 0 
 0.798689 0.0724859 
 0.910124 0.107028 
 0.592712 0.0808486 
 0.653463 0.0775672 
 0.910124 0.107028 
 0.891221 0.146292 
 0.726767 0.228464 
 0.592712 0.0808486 
 0.891221 0.146292 
 0.821291 0.291548 
 0.801164 0.281345 
 0.726767 0.228464 
 0.821291 0.291548 
 0.75996 0.703946 
 0.562518 0.55781 
 0.801164 0.281345 
 0.75996 0.703946 
 0.737626 0.854122 
 0.521025 0.623001 
 0.562518 0.55781 
 0.737626 0.854122 
 0.649247 0.917375 
 0.530691 0.934558 
 0.521025 0.623001 
 0.649247 0.917375 
 0.533801 1 
 0.381911 1 
 0.530691 0.934558 
 0.383933 0 
 0.653463 0.0775672 
 0.28145 0.0154879 
 0.251214 0 
 0.653463 0.0775672 
 0.592712 0.0808486 
 0.373802 0.0627932 
 0.28145 0.0154879 
 0.592712 0.0808486 
 0.726767 0.228464 
 0.453205 0.103466 
 0.373802 0.0627932 
 0.726767 0.228464 
 0.801164 0.281345 
 0.734275 0.247439 
 0.453205 0.103466 
 0.801164 0.281345 
 0.562518 0.55781 
 0.548994 0.49448 
 0.734275 0.247439 
 0.562518 0.55781 
 0.521025 0.623001 
 0.483019 0.582448 
 0.548994 0.49448 
 0.521025 0.623001 
 0.530691 0.934558 
 0.435829 0.645368 
 0.483019 0.582448 
 0.530691 0.934558 
 0.381911 1 
 0.169856 1 
 0.435829 0.645368 
 0.251214 0 
 0.28145 0.0154879 
 0.272905 0.0350315 
 0.192303 0 
 0.28145 0.0154879 
 0.373802 0.0627932 
 0.391502 0.0825857 
 0.272905 0.0350315 
 0.373802 0.0627932 
 0.453205 0.103466 
 0.587296 0.226098 
 0.391502 0.0825857 
 0.453205 0.103466 
 0.734275 0.247439 
 0.601087 0.234371 
 0.587296 0.226098 
 0.734275 0.247439 
 0.548994 0.49448 
 0.481202 0.375433 
 0.601087 0.234371 
 0.548994 0.49448 
 0.483019 0.582448 
 0.160749 0.717798 
 0.481202 0.375433 
 0.483019 0.582448 
 0.435829 0.645368 
 0.225344 0.748495 
 0.160749 0.717798 
 0.435829 0.645368 
 0.169856 1 
 0.152025 1 
 0.225344 0.748495 
 0.192303 0 
 0.272905 0.0350315 
 0.309982 0.0959361 
 0.130772 0 
 0.272905 0.0350315 
 0.391502 0.0825857 
 0.489285 0.191922 
 0.309982 0.0959361 
 0.391502 0.0825857 
 0.587296 0.226098 
 0.415 0.193084 
 0.489285 0.191922 
 0.587296 0.226098 
 0.601087 0.234371 
 0.212579 0.196251 
 0.415 0.193084 
 0.601087 0.234371 
 0.481202 0.375433 
 0.174925 0.39092 
 0.212579 0.196251 
 0.481202 0.375433 
 0.160749 0.717798 
 0.107361 0.740221 
 0.174925 0.39092 
 0.160749 0.717798 
 0.225344 0.748495 
 0.1065 0.807728 
 0.107361 0.740221 
 0.225344 0.748495 
 0.152025 1 
 0.104046 1 
 0.1065 0.807728 
 0.130772 0 
 0.309982 0.0959361 
 0.114563 0.0348158 
 0.0901849 0 
 0.309982 0.0959361 
 0.489285 0.191922 
 0.261696 0.113546 
 0.114563 0.0348158 
 0.489285 0.191922 
 0.415 0.193084 
 0.0740183 0.149505 
 0.261696 0.113546 
 0.415 0.193084 
 0.212579 0.196251 
 0.0333325 0.178663 
 0.0740183 0.149505 
 0.212579 0.196251 
 0.174925 0.39092 
 0.0839033 0.451576 
 0.0333325 0.178663 
 0.174925 0.39092 
 0.107361 0.740221 
 0.0770298 0.776136 
 0.0839033 0.451576 
 0.107361 0.740221 
 0.1065 0.807728 
 0.0268096 0.95275 
 0.0770298 0.776136 
 0.1065 0.807728 
 0.104046 1 
 0.0522148 1 
 0.0268096 0.95275 
 0.0901849 0 
 0.114563 0.0348158 
 0 0.0151318 
 0 0 
 0.114563 0.0348158 
 0.261696 0.113546 
 0 0.0234234 
 0 0.0151318 
 0.261696 0.113546 
 0.0740183 0.149505 
 0 0.132156 
 0 0.0234234 
 0.0740183 0.149505 
 0.0333325 0.178663 
 0 0.175393 
 0 0.132156 
 0.0333325 0.178663 
 0.0839033 0.451576 
 0 0.792144 
 0 0.175393 
 0.0839033 0.451576 
 0.0770298 0.776136 
 0 0.867346 
 0 0.792144 
 0.0770298 0.776136 
 0.0268096 0.95275 
 0 0.940385 
 0 0.867346 
 0.0268096 0.95275 
 0.0522148 1 
 0 1 
 0 0.940385 
# grid vertices (counter-clockwise) 
81
1 0 
1 0.129681 
1 0.147978 
1 0.239543 
1 0.382135 
1 0.573949 
1 0.6406 
1 0.677393 
1 1 
0.654157 0 
0.787138 0.0257456 
0.984246 0.1408 
0.909397 0.217085 
0.957294 0.360487 
0.845635 0.49568 
0.80928 0.795809 
0.842362 0.884303 
0.939198 1 
0.564848 0 
0.798689 0.0724859 
0.910124 0.107028 
0.891221 0.146292 
0.821291 0.291548 
0.75996 0.703946 
0.737626 0.854122 
0.649247 0.917375 
0.533801 1 
0.383933 0 
0.653463 0.0775672 
0.592712 0.0808486 
0.726767 0.228464 
0.801164 0.281345 
0.562518 0.55781 
0.521025 0.623001 
0.530691 0.934558 
0.381911 1 
0.251214 0 
0.28145 0.0154879 
0.373802 0.0627932 
0.453205 0.103466 
0.734275 0.247439 
0.548994 0.49448 
0.483019 0.582448 
0.435829 0.645368 
0.169856 1 
0.192303 0 
0.272905 0.0350315 
0.391502 0.0825857 
0.587296 0.226098 
0.601087 0.234371 
0.481202 0.375433 
0.160749 0.717798 
0.225344 0.748495 
0.152025 1 
0.130772 0 
0.309982 0.0959361 
0.489285 0.191922 
0.415 0.193084 
0.212579 0.196251 
0.174925 0.39092 
0.107361 0.740221 
0.1065 0.807728 
0.104046 1 
0.0901849 0 
0.114563 0.0348158 
0.261696 0.113546 
0.0740183 0.149505 
0.0333325 0.178663 
0.0839033 0.451576 
0.0770298 0.776136 
0.0268096 0.95275 
0.0522148 1 
0 0 
0 0.0151318 
0 0.0234234 
0 0.132156 
0 0.175393 
0 0.792144 
0 0.867346 
0 0.940385 
0 1 
