0  0  0.144097222222222
0  1  -0.0329861111111111
0  2  -0.0364583333333333
0  3  -0.0329861111111111
0  0  0
0  1  0
0  2  0
0  3  0
0  4  -0
0  5  -0
0  6  -0
0  7  -0
0  0  -0
0  1  0.0208333333333333
0  2  0.0208333333333333
0  3  -0
0  4  -0.0208333333333333
0  5  0
0  6  0
0  7  -0.0208333333333333
0  0  0
0  1  0
0  2  0
0  3  0
0  12  -0
0  13  -0
0  14  -0
0  15  -0
0  0  -0
0  1  -0
0  2  0.0208333333333333
0  3  0.0208333333333333
0  12  -0.0208333333333333
0  13  -0.0208333333333333
0  14  0
0  15  0
1  0  -0.0329861111111111
1  1  0.144097222222222
1  2  -0.0329861111111111
1  3  -0.0364583333333333
1  0  0
1  1  0
1  2  0
1  3  0
1  4  -0
1  5  -0
1  6  -0
1  7  -0
1  0  0.0208333333333333
1  1  -0.0416666666666667
1  2  -0.0416666666666667
1  3  0.0208333333333333
1  4  0.0416666666666666
1  5  -0.0208333333333333
1  6  -0.0208333333333333
1  7  0.0416666666666666
1  0  0
1  1  0
1  2  0
1  3  0
1  12  -0
1  13  -0
1  14  -0
1  15  -0
1  0  -0
1  1  -0
1  2  0.0208333333333333
1  3  0.0208333333333333
1  12  -0.0208333333333333
1  13  -0.0208333333333333
1  14  0
1  15  0
2  0  -0.0364583333333333
2  1  -0.0329861111111111
2  2  0.144097222222222
2  3  -0.0329861111111111
2  0  0
2  1  0
2  2  0
2  3  0
2  4  -0
2  5  -0
2  6  -0
2  7  -0
2  0  0.0208333333333333
2  1  -0.0416666666666667
2  2  -0.0416666666666667
2  3  0.0208333333333333
2  4  0.0416666666666666
2  5  -0.0208333333333333
2  6  -0.0208333333333333
2  7  0.0416666666666666
2  0  0
2  1  0
2  2  0
2  3  0
2  12  -0
2  13  -0
2  14  -0
2  15  -0
2  0  0.0208333333333333
2  1  0.0208333333333333
2  2  -0.0416666666666667
2  3  -0.0416666666666667
2  12  0.0416666666666666
2  13  0.0416666666666666
2  14  -0.0208333333333333
2  15  -0.0208333333333333
3  0  -0.0329861111111111
3  1  -0.0364583333333333
3  2  -0.0329861111111111
3  3  0.144097222222222
3  0  0
3  1  0
3  2  0
3  3  0
3  4  -0
3  5  -0
3  6  -0
3  7  -0
3  0  -0
3  1  0.0208333333333333
3  2  0.0208333333333333
3  3  -0
3  4  -0.0208333333333333
3  5  0
3  6  0
3  7  -0.0208333333333333
3  0  0
3  1  0
3  2  0
3  3  0
3  12  -0
3  13  -0
3  14  -0
3  15  -0
3  0  0.0208333333333333
3  1  0.0208333333333333
3  2  -0.0416666666666667
3  3  -0.0416666666666667
3  12  0.0416666666666666
3  13  0.0416666666666666
3  14  -0.0208333333333333
3  15  -0.0208333333333333
4  4  0.144097222222222
4  5  -0.0329861111111109
4  6  -0.0364583333333333
4  7  -0.0329861111111113
4  0  -0
4  1  -0
4  2  -0
4  3  -0
4  4  0
4  5  0
4  6  0
4  7  0
4  4  -0.0416666666666665
4  5  0.0208333333333333
4  6  0.0208333333333333
4  7  -0.0416666666666665
4  0  -0.0208333333333333
4  1  0.0416666666666666
4  2  0.0416666666666666
4  3  -0.0208333333333333
4  4  0
4  5  0
4  6  0
4  7  0
4  8  -0
4  9  -0
4  10  -0
4  11  -0
4  4  -0
4  5  0.0208333333333333
4  6  0.0208333333333333
4  7  -0
4  8  -0.0208333333333333
4  9  0
4  10  0
4  11  -0.0208333333333333
4  4  0
4  5  0
4  6  0
4  7  0
4  16  -0
4  17  -0
4  18  -0
4  19  -0
4  4  -0
4  5  -0
4  6  0.0208333333333334
4  7  0.0208333333333334
4  16  -0.0208333333333334
4  17  -0.0208333333333334
4  18  0
4  19  0
5  4  -0.0329861111111109
5  5  0.144097222222222
5  6  -0.0329861111111114
5  7  -0.0364583333333333
5  0  -0
5  1  -0
5  2  -0
5  3  -0
5  4  0
5  5  0
5  6  0
5  7  0
5  4  0.0208333333333333
5  5  0
5  6  0
5  7  0.0208333333333333
5  0  0
5  1  -0.0208333333333333
5  2  -0.0208333333333333
5  3  0
5  4  0
5  5  0
5  6  0
5  7  0
5  8  -0
5  9  -0
5  10  -0
5  11  -0
5  4  0.0208333333333333
5  5  -0.0416666666666665
5  6  -0.0416666666666665
5  7  0.0208333333333333
5  8  0.0416666666666666
5  9  -0.0208333333333333
5  10  -0.0208333333333333
5  11  0.0416666666666666
5  4  0
5  5  0
5  6  0
5  7  0
5  16  -0
5  17  -0
5  18  -0
5  19  -0
5  4  -0
5  5  -0
5  6  0.0208333333333334
5  7  0.0208333333333334
5  16  -0.0208333333333334
5  17  -0.0208333333333334
5  18  0
5  19  0
6  4  -0.0364583333333333
6  5  -0.0329861111111114
6  6  0.144097222222222
6  7  -0.0329861111111109
6  0  -0
6  1  -0
6  2  -0
6  3  -0
6  4  0
6  5  0
6  6  0
6  7  0
6  4  0.0208333333333333
6  5  0
6  6  0
6  7  0.0208333333333333
6  0  0
6  1  -0.0208333333333333
6  2  -0.0208333333333333
6  3  0
6  4  0
6  5  0
6  6  0
6  7  0
6  8  -0
6  9  -0
6  10  -0
6  11  -0
6  4  0.0208333333333333
6  5  -0.0416666666666665
6  6  -0.0416666666666665
6  7  0.0208333333333333
6  8  0.0416666666666666
6  9  -0.0208333333333333
6  10  -0.0208333333333333
6  11  0.0416666666666666
6  4  0
6  5  0
6  6  0
6  7  0
6  16  -0
6  17  -0
6  18  -0
6  19  -0
6  4  0.0208333333333334
6  5  0.0208333333333334
6  6  -0.0416666666666668
6  7  -0.0416666666666668
6  16  0.0416666666666667
6  17  0.0416666666666667
6  18  -0.0208333333333333
6  19  -0.0208333333333333
7  4  -0.0329861111111113
7  5  -0.0364583333333333
7  6  -0.0329861111111109
7  7  0.144097222222222
7  0  -0
7  1  -0
7  2  -0
7  3  -0
7  4  0
7  5  0
7  6  0
7  7  0
7  4  -0.0416666666666665
7  5  0.0208333333333333
7  6  0.0208333333333333
7  7  -0.0416666666666665
7  0  -0.0208333333333333
7  1  0.0416666666666666
7  2  0.0416666666666666
7  3  -0.0208333333333333
7  4  0
7  5  0
7  6  0
7  7  0
7  8  -0
7  9  -0
7  10  -0
7  11  -0
7  4  -0
7  5  0.0208333333333333
7  6  0.0208333333333333
7  7  -0
7  8  -0.0208333333333333
7  9  0
7  10  0
7  11  -0.0208333333333333
7  4  0
7  5  0
7  6  0
7  7  0
7  16  -0
7  17  -0
7  18  -0
7  19  -0
7  4  0.0208333333333334
7  5  0.0208333333333334
7  6  -0.0416666666666668
7  7  -0.0416666666666668
7  16  0.0416666666666667
7  17  0.0416666666666667
7  18  -0.0208333333333333
7  19  -0.0208333333333333
8  8  0.144097222222222
8  9  -0.0329861111111111
8  10  -0.0364583333333333
8  11  -0.0329861111111111
8  4  -0
8  5  -0
8  6  -0
8  7  -0
8  8  0
8  9  0
8  10  0
8  11  0
8  8  -0.0416666666666667
8  9  0.0208333333333333
8  10  0.0208333333333333
8  11  -0.0416666666666667
8  4  -0.0208333333333333
8  5  0.0416666666666666
8  6  0.0416666666666666
8  7  -0.0208333333333333
8  8  0
8  9  0
8  10  0
8  11  0
8  20  -0
8  21  -0
8  22  -0
8  23  -0
8  8  -0
8  9  -0
8  10  0.0208333333333333
8  11  0.0208333333333333
8  20  -0.0208333333333333
8  21  -0.0208333333333333
8  22  0
8  23  0
9  8  -0.0329861111111111
9  9  0.144097222222222
9  10  -0.0329861111111111
9  11  -0.0364583333333333
9  4  -0
9  5  -0
9  6  -0
9  7  -0
9  8  0
9  9  0
9  10  0
9  11  0
9  8  0.0208333333333333
9  9  0
9  10  0
9  11  0.0208333333333333
9  4  0
9  5  -0.0208333333333333
9  6  -0.0208333333333333
9  7  0
9  8  0
9  9  0
9  10  0
9  11  0
9  20  -0
9  21  -0
9  22  -0
9  23  -0
9  8  -0
9  9  -0
9  10  0.0208333333333333
9  11  0.0208333333333333
9  20  -0.0208333333333333
9  21  -0.0208333333333333
9  22  0
9  23  0
10  8  -0.0364583333333333
10  9  -0.0329861111111111
10  10  0.144097222222222
10  11  -0.0329861111111111
10  4  -0
10  5  -0
10  6  -0
10  7  -0
10  8  0
10  9  0
10  10  0
10  11  0
10  8  0.0208333333333333
10  9  0
10  10  0
10  11  0.0208333333333333
10  4  0
10  5  -0.0208333333333333
10  6  -0.0208333333333333
10  7  0
10  8  0
10  9  0
10  10  0
10  11  0
10  20  -0
10  21  -0
10  22  -0
10  23  -0
10  8  0.0208333333333333
10  9  0.0208333333333333
10  10  -0.0416666666666667
10  11  -0.0416666666666667
10  20  0.0416666666666666
10  21  0.0416666666666666
10  22  -0.0208333333333333
10  23  -0.0208333333333333
11  8  -0.0329861111111111
11  9  -0.0364583333333333
11  10  -0.0329861111111111
11  11  0.144097222222222
11  4  -0
11  5  -0
11  6  -0
11  7  -0
11  8  0
11  9  0
11  10  0
11  11  0
11  8  -0.0416666666666667
11  9  0.0208333333333333
11  10  0.0208333333333333
11  11  -0.0416666666666667
11  4  -0.0208333333333333
11  5  0.0416666666666666
11  6  0.0416666666666666
11  7  -0.0208333333333333
11  8  0
11  9  0
11  10  0
11  11  0
11  20  -0
11  21  -0
11  22  -0
11  23  -0
11  8  0.0208333333333333
11  9  0.0208333333333333
11  10  -0.0416666666666667
11  11  -0.0416666666666667
11  20  0.0416666666666666
11  21  0.0416666666666666
11  22  -0.0208333333333333
11  23  -0.0208333333333333
12  12  0.144097222222222
12  13  -0.0329861111111113
12  14  -0.0364583333333333
12  15  -0.0329861111111108
12  0  -0
12  1  -0
12  2  -0
12  3  -0
12  12  0
12  13  0
12  14  0
12  15  0
12  12  -0.0416666666666665
12  13  -0.0416666666666665
12  14  0.0208333333333333
12  15  0.0208333333333333
12  0  -0.0208333333333333
12  1  -0.0208333333333333
12  2  0.0416666666666666
12  3  0.0416666666666666
12  12  0
12  13  0
12  14  0
12  15  0
12  16  -0
12  17  -0
12  18  -0
12  19  -0
12  12  -0
12  13  0.0208333333333334
12  14  0.0208333333333334
12  15  -0
12  16  -0.0208333333333334
12  17  0
12  18  0
12  19  -0.0208333333333334
12  12  0
12  13  0
12  14  0
12  15  0
12  24  -0
12  25  -0
12  26  -0
12  27  -0
12  12  -0
12  13  -0
12  14  0.0208333333333333
12  15  0.0208333333333333
12  24  -0.0208333333333333
12  25  -0.0208333333333333
12  26  0
12  27  0
13  12  -0.0329861111111113
13  13  0.144097222222222
13  14  -0.0329861111111109
13  15  -0.0364583333333333
13  0  -0
13  1  -0
13  2  -0
13  3  -0
13  12  0
13  13  0
13  14  0
13  15  0
13  12  -0.0416666666666665
13  13  -0.0416666666666665
13  14  0.0208333333333333
13  15  0.0208333333333333
13  0  -0.0208333333333333
13  1  -0.0208333333333333
13  2  0.0416666666666666
13  3  0.0416666666666666
13  12  0
13  13  0
13  14  0
13  15  0
13  16  -0
13  17  -0
13  18  -0
13  19  -0
13  12  0.0208333333333334
13  13  -0.0416666666666668
13  14  -0.0416666666666668
13  15  0.0208333333333334
13  16  0.0416666666666667
13  17  -0.0208333333333333
13  18  -0.0208333333333333
13  19  0.0416666666666667
13  12  0
13  13  0
13  14  0
13  15  0
13  24  -0
13  25  -0
13  26  -0
13  27  -0
13  12  -0
13  13  -0
13  14  0.0208333333333333
13  15  0.0208333333333333
13  24  -0.0208333333333333
13  25  -0.0208333333333333
13  26  0
13  27  0
14  12  -0.0364583333333333
14  13  -0.0329861111111109
14  14  0.144097222222222
14  15  -0.0329861111111113
14  0  -0
14  1  -0
14  2  -0
14  3  -0
14  12  0
14  13  0
14  14  0
14  15  0
14  12  0.0208333333333333
14  13  0.0208333333333333
14  14  0
14  15  0
14  0  0
14  1  0
14  2  -0.0208333333333333
14  3  -0.0208333333333333
14  12  0
14  13  0
14  14  0
14  15  0
14  16  -0
14  17  -0
14  18  -0
14  19  -0
14  12  0.0208333333333334
14  13  -0.0416666666666668
14  14  -0.0416666666666668
14  15  0.0208333333333334
14  16  0.0416666666666667
14  17  -0.0208333333333333
14  18  -0.0208333333333333
14  19  0.0416666666666667
14  12  0
14  13  0
14  14  0
14  15  0
14  24  -0
14  25  -0
14  26  -0
14  27  -0
14  12  0.0208333333333333
14  13  0.0208333333333333
14  14  -0.0416666666666665
14  15  -0.0416666666666665
14  24  0.0416666666666666
14  25  0.0416666666666666
14  26  -0.0208333333333333
14  27  -0.0208333333333333
15  12  -0.0329861111111108
15  13  -0.0364583333333333
15  14  -0.0329861111111114
15  15  0.144097222222222
15  0  -0
15  1  -0
15  2  -0
15  3  -0
15  12  0
15  13  0
15  14  0
15  15  0
15  12  0.0208333333333333
15  13  0.0208333333333333
15  14  0
15  15  0
15  0  0
15  1  0
15  2  -0.0208333333333333
15  3  -0.0208333333333333
15  12  0
15  13  0
15  14  0
15  15  0
15  16  -0
15  17  -0
15  18  -0
15  19  -0
15  12  -0
15  13  0.0208333333333334
15  14  0.0208333333333334
15  15  -0
15  16  -0.0208333333333334
15  17  0
15  18  0
15  19  -0.0208333333333334
15  12  0
15  13  0
15  14  0
15  15  0
15  24  -0
15  25  -0
15  26  -0
15  27  -0
15  12  0.0208333333333333
15  13  0.0208333333333333
15  14  -0.0416666666666665
15  15  -0.0416666666666665
15  24  0.0416666666666666
15  25  0.0416666666666666
15  26  -0.0208333333333333
15  27  -0.0208333333333333
16  16  0.144097222222222
16  17  -0.0329861111111111
16  18  -0.0364583333333333
16  19  -0.0329861111111111
16  4  -0
16  5  -0
16  6  -0
16  7  -0
16  16  0
16  17  0
16  18  0
16  19  0
16  16  -0.0416666666666666
16  17  -0.0416666666666667
16  18  0.0208333333333333
16  19  0.0208333333333333
16  4  -0.0208333333333334
16  5  -0.0208333333333334
16  6  0.0416666666666667
16  7  0.0416666666666667
16  12  -0
16  13  -0
16  14  -0
16  15  -0
16  16  0
16  17  0
16  18  0
16  19  0
16  16  -0.0416666666666666
16  17  0.0208333333333333
16  18  0.0208333333333333
16  19  -0.0416666666666667
16  12  -0.0208333333333334
16  13  0.0416666666666667
16  14  0.0416666666666667
16  15  -0.0208333333333334
16  16  0
16  17  0
16  18  0
16  19  0
16  20  -0
16  21  -0
16  22  -0
16  23  -0
16  16  -0
16  17  0.0208333333333333
16  18  0.0208333333333333
16  19  -0
16  20  -0.0208333333333333
16  21  0
16  22  0
16  23  -0.0208333333333333
16  16  0
16  17  0
16  18  0
16  19  0
16  28  -0
16  29  -0
16  30  -0
16  31  -0
16  16  -0
16  17  -0
16  18  0.0208333333333333
16  19  0.0208333333333333
16  28  -0.0208333333333333
16  29  -0.0208333333333333
16  30  0
16  31  0
17  16  -0.0329861111111111
17  17  0.144097222222222
17  18  -0.0329861111111111
17  19  -0.0364583333333333
17  4  -0
17  5  -0
17  6  -0
17  7  -0
17  16  0
17  17  0
17  18  0
17  19  0
17  16  -0.0416666666666667
17  17  -0.0416666666666667
17  18  0.0208333333333333
17  19  0.0208333333333333
17  4  -0.0208333333333334
17  5  -0.0208333333333334
17  6  0.0416666666666667
17  7  0.0416666666666667
17  12  -0
17  13  -0
17  14  -0
17  15  -0
17  16  0
17  17  0
17  18  0
17  19  0
17  16  0.0208333333333333
17  17  0
17  18  0
17  19  0.0208333333333333
17  12  0
17  13  -0.0208333333333333
17  14  -0.0208333333333333
17  15  0
17  16  0
17  17  0
17  18  0
17  19  0
17  20  -0
17  21  -0
17  22  -0
17  23  -0
17  16  0.0208333333333333
17  17  -0.0416666666666667
17  18  -0.0416666666666667
17  19  0.0208333333333333
17  20  0.0416666666666667
17  21  -0.0208333333333334
17  22  -0.0208333333333334
17  23  0.0416666666666667
17  16  0
17  17  0
17  18  0
17  19  0
17  28  -0
17  29  -0
17  30  -0
17  31  -0
17  16  -0
17  17  -0
17  18  0.0208333333333333
17  19  0.0208333333333333
17  28  -0.0208333333333333
17  29  -0.0208333333333333
17  30  0
17  31  0
18  16  -0.0364583333333333
18  17  -0.0329861111111111
18  18  0.144097222222222
18  19  -0.0329861111111111
18  4  -0
18  5  -0
18  6  -0
18  7  -0
18  16  0
18  17  0
18  18  0
18  19  0
18  16  0.0208333333333333
18  17  0.0208333333333333
18  18  0
18  19  0
18  4  0
18  5  0
18  6  -0.0208333333333333
18  7  -0.0208333333333333
18  12  -0
18  13  -0
18  14  -0
18  15  -0
18  16  0
18  17  0
18  18  0
18  19  0
18  16  0.0208333333333333
18  17  0
18  18  0
18  19  0.0208333333333333
18  12  0
18  13  -0.0208333333333333
18  14  -0.0208333333333333
18  15  0
18  16  0
18  17  0
18  18  0
18  19  0
18  20  -0
18  21  -0
18  22  -0
18  23  -0
18  16  0.0208333333333333
18  17  -0.0416666666666667
18  18  -0.0416666666666667
18  19  0.0208333333333333
18  20  0.0416666666666667
18  21  -0.0208333333333334
18  22  -0.0208333333333334
18  23  0.0416666666666667
18  16  0
18  17  0
18  18  0
18  19  0
18  28  -0
18  29  -0
18  30  -0
18  31  -0
18  16  0.0208333333333333
18  17  0.0208333333333333
18  18  -0.0416666666666667
18  19  -0.0416666666666667
18  28  0.0416666666666667
18  29  0.0416666666666667
18  30  -0.0208333333333334
18  31  -0.0208333333333334
19  16  -0.0329861111111111
19  17  -0.0364583333333333
19  18  -0.0329861111111111
19  19  0.144097222222222
19  4  -0
19  5  -0
19  6  -0
19  7  -0
19  16  0
19  17  0
19  18  0
19  19  0
19  16  0.0208333333333333
19  17  0.0208333333333333
19  18  0
19  19  0
19  4  0
19  5  0
19  6  -0.0208333333333333
19  7  -0.0208333333333333
19  12  -0
19  13  -0
19  14  -0
19  15  -0
19  16  0
19  17  0
19  18  0
19  19  0
19  16  -0.0416666666666667
19  17  0.0208333333333333
19  18  0.0208333333333333
19  19  -0.0416666666666667
19  12  -0.0208333333333334
19  13  0.0416666666666667
19  14  0.0416666666666667
19  15  -0.0208333333333334
19  16  0
19  17  0
19  18  0
19  19  0
19  20  -0
19  21  -0
19  22  -0
19  23  -0
19  16  -0
19  17  0.0208333333333333
19  18  0.0208333333333333
19  19  -0
19  20  -0.0208333333333333
19  21  0
19  22  0
19  23  -0.0208333333333333
19  16  0
19  17  0
19  18  0
19  19  0
19  28  -0
19  29  -0
19  30  -0
19  31  -0
19  16  0.0208333333333333
19  17  0.0208333333333333
19  18  -0.0416666666666667
19  19  -0.0416666666666667
19  28  0.0416666666666667
19  29  0.0416666666666667
19  30  -0.0208333333333334
19  31  -0.0208333333333334
20  20  0.144097222222222
20  21  -0.0329861111111113
20  22  -0.0364583333333333
20  23  -0.0329861111111109
20  8  -0
20  9  -0
20  10  -0
20  11  -0
20  20  0
20  21  0
20  22  0
20  23  0
20  20  -0.0416666666666665
20  21  -0.0416666666666665
20  22  0.0208333333333333
20  23  0.0208333333333333
20  8  -0.0208333333333333
20  9  -0.0208333333333333
20  10  0.0416666666666666
20  11  0.0416666666666666
20  16  -0
20  17  -0
20  18  -0
20  19  -0
20  20  0
20  21  0
20  22  0
20  23  0
20  20  -0.0416666666666668
20  21  0.0208333333333334
20  22  0.0208333333333334
20  23  -0.0416666666666668
20  16  -0.0208333333333333
20  17  0.0416666666666667
20  18  0.0416666666666667
20  19  -0.0208333333333333
20  20  0
20  21  0
20  22  0
20  23  0
20  32  -0
20  33  -0
20  34  -0
20  35  -0
20  20  -0
20  21  -0
20  22  0.0208333333333333
20  23  0.0208333333333333
20  32  -0.0208333333333333
20  33  -0.0208333333333333
20  34  0
20  35  0
21  20  -0.0329861111111113
21  21  0.144097222222222
21  22  -0.0329861111111109
21  23  -0.0364583333333333
21  8  -0
21  9  -0
21  10  -0
21  11  -0
21  20  0
21  21  0
21  22  0
21  23  0
21  20  -0.0416666666666665
21  21  -0.0416666666666665
21  22  0.0208333333333333
21  23  0.0208333333333333
21  8  -0.0208333333333333
21  9  -0.0208333333333333
21  10  0.0416666666666666
21  11  0.0416666666666666
21  16  -0
21  17  -0
21  18  -0
21  19  -0
21  20  0
21  21  0
21  22  0
21  23  0
21  20  0.0208333333333334
21  21  0
21  22  0
21  23  0.0208333333333334
21  16  0
21  17  -0.0208333333333334
21  18  -0.0208333333333334
21  19  0
21  20  0
21  21  0
21  22  0
21  23  0
21  32  -0
21  33  -0
21  34  -0
21  35  -0
21  20  -0
21  21  -0
21  22  0.0208333333333333
21  23  0.0208333333333333
21  32  -0.0208333333333333
21  33  -0.0208333333333333
21  34  0
21  35  0
22  20  -0.0364583333333333
22  21  -0.0329861111111109
22  22  0.144097222222222
22  23  -0.0329861111111113
22  8  -0
22  9  -0
22  10  -0
22  11  -0
22  20  0
22  21  0
22  22  0
22  23  0
22  20  0.0208333333333333
22  21  0.0208333333333333
22  22  0
22  23  0
22  8  0
22  9  0
22  10  -0.0208333333333333
22  11  -0.0208333333333333
22  16  -0
22  17  -0
22  18  -0
22  19  -0
22  20  0
22  21  0
22  22  0
22  23  0
22  20  0.0208333333333334
22  21  0
22  22  0
22  23  0.0208333333333334
22  16  0
22  17  -0.0208333333333334
22  18  -0.0208333333333334
22  19  0
22  20  0
22  21  0
22  22  0
22  23  0
22  32  -0
22  33  -0
22  34  -0
22  35  -0
22  20  0.0208333333333333
22  21  0.0208333333333333
22  22  -0.0416666666666666
22  23  -0.0416666666666666
22  32  0.0416666666666666
22  33  0.0416666666666666
22  34  -0.0208333333333333
22  35  -0.0208333333333333
23  20  -0.0329861111111109
23  21  -0.0364583333333333
23  22  -0.0329861111111113
23  23  0.144097222222222
23  8  -0
23  9  -0
23  10  -0
23  11  -0
23  20  0
23  21  0
23  22  0
23  23  0
23  20  0.0208333333333333
23  21  0.0208333333333333
23  22  0
23  23  0
23  8  0
23  9  0
23  10  -0.0208333333333333
23  11  -0.0208333333333333
23  16  -0
23  17  -0
23  18  -0
23  19  -0
23  20  0
23  21  0
23  22  0
23  23  0
23  20  -0.0416666666666668
23  21  0.0208333333333334
23  22  0.0208333333333334
23  23  -0.0416666666666668
23  16  -0.0208333333333333
23  17  0.0416666666666667
23  18  0.0416666666666667
23  19  -0.0208333333333333
23  20  0
23  21  0
23  22  0
23  23  0
23  32  -0
23  33  -0
23  34  -0
23  35  -0
23  20  0.0208333333333333
23  21  0.0208333333333333
23  22  -0.0416666666666666
23  23  -0.0416666666666666
23  32  0.0416666666666666
23  33  0.0416666666666666
23  34  -0.0208333333333333
23  35  -0.0208333333333333
24  24  0.144097222222222
24  25  -0.0329861111111111
24  26  -0.0364583333333333
24  27  -0.0329861111111111
24  12  -0
24  13  -0
24  14  -0
24  15  -0
24  24  0
24  25  0
24  26  0
24  27  0
24  24  -0.0416666666666667
24  25  -0.0416666666666667
24  26  0.0208333333333333
24  27  0.0208333333333333
24  12  -0.0208333333333333
24  13  -0.0208333333333333
24  14  0.0416666666666666
24  15  0.0416666666666666
24  24  0
24  25  0
24  26  0
24  27  0
24  28  -0
24  29  -0
24  30  -0
24  31  -0
24  24  -0
24  25  0.0208333333333333
24  26  0.0208333333333333
24  27  -0
24  28  -0.0208333333333333
24  29  0
24  30  0
24  31  -0.0208333333333333
25  24  -0.0329861111111111
25  25  0.144097222222222
25  26  -0.0329861111111111
25  27  -0.0364583333333333
25  12  -0
25  13  -0
25  14  -0
25  15  -0
25  24  0
25  25  0
25  26  0
25  27  0
25  24  -0.0416666666666667
25  25  -0.0416666666666667
25  26  0.0208333333333333
25  27  0.0208333333333333
25  12  -0.0208333333333333
25  13  -0.0208333333333333
25  14  0.0416666666666666
25  15  0.0416666666666666
25  24  0
25  25  0
25  26  0
25  27  0
25  28  -0
25  29  -0
25  30  -0
25  31  -0
25  24  0.0208333333333333
25  25  -0.0416666666666667
25  26  -0.0416666666666667
25  27  0.0208333333333333
25  28  0.0416666666666666
25  29  -0.0208333333333333
25  30  -0.0208333333333333
25  31  0.0416666666666666
26  24  -0.0364583333333333
26  25  -0.0329861111111111
26  26  0.144097222222222
26  27  -0.0329861111111111
26  12  -0
26  13  -0
26  14  -0
26  15  -0
26  24  0
26  25  0
26  26  0
26  27  0
26  24  0.0208333333333333
26  25  0.0208333333333333
26  26  0
26  27  0
26  12  0
26  13  0
26  14  -0.0208333333333333
26  15  -0.0208333333333333
26  24  0
26  25  0
26  26  0
26  27  0
26  28  -0
26  29  -0
26  30  -0
26  31  -0
26  24  0.0208333333333333
26  25  -0.0416666666666667
26  26  -0.0416666666666667
26  27  0.0208333333333333
26  28  0.0416666666666666
26  29  -0.0208333333333333
26  30  -0.0208333333333333
26  31  0.0416666666666666
27  24  -0.0329861111111111
27  25  -0.0364583333333333
27  26  -0.0329861111111111
27  27  0.144097222222222
27  12  -0
27  13  -0
27  14  -0
27  15  -0
27  24  0
27  25  0
27  26  0
27  27  0
27  24  0.0208333333333333
27  25  0.0208333333333333
27  26  0
27  27  0
27  12  0
27  13  0
27  14  -0.0208333333333333
27  15  -0.0208333333333333
27  24  0
27  25  0
27  26  0
27  27  0
27  28  -0
27  29  -0
27  30  -0
27  31  -0
27  24  -0
27  25  0.0208333333333333
27  26  0.0208333333333333
27  27  -0
27  28  -0.0208333333333333
27  29  0
27  30  0
27  31  -0.0208333333333333
28  28  0.144097222222222
28  29  -0.0329861111111109
28  30  -0.0364583333333333
28  31  -0.0329861111111113
28  16  -0
28  17  -0
28  18  -0
28  19  -0
28  28  0
28  29  0
28  30  0
28  31  0
28  28  -0.0416666666666668
28  29  -0.0416666666666668
28  30  0.0208333333333334
28  31  0.0208333333333334
28  16  -0.0208333333333333
28  17  -0.0208333333333333
28  18  0.0416666666666667
28  19  0.0416666666666667
28  24  -0
28  25  -0
28  26  -0
28  27  -0
28  28  0
28  29  0
28  30  0
28  31  0
28  28  -0.0416666666666665
28  29  0.0208333333333333
28  30  0.0208333333333333
28  31  -0.0416666666666665
28  24  -0.0208333333333333
28  25  0.0416666666666666
28  26  0.0416666666666666
28  27  -0.0208333333333333
28  28  0
28  29  0
28  30  0
28  31  0
28  32  -0
28  33  -0
28  34  -0
28  35  -0
28  28  -0
28  29  0.0208333333333333
28  30  0.0208333333333333
28  31  -0
28  32  -0.0208333333333333
28  33  0
28  34  0
28  35  -0.0208333333333333
29  28  -0.0329861111111109
29  29  0.144097222222222
29  30  -0.0329861111111113
29  31  -0.0364583333333333
29  16  -0
29  17  -0
29  18  -0
29  19  -0
29  28  0
29  29  0
29  30  0
29  31  0
29  28  -0.0416666666666668
29  29  -0.0416666666666668
29  30  0.0208333333333334
29  31  0.0208333333333334
29  16  -0.0208333333333333
29  17  -0.0208333333333333
29  18  0.0416666666666667
29  19  0.0416666666666667
29  24  -0
29  25  -0
29  26  -0
29  27  -0
29  28  0
29  29  0
29  30  0
29  31  0
29  28  0.0208333333333333
29  29  0
29  30  0
29  31  0.0208333333333333
29  24  0
29  25  -0.0208333333333333
29  26  -0.0208333333333333
29  27  0
29  28  0
29  29  0
29  30  0
29  31  0
29  32  -0
29  33  -0
29  34  -0
29  35  -0
29  28  0.0208333333333333
29  29  -0.0416666666666666
29  30  -0.0416666666666666
29  31  0.0208333333333333
29  32  0.0416666666666666
29  33  -0.0208333333333333
29  34  -0.0208333333333333
29  35  0.0416666666666666
30  28  -0.0364583333333333
30  29  -0.0329861111111113
30  30  0.144097222222222
30  31  -0.0329861111111109
30  16  -0
30  17  -0
30  18  -0
30  19  -0
30  28  0
30  29  0
30  30  0
30  31  0
30  28  0.0208333333333334
30  29  0.0208333333333334
30  30  0
30  31  0
30  16  0
30  17  0
30  18  -0.0208333333333334
30  19  -0.0208333333333334
30  24  -0
30  25  -0
30  26  -0
30  27  -0
30  28  0
30  29  0
30  30  0
30  31  0
30  28  0.0208333333333333
30  29  0
30  30  0
30  31  0.0208333333333333
30  24  0
30  25  -0.0208333333333333
30  26  -0.0208333333333333
30  27  0
30  28  0
30  29  0
30  30  0
30  31  0
30  32  -0
30  33  -0
30  34  -0
30  35  -0
30  28  0.0208333333333333
30  29  -0.0416666666666666
30  30  -0.0416666666666666
30  31  0.0208333333333333
30  32  0.0416666666666666
30  33  -0.0208333333333333
30  34  -0.0208333333333333
30  35  0.0416666666666666
31  28  -0.0329861111111113
31  29  -0.0364583333333333
31  30  -0.0329861111111109
31  31  0.144097222222222
31  16  -0
31  17  -0
31  18  -0
31  19  -0
31  28  0
31  29  0
31  30  0
31  31  0
31  28  0.0208333333333334
31  29  0.0208333333333334
31  30  0
31  31  0
31  16  0
31  17  0
31  18  -0.0208333333333334
31  19  -0.0208333333333334
31  24  -0
31  25  -0
31  26  -0
31  27  -0
31  28  0
31  29  0
31  30  0
31  31  0
31  28  -0.0416666666666665
31  29  0.0208333333333333
31  30  0.0208333333333333
31  31  -0.0416666666666665
31  24  -0.0208333333333333
31  25  0.0416666666666666
31  26  0.0416666666666666
31  27  -0.0208333333333333
31  28  0
31  29  0
31  30  0
31  31  0
31  32  -0
31  33  -0
31  34  -0
31  35  -0
31  28  -0
31  29  0.0208333333333333
31  30  0.0208333333333333
31  31  -0
31  32  -0.0208333333333333
31  33  0
31  34  0
31  35  -0.0208333333333333
32  32  0.144097222222222
32  33  -0.0329861111111111
32  34  -0.0364583333333333
32  35  -0.0329861111111111
32  20  -0
32  21  -0
32  22  -0
32  23  -0
32  32  0
32  33  0
32  34  0
32  35  0
32  32  -0.0416666666666667
32  33  -0.0416666666666667
32  34  0.0208333333333333
32  35  0.0208333333333333
32  20  -0.0208333333333333
32  21  -0.0208333333333333
32  22  0.0416666666666666
32  23  0.0416666666666666
32  28  -0
32  29  -0
32  30  -0
32  31  -0
32  32  0
32  33  0
32  34  0
32  35  0
32  32  -0.0416666666666667
32  33  0.0208333333333333
32  34  0.0208333333333333
32  35  -0.0416666666666667
32  28  -0.0208333333333333
32  29  0.0416666666666666
32  30  0.0416666666666666
32  31  -0.0208333333333333
33  32  -0.0329861111111111
33  33  0.144097222222222
33  34  -0.0329861111111111
33  35  -0.0364583333333333
33  20  -0
33  21  -0
33  22  -0
33  23  -0
33  32  0
33  33  0
33  34  0
33  35  0
33  32  -0.0416666666666667
33  33  -0.0416666666666667
33  34  0.0208333333333333
33  35  0.0208333333333333
33  20  -0.0208333333333333
33  21  -0.0208333333333333
33  22  0.0416666666666666
33  23  0.0416666666666666
33  28  -0
33  29  -0
33  30  -0
33  31  -0
33  32  0
33  33  0
33  34  0
33  35  0
33  32  0.0208333333333333
33  33  0
33  34  0
33  35  0.0208333333333333
33  28  0
33  29  -0.0208333333333333
33  30  -0.0208333333333333
33  31  0
34  32  -0.0364583333333333
34  33  -0.0329861111111111
34  34  0.144097222222222
34  35  -0.0329861111111111
34  20  -0
34  21  -0
34  22  -0
34  23  -0
34  32  0
34  33  0
34  34  0
34  35  0
34  32  0.0208333333333333
34  33  0.0208333333333333
34  34  0
34  35  0
34  20  0
34  21  0
34  22  -0.0208333333333333
34  23  -0.0208333333333333
34  28  -0
34  29  -0
34  30  -0
34  31  -0
34  32  0
34  33  0
34  34  0
34  35  0
34  32  0.0208333333333333
34  33  0
34  34  0
34  35  0.0208333333333333
34  28  0
34  29  -0.0208333333333333
34  30  -0.0208333333333333
34  31  0
35  32  -0.0329861111111111
35  33  -0.0364583333333333
35  34  -0.0329861111111111
35  35  0.144097222222222
35  20  -0
35  21  -0
35  22  -0
35  23  -0
35  32  0
35  33  0
35  34  0
35  35  0
35  32  0.0208333333333333
35  33  0.0208333333333333
35  34  0
35  35  0
35  20  0
35  21  0
35  22  -0.0208333333333333
35  23  -0.0208333333333333
35  28  -0
35  29  -0
35  30  -0
35  31  -0
35  32  0
35  33  0
35  34  0
35  35  0
35  32  -0.0416666666666667
35  33  0.0208333333333333
35  34  0.0208333333333333
35  35  -0.0416666666666667
35  28  -0.0208333333333333
35  29  0.0416666666666666
35  30  0.0416666666666666
35  31  -0.0208333333333333
