0  0  0.144097222222222
0  1  -0.0329861111111111
0  2  -0.0364583333333333
0  3  -0.0329861111111111
1  0  -0.0329861111111111
1  1  0.144097222222222
1  2  -0.0329861111111111
1  3  -0.0364583333333333
2  0  -0.0364583333333333
2  1  -0.0329861111111111
2  2  0.144097222222222
2  3  -0.0329861111111111
3  0  -0.0329861111111111
3  1  -0.0364583333333333
3  2  -0.0329861111111111
3  3  0.144097222222222
4  4  0.144097222222222
4  5  -0.0329861111111109
4  6  -0.0364583333333333
4  7  -0.0329861111111113
5  4  -0.0329861111111109
5  5  0.144097222222222
5  6  -0.0329861111111114
5  7  -0.0364583333333333
6  4  -0.0364583333333333
6  5  -0.0329861111111114
6  6  0.144097222222222
6  7  -0.0329861111111109
7  4  -0.0329861111111113
7  5  -0.0364583333333333
7  6  -0.0329861111111109
7  7  0.144097222222222
8  8  0.144097222222222
8  9  -0.0329861111111111
8  10  -0.0364583333333333
8  11  -0.0329861111111111
9  8  -0.0329861111111111
9  9  0.144097222222222
9  10  -0.0329861111111111
9  11  -0.0364583333333333
10  8  -0.0364583333333333
10  9  -0.0329861111111111
10  10  0.144097222222222
10  11  -0.0329861111111111
11  8  -0.0329861111111111
11  9  -0.0364583333333333
11  10  -0.0329861111111111
11  11  0.144097222222222
12  12  0.144097222222222
12  13  -0.0329861111111113
12  14  -0.0364583333333333
12  15  -0.0329861111111108
13  12  -0.0329861111111113
13  13  0.144097222222222
13  14  -0.0329861111111109
13  15  -0.0364583333333333
14  12  -0.0364583333333333
14  13  -0.0329861111111109
14  14  0.144097222222222
14  15  -0.0329861111111113
15  12  -0.0329861111111108
15  13  -0.0364583333333333
15  14  -0.0329861111111114
15  15  0.144097222222222
16  16  0.144097222222222
16  17  -0.0329861111111111
16  18  -0.0364583333333333
16  19  -0.0329861111111111
17  16  -0.0329861111111111
17  17  0.144097222222222
17  18  -0.0329861111111111
17  19  -0.0364583333333333
18  16  -0.0364583333333333
18  17  -0.0329861111111111
18  18  0.144097222222222
18  19  -0.0329861111111111
19  16  -0.0329861111111111
19  17  -0.0364583333333333
19  18  -0.0329861111111111
19  19  0.144097222222222
20  20  0.144097222222222
20  21  -0.0329861111111113
20  22  -0.0364583333333333
20  23  -0.0329861111111109
21  20  -0.0329861111111113
21  21  0.144097222222222
21  22  -0.0329861111111109
21  23  -0.0364583333333333
22  20  -0.0364583333333333
22  21  -0.0329861111111109
22  22  0.144097222222222
22  23  -0.0329861111111113
23  20  -0.0329861111111109
23  21  -0.0364583333333333
23  22  -0.0329861111111113
23  23  0.144097222222222
24  24  0.144097222222222
24  25  -0.0329861111111111
24  26  -0.0364583333333333
24  27  -0.0329861111111111
25  24  -0.0329861111111111
25  25  0.144097222222222
25  26  -0.0329861111111111
25  27  -0.0364583333333333
26  24  -0.0364583333333333
26  25  -0.0329861111111111
26  26  0.144097222222222
26  27  -0.0329861111111111
27  24  -0.0329861111111111
27  25  -0.0364583333333333
27  26  -0.0329861111111111
27  27  0.144097222222222
28  28  0.144097222222222
28  29  -0.0329861111111109
28  30  -0.0364583333333333
28  31  -0.0329861111111113
29  28  -0.0329861111111109
29  29  0.144097222222222
29  30  -0.0329861111111113
29  31  -0.0364583333333333
30  28  -0.0364583333333333
30  29  -0.0329861111111113
30  30  0.144097222222222
30  31  -0.0329861111111109
31  28  -0.0329861111111113
31  29  -0.0364583333333333
31  30  -0.0329861111111109
31  31  0.144097222222222
32  32  0.144097222222222
32  33  -0.0329861111111111
32  34  -0.0364583333333333
32  35  -0.0329861111111111
33  32  -0.0329861111111111
33  33  0.144097222222222
33  34  -0.0329861111111111
33  35  -0.0364583333333333
34  32  -0.0364583333333333
34  33  -0.0329861111111111
34  34  0.144097222222222
34  35  -0.0329861111111111
35  32  -0.0329861111111111
35  33  -0.0364583333333333
35  34  -0.0329861111111111
35  35  0.144097222222222
