# Date: 8/1/2013   Time: 17:17
# dimensions 
1 1 
# connectivity 
289
5  1  2  3  4  5    1 1 
4  6  7  8  9    1 1 
4  10  11  12  13    1 1 
5  14  15  16  17  18    1 1 
4  19  20  21  22    1 1 
5  23  24  25  26  27    1 1 
4  28  29  30  31    1 1 
5  32  33  34  35  36    1 1 
5  37  38  39  40  41    1 1 
5  42  43  44  45  46    1 1 
5  47  48  49  50  51    1 1 
4  52  53  54  55    1 1 
5  56  57  58  59  60    1 1 
5  61  62  63  64  65    1 1 
4  66  67  68  69    1 1 
5  70  71  72  73  74    1 1 
4  75  76  77  78    1 1 
4  79  80  81  82    1 1 
6  83  84  85  86  87  88    1 1 
6  89  90  91  92  93  94    1 1 
5  95  96  97  98  99    1 1 
7  100  101  102  103  104  105  106    1 1 
7  107  108  109  110  111  112  113    1 1 
6  114  115  116  117  118  119    1 1 
6  120  121  122  123  124  125    1 1 
8  126  127  128  129  130  131  132  133    1 1 
6  134  135  136  137  138  139    1 1 
6  140  141  142  143  144  145    1 1 
6  146  147  148  149  150  151    1 1 
5  152  153  154  155  156    1 1 
8  157  158  159  160  161  162  163  164    1 1 
5  165  166  167  168  169    1 1 
6  170  171  172  173  174  175    1 1 
4  176  177  178  179    1 1 
4  180  181  182  183    1 1 
6  184  185  186  187  188  189    1 1 
6  190  191  192  193  194  195    1 1 
8  196  197  198  199  200  201  202  203    1 1 
7  204  205  206  207  208  209  210    1 1 
8  211  212  213  214  215  216  217  218    1 1 
4  219  220  221  222    1 1 
6  223  224  225  226  227  228    1 1 
7  229  230  231  232  233  234  235    1 1 
7  236  237  238  239  240  241  242    1 1 
5  243  244  245  246  247    1 1 
7  248  249  250  251  252  253  254    1 1 
5  255  256  257  258  259    1 1 
5  260  261  262  263  264    1 1 
5  265  266  267  268  269    1 1 
5  270  271  272  273  274    1 1 
7  275  276  277  278  279  280  281    1 1 
5  282  283  284  285  286    1 1 
7  287  288  289  290  291  292  293    1 1 
6  294  295  296  297  298  299    1 1 
7  300  301  302  303  304  305  306    1 1 
6  307  308  309  310  311  312    1 1 
4  313  314  315  316    1 1 
7  317  318  319  320  321  322  323    1 1 
5  324  325  326  327  328    1 1 
4  329  330  331  332    1 1 
6  333  334  335  336  337  338    1 1 
5  339  340  341  342  343    1 1 
6  344  345  346  347  348  349    1 1 
5  350  351  352  353  354    1 1 
8  355  356  357  358  359  360  361  362    1 1 
6  363  364  365  366  367  368    1 1 
7  369  370  371  372  373  374  375    1 1 
5  376  377  378  379  380    1 1 
5  381  382  383  384  385    1 1 
5  386  387  388  389  390    1 1 
6  391  392  393  394  395  396    1 1 
7  397  398  399  400  401  402  403    1 1 
5  404  405  406  407  408    1 1 
6  409  410  411  412  413  414    1 1 
4  415  416  417  418    1 1 
7  419  420  421  422  423  424  425    1 1 
7  426  427  428  429  430  431  432    1 1 
5  433  434  435  436  437    1 1 
8  438  439  440  441  442  443  444  445    1 1 
7  446  447  448  449  450  451  452    1 1 
6  453  454  455  456  457  458    1 1 
7  459  460  461  462  463  464  465    1 1 
4  466  467  468  469    1 1 
6  470  471  472  473  474  475    1 1 
3  476  477  478    1 1 
5  479  480  481  482  483    1 1 
5  484  485  486  487  488    1 1 
4  489  490  491  492    1 1 
4  493  494  495  496    1 1 
6  497  498  499  500  501  502    1 1 
8  503  504  505  506  507  508  509  510    1 1 
6  511  512  513  514  515  516    1 1 
6  517  518  519  520  521  522    1 1 
5  523  524  525  526  527    1 1 
5  528  529  530  531  532    1 1 
5  533  534  535  536  537    1 1 
6  538  539  540  541  542  543    1 1 
5  544  545  546  547  548    1 1 
7  549  550  551  552  553  554  555    1 1 
4  556  557  558  559    1 1 
8  560  561  562  563  564  565  566  567    1 1 
6  568  569  570  571  572  573    1 1 
6  574  575  576  577  578  579    1 1 
7  580  581  582  583  584  585  586    1 1 
6  587  588  589  590  591  592    1 1 
5  593  594  595  596  597    1 1 
5  598  599  600  601  602    1 1 
6  603  604  605  606  607  608    1 1 
5  609  610  611  612  613    1 1 
4  614  615  616  617    1 1 
7  618  619  620  621  622  623  624    1 1 
7  625  626  627  628  629  630  631    1 1 
6  632  633  634  635  636  637    1 1 
6  638  639  640  641  642  643    1 1 
5  644  645  646  647  648    1 1 
5  649  650  651  652  653    1 1 
8  654  655  656  657  658  659  660  661    1 1 
6  662  663  664  665  666  667    1 1 
4  668  669  670  671    1 1 
4  672  673  674  675    1 1 
7  676  677  678  679  680  681  682    1 1 
7  683  684  685  686  687  688  689    1 1 
5  690  691  692  693  694    1 1 
5  695  696  697  698  699    1 1 
8  700  701  702  703  704  705  706  707    1 1 
6  708  709  710  711  712  713    1 1 
8  714  715  716  717  718  719  720  721    1 1 
6  722  723  724  725  726  727    1 1 
6  728  729  730  731  732  733    1 1 
8  734  735  736  737  738  739  740  741    1 1 
6  742  743  744  745  746  747    1 1 
8  748  749  750  751  752  753  754  755    1 1 
4  756  757  758  759    1 1 
6  760  761  762  763  764  765    1 1 
5  766  767  768  769  770    1 1 
7  771  772  773  774  775  776  777    1 1 
5  778  779  780  781  782    1 1 
6  783  784  785  786  787  788    1 1 
5  789  790  791  792  793    1 1 
7  794  795  796  797  798  799  800    1 1 
4  801  802  803  804    1 1 
6  805  806  807  808  809  810    1 1 
6  811  812  813  814  815  816    1 1 
6  817  818  819  820  821  822    1 1 
5  823  824  825  826  827    1 1 
9  828  829  830  831  832  833  834  835  836    1 1 
4  837  838  839  840    1 1 
7  841  842  843  844  845  846  847    1 1 
6  848  849  850  851  852  853    1 1 
7  854  855  856  857  858  859  860    1 1 
4  861  862  863  864    1 1 
7  865  866  867  868  869  870  871    1 1 
4  872  873  874  875    1 1 
6  876  877  878  879  880  881    1 1 
5  882  883  884  885  886    1 1 
8  887  888  889  890  891  892  893  894    1 1 
9  895  896  897  898  899  900  901  902  903    1 1 
5  904  905  906  907  908    1 1 
5  909  910  911  912  913    1 1 
7  914  915  916  917  918  919  920    1 1 
7  921  922  923  924  925  926  927    1 1 
6  928  929  930  931  932  933    1 1 
6  934  935  936  937  938  939    1 1 
6  940  941  942  943  944  945    1 1 
8  946  947  948  949  950  951  952  953    1 1 
8  954  955  956  957  958  959  960  961    1 1 
5  962  963  964  965  966    1 1 
6  967  968  969  970  971  972    1 1 
5  973  974  975  976  977    1 1 
5  978  979  980  981  982    1 1 
4  983  984  985  986    1 1 
5  987  988  989  990  991    1 1 
5  992  993  994  995  996    1 1 
8  997  998  999  1000  1001  1002  1003  1004    1 1 
6  1005  1006  1007  1008  1009  1010    1 1 
4  1011  1012  1013  1014    1 1 
6  1015  1016  1017  1018  1019  1020    1 1 
5  1021  1022  1023  1024  1025    1 1 
8  1026  1027  1028  1029  1030  1031  1032  1033    1 1 
5  1034  1035  1036  1037  1038    1 1 
5  1039  1040  1041  1042  1043    1 1 
5  1044  1045  1046  1047  1048    1 1 
4  1049  1050  1051  1052    1 1 
6  1053  1054  1055  1056  1057  1058    1 1 
6  1059  1060  1061  1062  1063  1064    1 1 
8  1065  1066  1067  1068  1069  1070  1071  1072    1 1 
5  1073  1074  1075  1076  1077    1 1 
5  1078  1079  1080  1081  1082    1 1 
6  1083  1084  1085  1086  1087  1088    1 1 
7  1089  1090  1091  1092  1093  1094  1095    1 1 
4  1096  1097  1098  1099    1 1 
7  1100  1101  1102  1103  1104  1105  1106    1 1 
4  1107  1108  1109  1110    1 1 
5  1111  1112  1113  1114  1115    1 1 
6  1116  1117  1118  1119  1120  1121    1 1 
4  1122  1123  1124  1125    1 1 
4  1126  1127  1128  1129    1 1 
8  1130  1131  1132  1133  1134  1135  1136  1137    1 1 
6  1138  1139  1140  1141  1142  1143    1 1 
9  1144  1145  1146  1147  1148  1149  1150  1151  1152    1 1 
5  1153  1154  1155  1156  1157    1 1 
7  1158  1159  1160  1161  1162  1163  1164    1 1 
6  1165  1166  1167  1168  1169  1170    1 1 
4  1171  1172  1173  1174    1 1 
5  1175  1176  1177  1178  1179    1 1 
6  1180  1181  1182  1183  1184  1185    1 1 
5  1186  1187  1188  1189  1190    1 1 
7  1191  1192  1193  1194  1195  1196  1197    1 1 
9  1198  1199  1200  1201  1202  1203  1204  1205  1206    1 1 
5  1207  1208  1209  1210  1211    1 1 
5  1212  1213  1214  1215  1216    1 1 
5  1217  1218  1219  1220  1221    1 1 
5  1222  1223  1224  1225  1226    1 1 
6  1227  1228  1229  1230  1231  1232    1 1 
5  1233  1234  1235  1236  1237    1 1 
5  1238  1239  1240  1241  1242    1 1 
7  1243  1244  1245  1246  1247  1248  1249    1 1 
6  1250  1251  1252  1253  1254  1255    1 1 
4  1256  1257  1258  1259    1 1 
6  1260  1261  1262  1263  1264  1265    1 1 
5  1266  1267  1268  1269  1270    1 1 
4  1271  1272  1273  1274    1 1 
7  1275  1276  1277  1278  1279  1280  1281    1 1 
8  1282  1283  1284  1285  1286  1287  1288  1289    1 1 
6  1290  1291  1292  1293  1294  1295    1 1 
5  1296  1297  1298  1299  1300    1 1 
9  1301  1302  1303  1304  1305  1306  1307  1308  1309    1 1 
5  1310  1311  1312  1313  1314    1 1 
6  1315  1316  1317  1318  1319  1320    1 1 
8  1321  1322  1323  1324  1325  1326  1327  1328    1 1 
5  1329  1330  1331  1332  1333    1 1 
6  1334  1335  1336  1337  1338  1339    1 1 
6  1340  1341  1342  1343  1344  1345    1 1 
4  1346  1347  1348  1349    1 1 
8  1350  1351  1352  1353  1354  1355  1356  1357    1 1 
7  1358  1359  1360  1361  1362  1363  1364    1 1 
6  1365  1366  1367  1368  1369  1370    1 1 
5  1371  1372  1373  1374  1375    1 1 
5  1376  1377  1378  1379  1380    1 1 
5  1381  1382  1383  1384  1385    1 1 
4  1386  1387  1388  1389    1 1 
6  1390  1391  1392  1393  1394  1395    1 1 
6  1396  1397  1398  1399  1400  1401    1 1 
7  1402  1403  1404  1405  1406  1407  1408    1 1 
6  1409  1410  1411  1412  1413  1414    1 1 
5  1415  1416  1417  1418  1419    1 1 
6  1420  1421  1422  1423  1424  1425    1 1 
4  1426  1427  1428  1429    1 1 
4  1430  1431  1432  1433    1 1 
5  1434  1435  1436  1437  1438    1 1 
7  1439  1440  1441  1442  1443  1444  1445    1 1 
5  1446  1447  1448  1449  1450    1 1 
5  1451  1452  1453  1454  1455    1 1 
5  1456  1457  1458  1459  1460    1 1 
4  1461  1462  1463  1464    1 1 
3  1465  1466  1467    1 1 
7  1468  1469  1470  1471  1472  1473  1474    1 1 
9  1475  1476  1477  1478  1479  1480  1481  1482  1483    1 1 
6  1484  1485  1486  1487  1488  1489    1 1 
6  1490  1491  1492  1493  1494  1495    1 1 
4  1496  1497  1498  1499    1 1 
8  1500  1501  1502  1503  1504  1505  1506  1507    1 1 
5  1508  1509  1510  1511  1512    1 1 
8  1513  1514  1515  1516  1517  1518  1519  1520    1 1 
10  1521  1522  1523  1524  1525  1526  1527  1528  1529  1530    1 1 
7  1531  1532  1533  1534  1535  1536  1537    1 1 
6  1538  1539  1540  1541  1542  1543    1 1 
7  1544  1545  1546  1547  1548  1549  1550    1 1 
7  1551  1552  1553  1554  1555  1556  1557    1 1 
7  1558  1559  1560  1561  1562  1563  1564    1 1 
9  1565  1566  1567  1568  1569  1570  1571  1572  1573    1 1 
4  1574  1575  1576  1577    1 1 
4  1578  1579  1580  1581    1 1 
5  1582  1583  1584  1585  1586    1 1 
4  1587  1588  1589  1590    1 1 
5  1591  1592  1593  1594  1595    1 1 
5  1596  1597  1598  1599  1600    1 1 
5  1601  1602  1603  1604  1605    1 1 
5  1606  1607  1608  1609  1610    1 1 
4  1611  1612  1613  1614    1 1 
4  1615  1616  1617  1618    1 1 
6  1619  1620  1621  1622  1623  1624    1 1 
3  1625  1626  1627    1 1 
4  1628  1629  1630  1631    1 1 
4  1632  1633  1634  1635    1 1 
4  1636  1637  1638  1639    1 1 
4  1640  1641  1642  1643    1 1 
4  1644  1645  1646  1647    1 1 
4  1648  1649  1650  1651    1 1 
# DG vertices (counter-clockwise) 
1651
0.971885  0.000518867  
0.971835  0  
1  0  
1  0.00569004  
0.980355  0.00569004  
0.865161  0  
0.931644  0  
0.924233  0.0359851  
0.870059  0.0171715  
0.722769  0  
0.786134  0  
0.737621  0.0361653  
0.722769  0.0259182  
0.682833  0  
0.722769  0  
0.722769  0.0259182  
0.685979  0.0365365  
0.682833  0.0329432  
0.666102  0  
0.682833  0  
0.682833  0.0329432  
0.666102  0.0213543  
0.643113  0.00652527  
0.643113  0  
0.666102  0  
0.666102  0.0213543  
0.647793  0.0170973  
0.618753  0  
0.643113  0  
0.643113  0.00652527  
0.618753  0.00639342  
0.598352  0  
0.618753  0  
0.618753  0.00639342  
0.601375  0.0328084  
0.598352  0.0331918  
0.574148  0  
0.598352  0  
0.598352  0.0331918  
0.595652  0.0344443  
0.574148  0.0395783  
0.544579  0  
0.574148  0  
0.574148  0.0395783  
0.545149  0.0580094  
0.544579  0.0575221  
0.497274  0.0250507  
0.497274  0  
0.544579  0  
0.544579  0.0575221  
0.538521  0.0546907  
0.456267  0  
0.497274  0  
0.497274  0.0250507  
0.456267  0.0365701  
0.373348  0  
0.456267  0  
0.456267  0.0365701  
0.419887  0.0579584  
0.3946  0.0531829  
0.197733  0.0115089  
0.195856  0  
0.308464  0  
0.291472  0.021412  
0.233727  0.0397056  
0.0519094  0  
0.0917559  0  
0.0565648  0.0665943  
0.0519094  0.0634132  
0.016093  0.0107399  
0.016093  0  
0.0519094  0  
0.0519094  0.0634132  
0.0510742  0.0631568  
0  0  
0.016093  0  
0.016093  0.0107399  
0  0.0107399  
0.980355  0.00569004  
1  0.00569004  
1  0.0154541  
0.989284  0.0154541  
0.931644  0  
0.971835  0  
0.971885  0.000518867  
0.95365  0.0364034  
0.939886  0.0494194  
0.924233  0.0359851  
0.796996  0  
0.865161  0  
0.870059  0.0171715  
0.822996  0.128363  
0.816034  0.12873  
0.803892  0.118926  
0.737621  0.0361653  
0.786134  0  
0.796996  0  
0.803892  0.118926  
0.772176  0.103872  
0.685979  0.0365365  
0.722769  0.0259182  
0.737621  0.0361653  
0.772176  0.103872  
0.675484  0.113123  
0.673456  0.109781  
0.667637  0.0763785  
0.627899  0.0342252  
0.647793  0.0170973  
0.666102  0.0213543  
0.682833  0.0329432  
0.685979  0.0365365  
0.667637  0.0763785  
0.664078  0.0742989  
0.618753  0.00639342  
0.643113  0.00652527  
0.647793  0.0170973  
0.627899  0.0342252  
0.606949  0.0341118  
0.601375  0.0328084  
0.595652  0.0344443  
0.598352  0.0331918  
0.601375  0.0328084  
0.606949  0.0341118  
0.628092  0.0679535  
0.614359  0.0737525  
0.545149  0.0580094  
0.574148  0.0395783  
0.595652  0.0344443  
0.614359  0.0737525  
0.601497  0.0970921  
0.569211  0.1048  
0.559823  0.103256  
0.54811  0.083079  
0.538521  0.0546907  
0.544579  0.0575221  
0.545149  0.0580094  
0.54811  0.083079  
0.472279  0.11452  
0.448007  0.0858756  
0.456267  0.0365701  
0.497274  0.0250507  
0.538521  0.0546907  
0.448007  0.0858756  
0.44576  0.084261  
0.419887  0.0579584  
0.3946  0.0531829  
0.419887  0.0579584  
0.44576  0.084261  
0.420465  0.150834  
0.412628  0.15726  
0.359285  0.104491  
0.325152  0.111413  
0.353374  0.107338  
0.359762  0.206174  
0.34569  0.207482  
0.31584  0.188487  
0.291472  0.021412  
0.308464  0  
0.373348  0  
0.3946  0.0531829  
0.359285  0.104491  
0.353374  0.107338  
0.325152  0.111413  
0.307868  0.10821  
0.12204  0  
0.195856  0  
0.197733  0.0115089  
0.149206  0.0695995  
0.116258  0.0760392  
0.0917559  0  
0.12204  0  
0.116258  0.0760392  
0.0924464  0.0886475  
0.0700628  0.08237  
0.0565648  0.0665943  
0  0.0107399  
0.016093  0.0107399  
0.0510742  0.0631568  
0  0.0631568  
0.989284  0.0154541  
1  0.0154541  
1  0.0364557  
0.997611  0.0364557  
0.971885  0.000518867  
0.980355  0.00569004  
0.989284  0.0154541  
0.997611  0.0364557  
0.997034  0.0367843  
0.95365  0.0364034  
0.870059  0.0171715  
0.924233  0.0359851  
0.939886  0.0494194  
0.943195  0.0719708  
0.848136  0.13825  
0.822996  0.128363  
0.816034  0.12873  
0.822996  0.128363  
0.848136  0.13825  
0.855328  0.14531  
0.855579  0.146453  
0.85318  0.25703  
0.789431  0.23196  
0.788587  0.17022  
0.78656  0.238021  
0.789431  0.23196  
0.85318  0.25703  
0.856132  0.262316  
0.840916  0.270594  
0.807552  0.276195  
0.796828  0.264396  
0.67477  0.115326  
0.675484  0.113123  
0.772176  0.103872  
0.803892  0.118926  
0.816034  0.12873  
0.788587  0.17022  
0.716918  0.198272  
0.697173  0.183924  
0.606949  0.0341118  
0.627899  0.0342252  
0.664078  0.0742989  
0.628092  0.0679535  
0.614359  0.0737525  
0.628092  0.0679535  
0.664078  0.0742989  
0.667637  0.0763785  
0.673456  0.109781  
0.601497  0.0970921  
0.569211  0.1048  
0.601497  0.0970921  
0.673456  0.109781  
0.675484  0.113123  
0.67477  0.115326  
0.6706  0.119056  
0.603169  0.135155  
0.47267  0.126729  
0.472279  0.11452  
0.54811  0.083079  
0.559823  0.103256  
0.541469  0.162933  
0.499584  0.177807  
0.497725  0.177399  
0.44576  0.084261  
0.448007  0.0858756  
0.472279  0.11452  
0.47267  0.126729  
0.420465  0.150834  
0.353374  0.107338  
0.359285  0.104491  
0.412628  0.15726  
0.424019  0.211431  
0.419324  0.219736  
0.397253  0.222305  
0.359762  0.206174  
0.263215  0.202249  
0.264417  0.199703  
0.31584  0.188487  
0.34569  0.207482  
0.320068  0.238427  
0.255367  0.119661  
0.307868  0.10821  
0.325152  0.111413  
0.31584  0.188487  
0.264417  0.199703  
0.233727  0.0397056  
0.291472  0.021412  
0.307868  0.10821  
0.255367  0.119661  
0.246372  0.115649  
0.149206  0.0695995  
0.197733  0.0115089  
0.233727  0.0397056  
0.246372  0.115649  
0.210968  0.123472  
0  0.0631568  
0.0510742  0.0631568  
0.0519094  0.0634132  
0.0565648  0.0665943  
0.0700628  0.08237  
0.0363482  0.124847  
0  0.124847  
0.997034  0.0367843  
0.997611  0.0364557  
1  0.0364557  
1  0.0598706  
0.988617  0.0598706  
0.939886  0.0494194  
0.95365  0.0364034  
0.997034  0.0367843  
0.988617  0.0598706  
0.96553  0.0794428  
0.949733  0.0761585  
0.943195  0.0719708  
0.943195  0.0719708  
0.949733  0.0761585  
0.954707  0.124699  
0.905079  0.159302  
0.855328  0.14531  
0.848136  0.13825  
0.855579  0.146453  
0.895214  0.22133  
0.886082  0.249291  
0.877215  0.268892  
0.866401  0.268928  
0.856132  0.262316  
0.85318  0.25703  
0.840916  0.270594  
0.856132  0.262316  
0.866401  0.268928  
0.857179  0.297459  
0.820147  0.317606  
0.81258  0.313858  
0.807552  0.276195  
0.840916  0.270594  
0.81258  0.313858  
0.806288  0.312697  
0.716918  0.198272  
0.788587  0.17022  
0.789431  0.23196  
0.78656  0.238021  
0.762635  0.254456  
0.753022  0.257755  
0.709279  0.231927  
0.6706  0.119056  
0.67477  0.115326  
0.697173  0.183924  
0.655942  0.196905  
0.638523  0.161601  
0.603169  0.135155  
0.6706  0.119056  
0.638523  0.161601  
0.612383  0.167842  
0.559823  0.103256  
0.569211  0.1048  
0.603169  0.135155  
0.612383  0.167842  
0.585351  0.198285  
0.541469  0.162933  
0.412628  0.15726  
0.420465  0.150834  
0.47267  0.126729  
0.497725  0.177399  
0.424019  0.211431  
0.34569  0.207482  
0.359762  0.206174  
0.397253  0.222305  
0.34319  0.293601  
0.31728  0.261055  
0.320068  0.238427  
0.231871  0.237476  
0.263215  0.202249  
0.320068  0.238427  
0.31728  0.261055  
0.269374  0.261341  
0.210968  0.123472  
0.246372  0.115649  
0.255367  0.119661  
0.264417  0.199703  
0.263215  0.202249  
0.231871  0.237476  
0.163113  0.258215  
0.151743  0.194439  
0.0924464  0.0886475  
0.116258  0.0760392  
0.149206  0.0695995  
0.210968  0.123472  
0.151743  0.194439  
0.120637  0.163473  
0.0363482  0.124847  
0.0700628  0.08237  
0.0924464  0.0886475  
0.120637  0.163473  
0.0647153  0.180209  
0.0378432  0.155748  
0.0336895  0.140561  
0  0.124847  
0.0363482  0.124847  
0.0336895  0.140561  
0.0138109  0.153065  
0  0.153065  
0.988617  0.0598706  
1  0.0598706  
1  0.0982925  
0.996595  0.0982925  
0.96553  0.0794428  
0.949733  0.0761585  
0.96553  0.0794428  
0.996595  0.0982925  
0.977651  0.138621  
0.954707  0.124699  
0.954707  0.124699  
0.977651  0.138621  
0.983608  0.16166  
0.974448  0.169919  
0.910971  0.162877  
0.905079  0.159302  
0.855579  0.146453  
0.855328  0.14531  
0.905079  0.159302  
0.910971  0.162877  
0.940685  0.222008  
0.927788  0.22958  
0.895214  0.22133  
0.820147  0.317606  
0.857179  0.297459  
0.869894  0.336715  
0.869713  0.338265  
0.826133  0.326232  
0.779031  0.293694  
0.796828  0.264396  
0.807552  0.276195  
0.806288  0.312697  
0.785524  0.318952  
0.777849  0.311817  
0.762635  0.254456  
0.78656  0.238021  
0.796828  0.264396  
0.779031  0.293694  
0.648272  0.209533  
0.655942  0.196905  
0.697173  0.183924  
0.716918  0.198272  
0.709279  0.231927  
0.686995  0.252984  
0.678914  0.250354  
0.612383  0.167842  
0.638523  0.161601  
0.655942  0.196905  
0.648272  0.209533  
0.593294  0.222659  
0.589907  0.214176  
0.585351  0.198285  
0.499584  0.177807  
0.541469  0.162933  
0.585351  0.198285  
0.589907  0.214176  
0.512115  0.221518  
0.419324  0.219736  
0.424019  0.211431  
0.497725  0.177399  
0.499584  0.177807  
0.512115  0.221518  
0.517293  0.273111  
0.493382  0.309188  
0.42567  0.231864  
0.269374  0.261341  
0.31728  0.261055  
0.34319  0.293601  
0.344493  0.319489  
0.339027  0.352856  
0.318444  0.349763  
0.282935  0.308649  
0.163113  0.258215  
0.231871  0.237476  
0.269374  0.261341  
0.282935  0.308649  
0.148156  0.292239  
0.148  0.287732  
0.0647153  0.180209  
0.120637  0.163473  
0.151743  0.194439  
0.163113  0.258215  
0.148  0.287732  
0.0401641  0.244494  
0.0396772  0.229111  
0.0378432  0.155748  
0.0647153  0.180209  
0.0396772  0.229111  
0.0195159  0.191543  
0.0138109  0.153065  
0.0336895  0.140561  
0.0378432  0.155748  
0.0195159  0.191543  
0  0.182909  
0  0.180039  
0  0.153065  
0.0138109  0.153065  
0  0.180039  
0.996595  0.0982925  
1  0.0982925  
1  0.16166  
0.983608  0.16166  
0.977651  0.138621  
0.910971  0.162877  
0.974448  0.169919  
0.973985  0.216055  
0.951026  0.224022  
0.940685  0.222008  
0.886082  0.249291  
0.926392  0.232894  
0.910964  0.284552  
0.877215  0.268892  
0.895214  0.22133  
0.927788  0.22958  
0.926392  0.232894  
0.886082  0.249291  
0.826133  0.326232  
0.869713  0.338265  
0.875996  0.355036  
0.87095  0.373918  
0.868035  0.376758  
0.82438  0.369311  
0.785524  0.318952  
0.806288  0.312697  
0.81258  0.313858  
0.820147  0.317606  
0.826133  0.326232  
0.82438  0.369311  
0.79966  0.378435  
0.775433  0.360683  
0.743834  0.280569  
0.753022  0.257755  
0.762635  0.254456  
0.779031  0.293694  
0.777849  0.311817  
0.753785  0.304383  
0.686995  0.252984  
0.709279  0.231927  
0.753022  0.257755  
0.743834  0.280569  
0.723257  0.283092  
0.68841  0.261861  
0.593294  0.222659  
0.648272  0.209533  
0.678914  0.250354  
0.610725  0.266634  
0.591456  0.237721  
0.512115  0.221518  
0.589907  0.214176  
0.593294  0.222659  
0.591456  0.237721  
0.517293  0.273111  
0.401622  0.287324  
0.42567  0.231864  
0.493382  0.309188  
0.494721  0.359073  
0.47341  0.369302  
0.397253  0.222305  
0.419324  0.219736  
0.42567  0.231864  
0.401622  0.287324  
0.344493  0.319489  
0.34319  0.293601  
0.148156  0.292239  
0.282935  0.308649  
0.318444  0.349763  
0.230168  0.3698  
0.145019  0.337211  
0.12591  0.364369  
0.145019  0.337211  
0.230168  0.3698  
0.238555  0.394795  
0.221509  0.455769  
0.15869  0.440402  
0.135628  0.396273  
0.135628  0.396273  
0.15869  0.440402  
0.158819  0.506923  
0.0758365  0.527953  
0.0133243  0.25466  
0.0401641  0.244494  
0.148  0.287732  
0.148156  0.292239  
0.145019  0.337211  
0.12591  0.364369  
0.094148  0.374003  
0.0264782  0.376749  
0  0.182909  
0.0195159  0.191543  
0.0396772  0.229111  
0.0401641  0.244494  
0.0133243  0.25466  
0  0.25466  
0.974448  0.169919  
0.983608  0.16166  
1  0.16166  
1  0.22265  
0.985952  0.22265  
0.973985  0.216055  
0.926392  0.232894  
0.927788  0.22958  
0.940685  0.222008  
0.951026  0.224022  
0.956181  0.310531  
0.911227  0.284833  
0.910964  0.284552  
0.866401  0.268928  
0.877215  0.268892  
0.910964  0.284552  
0.911227  0.284833  
0.869894  0.336715  
0.857179  0.297459  
0.79966  0.378435  
0.82438  0.369311  
0.868035  0.376758  
0.862275  0.429135  
0.800157  0.397298  
0.788742  0.422529  
0.800157  0.397298  
0.862275  0.429135  
0.863981  0.437574  
0.852966  0.440262  
0.720938  0.327978  
0.753785  0.304383  
0.777849  0.311817  
0.785524  0.318952  
0.775433  0.360683  
0.744367  0.368362  
0.723257  0.283092  
0.743834  0.280569  
0.753785  0.304383  
0.720938  0.327978  
0.712349  0.324465  
0.68841  0.261861  
0.723257  0.283092  
0.712349  0.324465  
0.672515  0.322153  
0.610725  0.266634  
0.678914  0.250354  
0.686995  0.252984  
0.68841  0.261861  
0.672515  0.322153  
0.651358  0.336465  
0.612391  0.284683  
0.517293  0.273111  
0.591456  0.237721  
0.610725  0.266634  
0.612391  0.284683  
0.498071  0.360413  
0.494721  0.359073  
0.493382  0.309188  
0.344493  0.319489  
0.401622  0.287324  
0.47341  0.369302  
0.45995  0.377283  
0.358761  0.376643  
0.339027  0.352856  
0.230168  0.3698  
0.318444  0.349763  
0.339027  0.352856  
0.358761  0.376643  
0.316877  0.489201  
0.238555  0.394795  
0.221509  0.455769  
0.238555  0.394795  
0.316877  0.489201  
0.316152  0.49565  
0.25719  0.488471  
0.15869  0.440402  
0.221509  0.455769  
0.25719  0.488471  
0.178919  0.525345  
0.158819  0.506923  
0.0590851  0.537066  
0.0758365  0.527953  
0.158819  0.506923  
0.178919  0.525345  
0.185266  0.565489  
0.172706  0.58707  
0.0914738  0.573162  
0.0630995  0.553181  
0.094148  0.374003  
0.12591  0.364369  
0.135628  0.396273  
0.0758365  0.527953  
0.0590851  0.537066  
0.0420794  0.524776  
0  0.25466  
0.0133243  0.25466  
0.0264782  0.376749  
0  0.384667  
0.985952  0.22265  
1  0.22265  
1  0.30635  
0.98093  0.30635  
0.951026  0.224022  
0.973985  0.216055  
0.985952  0.22265  
0.98093  0.30635  
0.964012  0.311191  
0.957322  0.31166  
0.956181  0.310531  
0.911227  0.284833  
0.956181  0.310531  
0.957322  0.31166  
0.949269  0.325392  
0.875996  0.355036  
0.869713  0.338265  
0.869894  0.336715  
0.949269  0.325392  
0.949083  0.32708  
0.932061  0.392622  
0.87095  0.373918  
0.875996  0.355036  
0.787086  0.424435  
0.788742  0.422529  
0.852966  0.440262  
0.83713  0.448148  
0.795286  0.436594  
0.736512  0.379572  
0.744367  0.368362  
0.775433  0.360683  
0.79966  0.378435  
0.800157  0.397298  
0.788742  0.422529  
0.787086  0.424435  
0.785659  0.424965  
0.720284  0.395012  
0.736512  0.379572  
0.785659  0.424965  
0.770798  0.435394  
0.73957  0.443504  
0.727559  0.438837  
0.651358  0.336465  
0.672515  0.322153  
0.712349  0.324465  
0.720938  0.327978  
0.744367  0.368362  
0.736512  0.379572  
0.720284  0.395012  
0.640534  0.373858  
0.589386  0.422234  
0.640534  0.373858  
0.720284  0.395012  
0.727559  0.438837  
0.704745  0.455755  
0.635349  0.472323  
0.498071  0.360413  
0.612391  0.284683  
0.651358  0.336465  
0.640534  0.373858  
0.589386  0.422234  
0.589005  0.422208  
0.45995  0.377283  
0.47341  0.369302  
0.494721  0.359073  
0.498071  0.360413  
0.589005  0.422208  
0.549204  0.479386  
0.50349  0.506491  
0.445951  0.494621  
0.358761  0.376643  
0.45995  0.377283  
0.445951  0.494621  
0.355295  0.574742  
0.316152  0.49565  
0.316877  0.489201  
0.178919  0.525345  
0.25719  0.488471  
0.316152  0.49565  
0.355295  0.574742  
0.355155  0.580267  
0.354207  0.581468  
0.344861  0.584922  
0.185266  0.565489  
0.0914738  0.573162  
0.172706  0.58707  
0.172788  0.589425  
0.110281  0.626843  
0.0463515  0.595227  
0.0630995  0.553181  
0.0914738  0.573162  
0.110281  0.626843  
0.108884  0.648798  
0.058711  0.613467  
0  0.384667  
0.0264782  0.376749  
0.094148  0.374003  
0.0420794  0.524776  
0  0.511322  
0  0.511322  
0.0420794  0.524776  
0.0590851  0.537066  
0.0630995  0.553181  
0.0463515  0.595227  
0.0210201  0.620109  
0  0.620109  
0.964012  0.311191  
0.98093  0.30635  
1  0.30635  
1  0.386615  
0.997859  0.386615  
0.949083  0.32708  
0.949269  0.325392  
0.957322  0.31166  
0.964012  0.311191  
0.997859  0.386615  
0.980173  0.39636  
0.932061  0.392622  
0.949083  0.32708  
0.980173  0.39636  
0.951063  0.426248  
0.946959  0.42582  
0.868035  0.376758  
0.87095  0.373918  
0.932061  0.392622  
0.946959  0.42582  
0.892248  0.4666  
0.863981  0.437574  
0.862275  0.429135  
0.795286  0.436594  
0.83713  0.448148  
0.814624  0.463278  
0.805852  0.460138  
0.770798  0.435394  
0.785659  0.424965  
0.787086  0.424435  
0.795286  0.436594  
0.805852  0.460138  
0.786431  0.470229  
0.73957  0.443504  
0.770798  0.435394  
0.786431  0.470229  
0.784622  0.474008  
0.775889  0.480687  
0.755424  0.478833  
0.704745  0.455755  
0.727559  0.438837  
0.73957  0.443504  
0.755424  0.478833  
0.74663  0.498086  
0.726457  0.504137  
0.635349  0.472323  
0.704745  0.455755  
0.726457  0.504137  
0.715455  0.519272  
0.639002  0.488266  
0.549204  0.479386  
0.589005  0.422208  
0.589386  0.422234  
0.635349  0.472323  
0.639002  0.488266  
0.634938  0.531578  
0.629096  0.542719  
0.590925  0.564118  
0.56217  0.535982  
0.50349  0.506491  
0.549204  0.479386  
0.56217  0.535982  
0.514349  0.553887  
0.445951  0.494621  
0.50349  0.506491  
0.514349  0.553887  
0.502188  0.622908  
0.488828  0.63124  
0.355155  0.580267  
0.355295  0.574742  
0.172788  0.589425  
0.172706  0.58707  
0.185266  0.565489  
0.344861  0.584922  
0.255096  0.649671  
0.187703  0.654527  
0.110281  0.626843  
0.172788  0.589425  
0.187703  0.654527  
0.183973  0.659095  
0.148305  0.669178  
0.110596  0.656275  
0.108884  0.648798  
0.058711  0.613467  
0.108884  0.648798  
0.110596  0.656275  
0.0734997  0.678019  
0.0210201  0.620109  
0.0463515  0.595227  
0.058711  0.613467  
0.0734997  0.678019  
0.0578606  0.693498  
0.0532675  0.695427  
0.0327738  0.671414  
0  0.620109  
0.0210201  0.620109  
0.0327738  0.671414  
0  0.671414  
0.980173  0.39636  
0.997859  0.386615  
1  0.386615  
1  0.455488  
0.967931  0.438623  
0.951063  0.426248  
0.967931  0.438623  
1  0.455488  
1  0.512287  
0.9654  0.527417  
0.94749  0.527776  
0.892248  0.4666  
0.946959  0.42582  
0.951063  0.426248  
0.967931  0.438623  
0.94749  0.527776  
0.931496  0.530029  
0.924228  0.529272  
0.89144  0.487846  
0.814624  0.463278  
0.83713  0.448148  
0.852966  0.440262  
0.863981  0.437574  
0.892248  0.4666  
0.89144  0.487846  
0.833477  0.516311  
0.819269  0.498242  
0.819146  0.497953  
0.786431  0.470229  
0.805852  0.460138  
0.814624  0.463278  
0.819146  0.497953  
0.784622  0.474008  
0.775889  0.480687  
0.784622  0.474008  
0.819146  0.497953  
0.819269  0.498242  
0.781728  0.495312  
0.755424  0.478833  
0.775889  0.480687  
0.781728  0.495312  
0.778997  0.50596  
0.761195  0.511678  
0.758521  0.511436  
0.74663  0.498086  
0.726457  0.504137  
0.74663  0.498086  
0.758521  0.511436  
0.754894  0.525129  
0.731756  0.541437  
0.716792  0.526014  
0.715455  0.519272  
0.639002  0.488266  
0.715455  0.519272  
0.716792  0.526014  
0.691969  0.550049  
0.687609  0.552939  
0.634938  0.531578  
0.590925  0.564118  
0.629096  0.542719  
0.63396  0.552777  
0.634212  0.62258  
0.612793  0.629476  
0.571828  0.600133  
0.514349  0.553887  
0.56217  0.535982  
0.590925  0.564118  
0.571828  0.600133  
0.516266  0.620937  
0.502188  0.622908  
0.354207  0.581468  
0.355155  0.580267  
0.488828  0.63124  
0.494882  0.681107  
0.467177  0.735382  
0.466822  0.735567  
0.398654  0.717822  
0.356851  0.683338  
0.255096  0.649671  
0.344861  0.584922  
0.354207  0.581468  
0.356851  0.683338  
0.338213  0.714786  
0.32655  0.723199  
0.26208  0.741909  
0.261737  0.741525  
0.183973  0.659095  
0.187703  0.654527  
0.255096  0.649671  
0.261737  0.741525  
0.19881  0.72598  
0.148305  0.669178  
0.183973  0.659095  
0.19881  0.72598  
0.169703  0.758153  
0.137575  0.767911  
0.127641  0.727332  
0.0734997  0.678019  
0.110596  0.656275  
0.148305  0.669178  
0.127641  0.727332  
0.0578606  0.693498  
0  0.671414  
0.0327738  0.671414  
0.0532675  0.695427  
0.0519006  0.698348  
0  0.698348  
0.9654  0.527417  
1  0.512287  
1  0.59433  
0.992165  0.587476  
0.931496  0.530029  
0.94749  0.527776  
0.9654  0.527417  
0.992165  0.587476  
0.956794  0.586795  
0.924228  0.529272  
0.931496  0.530029  
0.956794  0.586795  
0.935961  0.627981  
0.883771  0.602647  
0.821204  0.546466  
0.821015  0.538912  
0.833477  0.516311  
0.89144  0.487846  
0.924228  0.529272  
0.883771  0.602647  
0.86359  0.609777  
0.857861  0.604045  
0.778997  0.50596  
0.781728  0.495312  
0.819269  0.498242  
0.833477  0.516311  
0.821015  0.538912  
0.804382  0.532959  
0.761195  0.511678  
0.778997  0.50596  
0.804382  0.532959  
0.781059  0.532805  
0.754894  0.525129  
0.758521  0.511436  
0.761195  0.511678  
0.781059  0.532805  
0.776178  0.534903  
0.764417  0.535515  
0.716792  0.526014  
0.731756  0.541437  
0.739649  0.563798  
0.73818  0.566136  
0.691969  0.550049  
0.63396  0.552777  
0.629096  0.542719  
0.634938  0.531578  
0.687609  0.552939  
0.694279  0.574632  
0.685947  0.580516  
0.678044  0.583557  
0.651554  0.572814  
0.63396  0.552777  
0.651554  0.572814  
0.65551  0.59164  
0.646325  0.623624  
0.634212  0.62258  
0.516266  0.620937  
0.571828  0.600133  
0.612793  0.629476  
0.611314  0.6689  
0.564016  0.655474  
0.338213  0.714786  
0.356851  0.683338  
0.398654  0.717822  
0.390499  0.781215  
0.364975  0.769707  
0.32655  0.723199  
0.338213  0.714786  
0.364975  0.769707  
0.323402  0.799694  
0.261206  0.763148  
0.26208  0.741909  
0.32655  0.723199  
0.323402  0.799694  
0.310488  0.823754  
0.279849  0.804531  
0.19881  0.72598  
0.261737  0.741525  
0.26208  0.741909  
0.261206  0.763148  
0.209805  0.788409  
0.169703  0.758153  
0.0495794  0.707413  
0.0519006  0.698348  
0.0532675  0.695427  
0.0578606  0.693498  
0.127641  0.727332  
0.137575  0.767911  
0.130825  0.777338  
0.112353  0.77867  
0  0.698348  
0.0519006  0.698348  
0.0495794  0.707413  
0.0314803  0.734875  
0  0.734875  
0.952665  0.669245  
0.955418  0.647551  
1  0.626369  
1  0.716951  
0.977214  0.716951  
0.956794  0.586795  
0.992165  0.587476  
1  0.59433  
1  0.626369  
0.955418  0.647551  
0.935961  0.627981  
0.86359  0.609777  
0.883771  0.602647  
0.935961  0.627981  
0.955418  0.647551  
0.952665  0.669245  
0.921061  0.681264  
0.848405  0.645996  
0.782171  0.571085  
0.821204  0.546466  
0.857861  0.604045  
0.780782  0.598739  
0.776178  0.534903  
0.781059  0.532805  
0.804382  0.532959  
0.821015  0.538912  
0.821204  0.546466  
0.782171  0.571085  
0.763771  0.5645  
0.764417  0.535515  
0.776178  0.534903  
0.763771  0.5645  
0.748952  0.562508  
0.731756  0.541437  
0.754894  0.525129  
0.764417  0.535515  
0.748952  0.562508  
0.739649  0.563798  
0.687609  0.552939  
0.691969  0.550049  
0.73818  0.566136  
0.732164  0.578652  
0.695925  0.575382  
0.694279  0.574632  
0.651554  0.572814  
0.678044  0.583557  
0.67332  0.598863  
0.65551  0.59164  
0.564016  0.655474  
0.611314  0.6689  
0.61355  0.676599  
0.588234  0.716422  
0.488828  0.63124  
0.502188  0.622908  
0.516266  0.620937  
0.564016  0.655474  
0.588234  0.716422  
0.585691  0.722097  
0.573801  0.725409  
0.494882  0.681107  
0.398654  0.717822  
0.466822  0.735567  
0.43671  0.786735  
0.412145  0.803419  
0.408356  0.803964  
0.390499  0.781215  
0.323402  0.799694  
0.364975  0.769707  
0.390499  0.781215  
0.408356  0.803964  
0.385846  0.829051  
0.36745  0.842321  
0.332992  0.850117  
0.3247  0.850302  
0.310488  0.823754  
0.209805  0.788409  
0.261206  0.763148  
0.279849  0.804531  
0.216873  0.840548  
0.20721  0.836171  
0.134481  0.788255  
0.130825  0.777338  
0.137575  0.767911  
0.169703  0.758153  
0.209805  0.788409  
0.20721  0.836171  
0.199466  0.837284  
0.0314803  0.734875  
0.0495794  0.707413  
0.112353  0.77867  
0.0622511  0.799631  
0.0477416  0.79928  
0.0380022  0.788583  
0  0.734875  
0.0314803  0.734875  
0.0380022  0.788583  
0  0.788583  
0.977214  0.716951  
1  0.716951  
1  0.777564  
0.945236  0.777564  
0.936757  0.7708  
0.921061  0.681264  
0.952665  0.669245  
0.977214  0.716951  
0.936757  0.7708  
0.893002  0.777217  
0.87758  0.739138  
0.824636  0.681073  
0.827384  0.673975  
0.848405  0.645996  
0.921061  0.681264  
0.87758  0.739138  
0.775631  0.613854  
0.77816  0.602228  
0.780782  0.598739  
0.857861  0.604045  
0.86359  0.609777  
0.848405  0.645996  
0.827384  0.673975  
0.73818  0.566136  
0.739649  0.563798  
0.748952  0.562508  
0.763771  0.5645  
0.782171  0.571085  
0.780782  0.598739  
0.77816  0.602228  
0.732923  0.583978  
0.732164  0.578652  
0.695925  0.575382  
0.732164  0.578652  
0.732923  0.583978  
0.723203  0.632239  
0.703924  0.631513  
0.685947  0.580516  
0.694279  0.574632  
0.695925  0.575382  
0.703924  0.631513  
0.693423  0.632981  
0.67332  0.598863  
0.678044  0.583557  
0.685947  0.580516  
0.693423  0.632981  
0.678699  0.636618  
0.65551  0.59164  
0.67332  0.598863  
0.678699  0.636618  
0.678562  0.636697  
0.646325  0.623624  
0.467177  0.735382  
0.494882  0.681107  
0.573801  0.725409  
0.548635  0.78144  
0.54472  0.783944  
0.511144  0.776812  
0.466822  0.735567  
0.467177  0.735382  
0.511144  0.776812  
0.485075  0.820667  
0.43671  0.786735  
0.385846  0.829051  
0.408356  0.803964  
0.412145  0.803419  
0.472288  0.875513  
0.470112  0.908454  
0.36745  0.842321  
0.385846  0.829051  
0.470112  0.908454  
0.470843  0.919657  
0.455366  0.926877  
0.454675  0.926774  
0.421314  0.90988  
0.216873  0.840548  
0.279849  0.804531  
0.310488  0.823754  
0.3247  0.850302  
0.294687  0.903231  
0.226937  0.860505  
0.134481  0.788255  
0.199466  0.837284  
0.145262  0.886122  
0.127524  0.845104  
0.0622511  0.799631  
0.112353  0.77867  
0.130825  0.777338  
0.134481  0.788255  
0.127524  0.845104  
0.0867953  0.844059  
0  0.788583  
0.0380022  0.788583  
0.0477416  0.79928  
0.0356615  0.825366  
0  0.825366  
0.945236  0.777564  
1  0.777564  
1  0.821468  
0.978907  0.821468  
0.893002  0.777217  
0.936757  0.7708  
0.945236  0.777564  
0.978907  0.821468  
0.974654  0.834804  
0.834638  0.874643  
0.832792  0.865586  
0.762667  0.730335  
0.784176  0.698958  
0.824636  0.681073  
0.87758  0.739138  
0.893002  0.777217  
0.832792  0.865586  
0.807623  0.8455  
0.780531  0.815787  
0.732738  0.6447  
0.728954  0.636782  
0.775631  0.613854  
0.827384  0.673975  
0.824636  0.681073  
0.784176  0.698958  
0.732923  0.583978  
0.77816  0.602228  
0.775631  0.613854  
0.728954  0.636782  
0.723203  0.632239  
0.678562  0.636697  
0.678699  0.636618  
0.693423  0.632981  
0.703924  0.631513  
0.723203  0.632239  
0.728954  0.636782  
0.732738  0.6447  
0.697032  0.700495  
0.672311  0.658371  
0.64162  0.679807  
0.672311  0.658371  
0.697032  0.700495  
0.699768  0.72088  
0.663889  0.723896  
0.61355  0.676599  
0.64162  0.679807  
0.663889  0.723896  
0.629552  0.750476  
0.585691  0.722097  
0.588234  0.716422  
0.612793  0.629476  
0.634212  0.62258  
0.646325  0.623624  
0.678562  0.636697  
0.672311  0.658371  
0.64162  0.679807  
0.61355  0.676599  
0.611314  0.6689  
0.511144  0.776812  
0.54472  0.783944  
0.542739  0.813228  
0.487329  0.832121  
0.485075  0.820667  
0.412145  0.803419  
0.43671  0.786735  
0.485075  0.820667  
0.487329  0.832121  
0.484523  0.852473  
0.472288  0.875513  
0.369849  0.917203  
0.379836  0.908871  
0.421314  0.90988  
0.454675  0.926774  
0.390478  0.948928  
0.374273  0.940887  
0.332992  0.850117  
0.36745  0.842321  
0.421314  0.90988  
0.379836  0.908871  
0.199466  0.837284  
0.20721  0.836171  
0.216873  0.840548  
0.226937  0.860505  
0.19184  0.925631  
0.161893  0.927323  
0.14042  0.914265  
0.145262  0.886122  
0.0755176  0.868967  
0.0867953  0.844059  
0.127524  0.845104  
0.145262  0.886122  
0.14042  0.914265  
0.118222  0.920832  
0.0968042  0.918191  
0.0356615  0.825366  
0.0477416  0.79928  
0.0622511  0.799631  
0.0867953  0.844059  
0.0755176  0.868967  
0.0310598  0.852837  
0  0.825366  
0.0356615  0.825366  
0.0310598  0.852837  
0.0180751  0.868261  
0  0.878206  
0.974654  0.834804  
0.978907  0.821468  
1  0.821468  
1  0.905539  
0.974414  0.889713  
0.834638  0.874643  
0.974654  0.834804  
0.974414  0.889713  
0.849252  0.894114  
0.835637  0.88274  
0.68685  0.809567  
0.780531  0.815787  
0.807623  0.8455  
0.682482  0.872197  
0.708476  0.726737  
0.762667  0.730335  
0.780531  0.815787  
0.68685  0.809567  
0.684117  0.807357  
0.681501  0.80196  
0.697032  0.700495  
0.732738  0.6447  
0.784176  0.698958  
0.762667  0.730335  
0.708476  0.726737  
0.699768  0.72088  
0.629552  0.750476  
0.663889  0.723896  
0.699768  0.72088  
0.708476  0.726737  
0.681501  0.80196  
0.651325  0.781665  
0.631419  0.759745  
0.651325  0.781665  
0.681501  0.80196  
0.684117  0.807357  
0.653743  0.824807  
0.613084  0.833692  
0.608157  0.831809  
0.596152  0.80071  
0.631419  0.759745  
0.651325  0.781665  
0.608157  0.831809  
0.606292  0.831556  
0.573801  0.725409  
0.585691  0.722097  
0.629552  0.750476  
0.631419  0.759745  
0.596152  0.80071  
0.548635  0.78144  
0.487329  0.832121  
0.542739  0.813228  
0.549683  0.839664  
0.484523  0.852473  
0.321387  0.947242  
0.374273  0.940887  
0.390478  0.948928  
0.366874  0.983894  
0.306188  0.924853  
0.369849  0.917203  
0.374273  0.940887  
0.321387  0.947242  
0.315954  0.944769  
0.3247  0.850302  
0.332992  0.850117  
0.379836  0.908871  
0.369849  0.917203  
0.306188  0.924853  
0.294154  0.909759  
0.294687  0.903231  
0.226937  0.860505  
0.294687  0.903231  
0.294154  0.909759  
0.239819  0.941517  
0.19184  0.925631  
0.0180751  0.868261  
0.0310598  0.852837  
0.0755176  0.868967  
0.0968042  0.918191  
0.0831777  0.9227  
0  0.878206  
0.0180751  0.868261  
0.0831777  0.9227  
0.046757  0.946891  
0  0.907792  
0  0.907792  
0.046757  0.946891  
0.0436746  0.955777  
0  0.955777  
1  0.90856  
1  0.980518  
0.952886  0.980518  
0.849252  0.894114  
0.974414  0.889713  
1  0.905539  
1  0.90856  
0.952886  0.980518  
0.924348  1  
0.90811  1  
0.681617  0.873785  
0.682482  0.872197  
0.807623  0.8455  
0.832792  0.865586  
0.834638  0.874643  
0.835637  0.88274  
0.784338  0.928609  
0.727622  0.940709  
0.706114  0.939594  
0.644649  0.874922  
0.644876  0.874864  
0.681617  0.873785  
0.706114  0.939594  
0.653247  0.968525  
0.596411  0.93159  
0.653743  0.824807  
0.684117  0.807357  
0.68685  0.809567  
0.682482  0.872197  
0.681617  0.873785  
0.644876  0.874864  
0.613084  0.833692  
0.653743  0.824807  
0.644876  0.874864  
0.644649  0.874922  
0.602988  0.834414  
0.606292  0.831556  
0.608157  0.831809  
0.613084  0.833692  
0.644649  0.874922  
0.596411  0.93159  
0.586361  0.930041  
0.581448  0.928668  
0.550214  0.840319  
0.602988  0.834414  
0.581448  0.928668  
0.571059  0.928656  
0.552195  0.926813  
0.542739  0.813228  
0.54472  0.783944  
0.548635  0.78144  
0.596152  0.80071  
0.606292  0.831556  
0.602988  0.834414  
0.550214  0.840319  
0.549683  0.839664  
0.472288  0.875513  
0.484523  0.852473  
0.549683  0.839664  
0.550214  0.840319  
0.552195  0.926813  
0.546826  0.928371  
0.514579  0.929821  
0.486659  0.925191  
0.470843  0.919657  
0.470112  0.908454  
0.390478  0.948928  
0.454675  0.926774  
0.455366  0.926877  
0.454962  0.928019  
0.406371  1  
0.371953  1  
0.366874  0.983894  
0.309851  0.967979  
0.315954  0.944769  
0.321387  0.947242  
0.366874  0.983894  
0.371953  1  
0.316992  1  
0.239819  0.941517  
0.294154  0.909759  
0.306188  0.924853  
0.315954  0.944769  
0.309851  0.967979  
0.268875  0.99958  
0.23925  0.962422  
0.161893  0.927323  
0.19184  0.925631  
0.239819  0.941517  
0.23925  0.962422  
0.213305  1  
0.199714  1  
0.166756  0.963122  
0.118222  0.920832  
0.14042  0.914265  
0.161893  0.927323  
0.166756  0.963122  
0.16049  0.9759  
0.134043  0.99698  
0.109824  0.976591  
0.0436746  0.955777  
0.046757  0.946891  
0.0831777  0.9227  
0.0968042  0.918191  
0.118222  0.920832  
0.109824  0.976591  
0.0921376  1  
0.0463357  1  
0.0412787  0.983404  
0  0.955777  
0.0436746  0.955777  
0.0412787  0.983404  
0  0.983404  
0.952886  0.980518  
1  0.980518  
1  1  
0.924348  1  
0.784338  0.928609  
0.835637  0.88274  
0.849252  0.894114  
0.90811  1  
0.784338  1  
0.727622  0.940709  
0.784338  0.928609  
0.784338  1  
0.727622  1  
0.653247  0.968525  
0.706114  0.939594  
0.727622  0.940709  
0.727622  1  
0.653247  1  
0.586361  0.930041  
0.596411  0.93159  
0.653247  0.968525  
0.653247  1  
0.586361  1  
0.571059  0.928656  
0.581448  0.928668  
0.586361  0.930041  
0.586361  1  
0.571059  1  
0.546826  0.928371  
0.552195  0.926813  
0.571059  0.928656  
0.571059  1  
0.546826  1  
0.514579  0.929821  
0.546826  0.928371  
0.546826  1  
0.514579  1  
0.486659  0.925191  
0.514579  0.929821  
0.514579  1  
0.486659  1  
0.454962  0.928019  
0.455366  0.926877  
0.470843  0.919657  
0.486659  0.925191  
0.486659  1  
0.454962  1  
0.454962  0.928019  
0.454962  1  
0.406371  1  
0.309851  0.967979  
0.316992  1  
0.268875  1  
0.268875  0.99958  
0.23925  0.962422  
0.268875  0.99958  
0.268875  1  
0.213305  1  
0.16049  0.9759  
0.166756  0.963122  
0.199714  1  
0.16049  1  
0.16049  0.9759  
0.16049  1  
0.134043  1  
0.134043  0.99698  
0.109824  0.976591  
0.134043  0.99698  
0.134043  1  
0.0921376  1  
0  0.983404  
0.0412787  0.983404  
0.0463357  1  
0  1  
# grid vertices 
662
Inf Inf 
0.596411 0.93159 
0.339027 0.352856 
0.905079 0.159302 
0.120637 0.163473 
0.239819 0.941517 
0.0565648 0.0665943 
0.47267 0.126729 
0.514349 0.553887 
0.44576 0.084261 
0.382913 1.03475 
0.210968 0.123472 
0.316152 0.49565 
0.89144 0.487846 
0.424019 0.211431 
0.545149 0.0580094 
0.401622 0.287324 
0.629096 0.542719 
0.454675 0.926774 
0.723203 0.632239 
0.571059 0.928656 
0.612793 0.629476 
0.588234 0.716422 
0.516266 0.620937 
0.544579 0.0575221 
0.924228 0.529272 
0.585691 0.722097 
0.763771 0.5645 
0.980173 0.39636 
0.538521 0.0546907 
0.0700628 0.08237 
0.116258 0.0760392 
0.151743 0.194439 
0.0138109 0.153065 
0.246372 0.115649 
0.419887 0.0579584 
0.42567 0.231864 
0.325152 0.111413 
0.647793 0.0170973 
0.238555 0.394795 
0.31584 0.188487 
0.358761 0.376643 
0.397253 0.222305 
0.369849 0.917203 
0.163113 0.258215 
0.094148 0.374003 
0.0647153 0.180209 
0.364975 0.769707 
0.108884 0.648798 
0.344493 0.319489 
0.148156 0.292239 
0.320068 0.238427 
0.148 0.287732 
0.0734997 0.678019 
0.221509 0.455769 
0.127641 0.727332 
0.110281 0.626843 
0.355295 0.574742 
0.148305 0.669178 
0.209805 0.788409 
0.412145 0.803419 
0.145262 0.886122 
0.472288 0.875513 
0.294687 0.903231 
0.0968042 0.918191 
0.306188 0.924853 
0.455366 0.926877 
0.261737 0.741525 
0.466822 0.735567 
0.546826 0.928371 
0.26208 0.741909 
0.354207 0.581468 
0.356851 0.683338 
0.54472 0.783944 
0.355155 0.580267 
0.548635 0.78144 
0.47341 0.369302 
0.502188 0.622908 
0.56217 0.535982 
0.634212 0.62258 
0.589005 0.422208 
0.67332 0.598863 
0.589386 0.422234 
0.833477 0.516311 
0.634938 0.531578 
0.775631 0.613854 
0.708476 0.726737 
0.631419 0.759745 
0.695925 0.575382 
0.824636 0.681073 
0.834638 0.874643 
0.921061 0.681264 
0.727622 0.940709 
0.835637 0.88274 
0.784338 0.928609 
0.739649 0.563798 
0.804382 0.532959 
0.732164 0.578652 
0.727559 0.438837 
0.715455 0.519272 
0.892248 0.4666 
0.978907 0.821468 
0.931496 0.530029 
0.877215 0.268892 
0.559823 0.103256 
0.83713 0.448148 
0.820147 0.317606 
0.866401 0.268928 
0.855328 0.14531 
0.720938 0.327978 
0.549204 0.479386 
0.754894 0.525129 
0.819146 0.497953 
0.775889 0.480687 
0.805852 0.460138 
0.814624 0.463278 
0.777849 0.311817 
0.601375 0.0328084 
0.541469 0.162933 
0.498071 0.360413 
0.673456 0.109781 
0.870059 0.0171715 
0.682833 0.0329432 
0.895214 0.22133 
0.96553 0.0794428 
0.973985 0.216055 
0.943195 0.0719708 
0.016093 0.0107399 
0.0510742 0.0631568 
0.0519094 0.0634132 
0.0363482 0.124847 
0.0336895 0.140561 
0.0401641 0.244494 
0.0195159 0.191543 
0.0924464 0.0886475 
0.233727 0.0397056 
0.255367 0.119661 
0.263215 0.202249 
0.353374 0.107338 
0.34569 0.207482 
0.164119 -0.194631 
0.149206 0.0695995 
0.12713 -0.0669415 
0.197733 0.0115089 
0.351618 -0.0543787 
0.307868 0.10821 
0.3946 0.0531829 
0.291472 0.021412 
0.448007 0.0858756 
0.456267 0.0365701 
0.497274 0.0250507 
0.574148 0.0395783 
0.595652 0.0344443 
0.614359 0.0737525 
0.598352 0.0331918 
0.628092 0.0679535 
0.789431 0.23196 
0.675484 0.113123 
0.601497 0.0970921 
0.612383 0.167842 
0.585351 0.198285 
0.840916 0.270594 
0.569211 0.1048 
0.655942 0.196905 
0.603169 0.135155 
0.412628 0.15726 
0.359762 0.206174 
0.420465 0.150834 
0.359285 0.104491 
0.472279 0.11452 
0.512115 0.221518 
0.499584 0.177807 
0.54811 0.083079 
0.264417 0.199703 
0.231871 0.237476 
0.31728 0.261055 
0.145019 0.337211 
0.269374 0.261341 
0.34319 0.293601 
0.419324 0.219736 
0.493382 0.309188 
0.497725 0.177399 
0.517293 0.273111 
0.589907 0.214176 
0.720284 0.395012 
0.445951 0.494621 
0.494721 0.359073 
0.672515 0.322153 
0.635349 0.472323 
0.571828 0.600133 
0.590925 0.564118 
0.25719 0.488471 
0.0590851 0.537066 
0.282935 0.308649 
0.230168 0.3698 
0.318444 0.349763 
0.316877 0.489201 
0.50349 0.506491 
0.45995 0.377283 
0.0630995 0.553181 
0.183973 0.659095 
0.058711 0.613467 
0.172706 0.58707 
0.110596 0.656275 
0.172788 0.589425 
0.0758365 0.527953 
0.12591 0.364369 
0.158819 0.506923 
0.135628 0.396273 
0.185266 0.565489 
0.0914738 0.573162 
0.178919 0.525345 
0.15869 0.440402 
-0.00119818 0.182379 
0.0133243 0.25466 
0.0378432 0.155748 
0.0396772 0.229111 
0.0420794 0.524776 
0.0463515 0.595227 
-0.204687 0.445876 
0.0264782 0.376749 
0.0578606 0.693498 
0.0210201 0.620109 
0.0327738 0.671414 
0.0532675 0.695427 
0.0622511 0.799631 
0.0519006 0.698348 
0.137575 0.767911 
0.0495794 0.707413 
0.187703 0.654527 
0.169703 0.758153 
0.19881 0.72598 
0.398654 0.717822 
0.112353 0.77867 
0.130825 0.777338 
0.207381 1.00858 
0.20721 0.836171 
0.134481 0.788255 
0.0314803 0.734875 
0.0380022 0.788583 
0.0477416 0.79928 
0.0356615 0.825366 
0.127524 0.845104 
-0.0213404 0.889947 
0.0310598 0.852837 
0.0180751 0.868261 
0.0867953 0.844059 
0.118222 0.920832 
0.0755176 0.868967 
0.0594992 1.0432 
0.046757 0.946891 
0.0412787 0.983404 
0.0436746 0.955777 
0.0831777 0.9227 
0.109824 0.976591 
0.161893 0.927323 
0.134043 0.99698 
0.16049 0.9759 
0.14042 0.914265 
0.199466 0.837284 
0.332992 0.850117 
0.166756 0.963122 
0.19184 0.925631 
0.294154 0.909759 
0.216873 0.840548 
0.226937 0.860505 
0.279849 0.804531 
0.315954 0.944769 
0.3247 0.850302 
0.321387 0.947242 
0.379836 0.908871 
0.374273 0.940887 
0.486659 0.925191 
0.309851 0.967979 
0.23925 0.962422 
0.268875 0.99958 
0.366874 0.983894 
0.390478 0.948928 
0.365582 1.21789 
0.552195 0.926813 
0.596152 0.80071 
0.421314 0.90988 
0.36745 0.842321 
0.454962 0.928019 
0.470112 0.908454 
0.470843 0.919657 
0.613084 0.833692 
0.586361 0.930041 
0.514579 0.929821 
0.511144 0.776812 
0.602988 0.834414 
0.485075 0.820667 
0.581448 0.928668 
0.550214 0.840319 
0.385846 0.829051 
0.408356 0.803964 
0.43671 0.786735 
0.611314 0.6689 
0.542739 0.813228 
0.487329 0.832121 
0.549683 0.839664 
0.484523 0.852473 
0.255096 0.649671 
0.344861 0.584922 
0.310488 0.823754 
0.261206 0.763148 
0.323402 0.799694 
0.32655 0.723199 
0.390499 0.781215 
0.338213 0.714786 
0.467177 0.735382 
0.573801 0.725409 
0.494882 0.681107 
0.488828 0.63124 
0.61355 0.676599 
0.564016 0.655474 
0.640534 0.373858 
0.781728 0.495312 
0.726457 0.504137 
0.639002 0.488266 
0.704745 0.455755 
0.784622 0.474008 
0.74663 0.498086 
0.703924 0.631513 
0.758521 0.511436 
0.748952 0.562508 
0.781059 0.532805 
0.764417 0.535515 
0.691969 0.550049 
0.73818 0.566136 
0.716792 0.526014 
0.731756 0.541437 
0.77816 0.602228 
0.732923 0.583978 
0.651554 0.572814 
0.694279 0.574632 
0.63396 0.552777 
0.687609 0.552939 
0.678699 0.636618 
0.678044 0.583557 
0.693423 0.632981 
0.685947 0.580516 
0.651325 0.781665 
0.606292 0.831556 
0.64162 0.679807 
0.629552 0.750476 
0.646325 0.623624 
0.65551 0.59164 
0.653743 0.824807 
0.608157 0.831809 
0.681501 0.80196 
0.644876 0.874864 
0.68685 0.809567 
0.644649 0.874922 
0.682482 0.872197 
0.653247 0.968525 
0.684117 0.807357 
0.832792 0.865586 
0.706114 0.939594 
0.681617 0.873785 
0.807623 0.8455 
0.663889 0.723896 
0.678562 0.636697 
0.697032 0.700495 
0.672311 0.658371 
0.699768 0.72088 
0.780531 0.815787 
0.728954 0.636782 
0.784176 0.698958 
0.827384 0.673975 
0.732738 0.6447 
0.848405 0.645996 
0.87758 0.739138 
0.857861 0.604045 
0.935961 0.627981 
0.762667 0.730335 
0.893002 0.777217 
0.952886 0.980518 
0.952665 0.669245 
0.936757 0.7708 
0.974414 0.889713 
1.00141 0.90641 
0.912577 1.00804 
0.849252 0.894114 
0.974654 0.834804 
1.02373 0.615094 
0.977214 0.716951 
0.945236 0.777564 
0.86359 0.609777 
0.955418 0.647551 
0.956794 0.586795 
0.992165 0.587476 
0.997859 0.386615 
0.782171 0.571085 
0.776178 0.534903 
0.778997 0.50596 
0.819269 0.498242 
0.780782 0.598739 
0.821015 0.538912 
0.883771 0.602647 
0.821204 0.546466 
0.761195 0.511678 
0.755424 0.478833 
0.73957 0.443504 
0.785659 0.424965 
0.786431 0.470229 
0.770798 0.435394 
0.852966 0.440262 
0.795286 0.436594 
0.863981 0.437574 
0.787086 0.424435 
0.94749 0.527776 
0.946959 0.42582 
0.9654 0.527417 
0.951063 0.426248 
0.788742 0.422529 
1.05897 0.4865 
0.949083 0.32708 
0.967931 0.438623 
0.957322 0.31166 
0.927788 0.22958 
0.964012 0.311191 
0.940685 0.222008 
0.98093 0.30635 
0.886082 0.249291 
0.800157 0.397298 
0.956181 0.310531 
0.875996 0.355036 
0.926392 0.232894 
0.910964 0.284552 
0.826133 0.326232 
0.869713 0.338265 
0.857179 0.297459 
0.869894 0.336715 
0.911227 0.284833 
0.87095 0.373918 
0.949269 0.325392 
0.932061 0.392622 
0.82438 0.369311 
0.775433 0.360683 
0.779031 0.293694 
0.81258 0.313858 
0.868035 0.376758 
0.862275 0.429135 
0.651358 0.336465 
0.744367 0.368362 
0.712349 0.324465 
0.610725 0.266634 
0.68841 0.261861 
0.753785 0.304383 
0.736512 0.379572 
0.79966 0.378435 
0.591456 0.237721 
0.772176 0.103872 
0.612391 0.284683 
0.678914 0.250354 
0.753022 0.257755 
0.723257 0.283092 
0.743834 0.280569 
0.67477 0.115326 
0.762635 0.254456 
0.785524 0.318952 
0.796828 0.264396 
0.806288 0.312697 
0.856132 0.262316 
0.807552 0.276195 
0.666102 0.0213543 
0.848136 0.13825 
0.78656 0.238021 
0.648272 0.209533 
0.686995 0.252984 
0.85318 0.25703 
0.627899 0.0342252 
0.664078 0.0742989 
0.638523 0.161601 
0.593294 0.222659 
0.6706 0.119056 
0.716918 0.198272 
0.697173 0.183924 
0.709279 0.231927 
0.606949 0.0341118 
0.618753 0.00639342 
0.643113 0.00652527 
0.667637 0.0763785 
0.685979 0.0365365 
0.722769 0.0259182 
0.737621 0.0361653 
0.836212 -0.101477 
0.796546 -0.00776129 
0.803892 0.118926 
0.924233 0.0359851 
0.822996 0.128363 
0.958993 -0.132784 
0.971885 0.000518867 
0.95365 0.0364034 
0.788587 0.17022 
0.816034 0.12873 
0.855579 0.146453 
0.977651 0.138621 
0.983608 0.16166 
0.951026 0.224022 
0.910971 0.162877 
0.954707 0.124699 
0.949733 0.0761585 
0.996595 0.0982925 
0.985952 0.22265 
0.974448 0.169919 
0.939886 0.0494194 
0.989284 0.0154541 
0.980355 0.00569004 
0.997611 0.0364557 
0.988617 0.0598706 
0.997034 0.0367843 
3.08383 0.00569004 
0.958993 -2.32872 
0.836212 -2.20476 
0.722769 -1.91211 
0.682833 -1.88284 
0.666102 -1.89951 
0.643113 -1.9215 
0.618753 -1.91551 
0.598352 -1.85808 
0.574148 -1.84099 
0.544579 -1.80141 
0.497274 -1.86412 
0.456267 -1.84313 
0.351618 -2.04249 
0.164119 -2.38042 
0.0519094 -1.97641 
0.016093 -2.09162 
3.09211 0.0154541 
-2.08626 0.0107399 
3.09189 0.0364557 
-1.98953 0.0631568 
3.06045 0.0598706 
-1.97428 0.124847 
3.04954 0.0982925 
-1.99768 0.153065 
2.98803 0.16166 
-2.00878 0.182379 
2.95969 0.22265 
-1.94591 0.25466 
2.9136 0.30635 
-2.32566 0.445876 
2.92268 0.386615 
-1.887 0.620109 
3.03232 0.4865 
-1.87912 0.671414 
2.97417 0.615094 
-1.85235 0.698348 
2.91564 0.716951 
-1.90683 0.734875 
2.88412 0.777564 
-1.92093 0.788583 
2.96992 0.821468 
-1.94554 0.825366 
3.06105 0.90641 
-2.0866 0.889947 
3.02741 0.980518 
-2.01549 0.955777 
0.912577 3.07671 
0.784338 2.85717 
0.727622 2.85094 
0.653247 2.87569 
0.586361 2.78288 
0.571059 2.77738 
0.546826 2.77351 
0.514579 2.7741 
0.486659 2.76481 
0.454962 2.77261 
0.365582 3.36247 
0.268875 2.96425 
0.207381 3.00955 
0.16049 2.97471 
0.134043 3.02838 
0.0594992 3.15678 
-2.03935 0.983404 
1 0 
0.971835 0 
1 0.00569004 
0.931644 0 
0.865161 0 
0.786134 0 
0.722769 0 
0.682833 0 
0.666102 0 
0.643113 0 
0.618753 0 
0.598352 0 
0.574148 0 
0.544579 0 
0.497274 0 
0.456267 0 
0.373348 0 
0.308464 0 
0.195856 0 
0.0917559 0 
0.0519094 0 
0.016093 0 
0 0 
0 0.0107399 
1 0.0154541 
0.796996 0 
0.12204 0 
0 0.0631568 
1 0.0364557 
0 0.124847 
1 0.0598706 
0 0.153065 
1 0.0982925 
0 0.180039 
0 0.182909 
1 0.16166 
0 0.25466 
1 0.22265 
0 0.384667 
1 0.30635 
0 0.511322 
0 0.620109 
1 0.386615 
0 0.671414 
1 0.455488 
1 0.512287 
0 0.698348 
1 0.59433 
0 0.734875 
1 0.626369 
1 0.716951 
0 0.788583 
1 0.777564 
0 0.825366 
1 0.821468 
0 0.878206 
1 0.905539 
0 0.907792 
0 0.955777 
1 0.90856 
1 0.980518 
0.90811 1 
0.924348 1 
0.371953 1 
0.406371 1 
0.316992 1 
0.199714 1 
0.213305 1 
0.0463357 1 
0.0921376 1 
0 0.983404 
1 1 
0.784338 1 
0.727622 1 
0.653247 1 
0.586361 1 
0.571059 1 
0.546826 1 
0.514579 1 
0.486659 1 
0.454962 1 
0.268875 1 
0.16049 1 
0.134043 1 
0 1 
