# Date: 8/3/2013   Time: 23:6
# dimensions 
1 1 
# connectivity 
25
4  1  2  3  4    1 1 
6  5  6  7  8  9  10    1 1 
3  11  12  13    1 1 
6  14  15  16  17  18  19    1 1 
4  20  21  22  23    1 1 
5  24  25  26  27  28    1 1 
6  29  30  31  32  33  34    1 1 
6  35  36  37  38  39  40    1 1 
6  41  42  43  44  45  46    1 1 
4  47  48  49  50    1 1 
7  51  52  53  54  55  56  57    1 1 
5  58  59  60  61  62    1 1 
5  63  64  65  66  67    1 1 
7  68  69  70  71  72  73  74    1 1 
4  75  76  77  78    1 1 
5  79  80  81  82  83    1 1 
6  84  85  86  87  88  89    1 1 
4  90  91  92  93    1 1 
9  94  95  96  97  98  99  100  101  102    1 1 
5  103  104  105  106  107    1 1 
4  108  109  110  111    1 1 
5  112  113  114  115  116    1 1 
5  117  118  119  120  121    1 1 
5  122  123  124  125  126    1 1 
4  127  128  129  130    1 1 
# DG vertices (counter-clockwise) 
130
0  0  
0.037682  0  
0.037682  0.134714  
0  0.134714  
0  0.134714  
0.037682  0.134714  
0.116178  0.156671  
0.111758  0.172983  
0.0417572  0.275149  
0  0.275149  
0  0.275149  
0.0417572  0.275149  
0  0.35848  
0  0.571662  
0.0597721  0.578719  
0.196625  0.777989  
0.195463  0.800966  
0.0993687  0.91932  
0  0.91932  
0  0.91932  
0.0993687  0.91932  
0.0993687  1  
0  1  
0.037682  0  
0.311307  0  
0.311307  0.10414  
0.116178  0.156671  
0.037682  0.134714  
0.111758  0.172983  
0.116178  0.156671  
0.311307  0.10414  
0.339719  0.139373  
0.330627  0.416318  
0.109397  0.536038  
0  0.35848  
0.0417572  0.275149  
0.111758  0.172983  
0.109397  0.536038  
0.0597721  0.578719  
0  0.571662  
0.195463  0.800966  
0.196625  0.777989  
0.486016  0.703455  
0.56512  0.818734  
0.440362  1  
0.346113  1  
0.0993687  0.91932  
0.195463  0.800966  
0.346113  1  
0.0993687  1  
0.311307  0  
0.726857  0  
0.726857  0.139188  
0.720007  0.1466  
0.599985  0.170772  
0.339719  0.139373  
0.311307  0.10414  
0.566084  0.321777  
0.599985  0.170772  
0.720007  0.1466  
0.773666  0.486993  
0.697747  0.498679  
0.339719  0.139373  
0.599985  0.170772  
0.566084  0.321777  
0.437671  0.483857  
0.330627  0.416318  
0.0597721  0.578719  
0.109397  0.536038  
0.330627  0.416318  
0.437671  0.483857  
0.507123  0.557901  
0.486016  0.703455  
0.196625  0.777989  
0.56512  0.818734  
0.76573  0.863218  
0.76573  1  
0.440362  1  
0.726857  0  
0.953232  0  
0.953232  0.113942  
0.862892  0.151022  
0.726857  0.139188  
0.720007  0.1466  
0.726857  0.139188  
0.862892  0.151022  
0.999482  0.357876  
0.790546  0.497039  
0.773666  0.486993  
0.566084  0.321777  
0.697747  0.498679  
0.507123  0.557901  
0.437671  0.483857  
0.507123  0.557901  
0.697747  0.498679  
0.773666  0.486993  
0.790546  0.497039  
0.843909  0.597056  
0.81678  0.82151  
0.76573  0.863218  
0.56512  0.818734  
0.486016  0.703455  
0.76573  0.863218  
0.81678  0.82151  
0.969622  0.853122  
0.969622  1  
0.76573  1  
0.953232  0  
1  0  
1  0.113942  
0.953232  0.113942  
0.862892  0.151022  
0.953232  0.113942  
1  0.113942  
1  0.357876  
0.999482  0.357876  
0.999482  0.357876  
1  0.357876  
1  0.597056  
0.843909  0.597056  
0.790546  0.497039  
0.843909  0.597056  
1  0.597056  
1  0.853122  
0.969622  0.853122  
0.81678  0.82151  
0.969622  0.853122  
1  0.853122  
1  1  
0.969622  1  
# grid vertices 
70
0.195463 0.800966 
0.037682 0.134714 
0.720007 0.1466 
0.330627 0.416318 
0.0597721 0.578719 
0.0417572 0.275149 
-0.10086 0.559756 
0.116178 0.156671 
0.109397 0.536038 
0.111758 0.172983 
0.953232 0.113942 
0.196625 0.777989 
0.0993687 0.91932 
0.507123 0.557901 
0.486016 0.703455 
0.843909 0.597056 
0.311307 0.10414 
0.697747 0.498679 
0.437671 0.483857 
0.395477 1.06522 
0.76573 0.863218 
0.81678 0.82151 
0.56512 0.818734 
0.969622 0.853122 
0.790546 0.497039 
0.599985 0.170772 
0.773666 0.486993 
0.566084 0.321777 
0.339719 0.139373 
0.726857 0.139188 
0.999482 0.357876 
0.862892 0.151022 
0.037682 -1.86871 
-1.96574 0.134714 
-1.88289 0.275149 
-2.1189 0.559756 
-1.89479 0.91932 
0.311307 -1.7486 
0.0993687 2.91348 
0.726857 -1.70123 
0.395477 3.05423 
0.953232 -1.89564 
0.76573 2.72748 
2.96281 0.113942 
2.933 0.357876 
2.61546 0.597056 
2.97141 0.853122 
0.969622 2.85491 
0.037682 0 
0 0 
0 0.134714 
0 0.275149 
0 0.35848 
0 0.571662 
0 0.91932 
0 1 
0.0993687 1 
0.311307 0 
0.346113 1 
0.440362 1 
0.726857 0 
0.76573 1 
0.953232 0 
1 0.853122 
1 1 
1 0 
1 0.113942 
1 0.357876 
1 0.597056 
0.969622 1 
