# Date: 8/3/2013   Time: 23:6
# dimensions 
1 1 
# connectivity 
9
4  1  2  3  4    1 1 
6  5  6  7  8  9  10    1 1 
4  11  12  13  14    1 1 
5  15  16  17  18  19    1 1 
6  20  21  22  23  24  25    1 1 
5  26  27  28  29  30    1 1 
5  31  32  33  34  35    1 1 
4  36  37  38  39    1 1 
5  40  41  42  43  44    1 1 
# DG vertices (counter-clockwise) 
44
0  0  
0.194376  0  
0.194376  0.127605  
0  0.127605  
0  0.127605  
0.194376  0.127605  
0.305282  0.296545  
0.18164  0.606846  
0.113576  0.627605  
0  0.627605  
0  0.627605  
0.113576  0.627605  
0.113576  1  
0  1  
0.194376  0  
0.694376  0  
0.694376  0.160514  
0.305282  0.296545  
0.194376  0.127605  
0.305282  0.296545  
0.694376  0.160514  
0.731482  0.195143  
0.828412  0.695143  
0.613576  0.877621  
0.18164  0.606846  
0.113576  0.627605  
0.18164  0.606846  
0.613576  0.877621  
0.613576  1  
0.113576  1  
0.694376  0  
1  0  
1  0.195143  
0.731482  0.195143  
0.694376  0.160514  
0.731482  0.195143  
1  0.195143  
1  0.695143  
0.828412  0.695143  
0.828412  0.695143  
1  0.695143  
1  1  
0.613576  1  
0.613576  0.877621  
# grid vertices 
28
0.113576 0.627605 
0.194376 0.127605 
0.18164 0.606846 
0.613576 0.877621 
0.694376 0.160514 
0.305282 0.296545 
0.828412 0.695143 
0.731482 0.195143 
0.194376 -1.76836 
-1.70159 0.127605 
-1.70759 0.627605 
0.694376 -1.64489 
0.113576 2.44877 
2.52848 0.195143 
2.62464 0.695143 
0.613576 2.68617 
0.194376 0 
0 0 
0 0.127605 
0 0.627605 
0 1 
0.113576 1 
0.694376 0 
0.613576 1 
1 0 
1 0.195143 
1 0.695143 
1 1 
