# Date: 8/1/2013   Time: 14:32
# dimensions 
1 1 
# connectivity 
256
4  1  2  3  4    1 1 
5  5  6  7  8  9    1 1 
5  10  11  12  13  14    1 1 
5  15  16  17  18  19    1 1 
5  20  21  22  23  24    1 1 
3  25  26  27    1 1 
4  28  29  30  31    1 1 
4  32  33  34  35    1 1 
5  36  37  38  39  40    1 1 
5  41  42  43  44  45    1 1 
4  46  47  48  49    1 1 
6  50  51  52  53  54  55    1 1 
5  56  57  58  59  60    1 1 
5  61  62  63  64  65    1 1 
4  66  67  68  69    1 1 
4  70  71  72  73    1 1 
5  74  75  76  77  78    1 1 
6  79  80  81  82  83  84    1 1 
6  85  86  87  88  89  90    1 1 
4  91  92  93  94    1 1 
8  95  96  97  98  99  100  101  102    1 1 
6  103  104  105  106  107  108    1 1 
7  109  110  111  112  113  114  115    1 1 
6  116  117  118  119  120  121    1 1 
5  122  123  124  125  126    1 1 
6  127  128  129  130  131  132    1 1 
7  133  134  135  136  137  138  139    1 1 
7  140  141  142  143  144  145  146    1 1 
4  147  148  149  150    1 1 
7  151  152  153  154  155  156  157    1 1 
5  158  159  160  161  162    1 1 
5  163  164  165  166  167    1 1 
5  168  169  170  171  172    1 1 
5  173  174  175  176  177    1 1 
9  178  179  180  181  182  183  184  185  186    1 1 
6  187  188  189  190  191  192    1 1 
9  193  194  195  196  197  198  199  200  201    1 1 
6  202  203  204  205  206  207    1 1 
5  208  209  210  211  212    1 1 
5  213  214  215  216  217    1 1 
6  218  219  220  221  222  223    1 1 
7  224  225  226  227  228  229  230    1 1 
3  231  232  233    1 1 
6  234  235  236  237  238  239    1 1 
6  240  241  242  243  244  245    1 1 
7  246  247  248  249  250  251  252    1 1 
7  253  254  255  256  257  258  259    1 1 
4  260  261  262  263    1 1 
5  264  265  266  267  268    1 1 
4  269  270  271  272    1 1 
5  273  274  275  276  277    1 1 
5  278  279  280  281  282    1 1 
5  283  284  285  286  287    1 1 
5  288  289  290  291  292    1 1 
9  293  294  295  296  297  298  299  300  301    1 1 
6  302  303  304  305  306  307    1 1 
4  308  309  310  311    1 1 
5  312  313  314  315  316    1 1 
8  317  318  319  320  321  322  323  324    1 1 
5  325  326  327  328  329    1 1 
7  330  331  332  333  334  335  336    1 1 
6  337  338  339  340  341  342    1 1 
5  343  344  345  346  347    1 1 
4  348  349  350  351    1 1 
4  352  353  354  355    1 1 
8  356  357  358  359  360  361  362  363    1 1 
6  364  365  366  367  368  369    1 1 
5  370  371  372  373  374    1 1 
8  375  376  377  378  379  380  381  382    1 1 
5  383  384  385  386  387    1 1 
6  388  389  390  391  392  393    1 1 
5  394  395  396  397  398    1 1 
5  399  400  401  402  403    1 1 
7  404  405  406  407  408  409  410    1 1 
8  411  412  413  414  415  416  417  418    1 1 
10  419  420  421  422  423  424  425  426  427  428    1 1 
5  429  430  431  432  433    1 1 
10  434  435  436  437  438  439  440  441  442  443    1 1 
5  444  445  446  447  448    1 1 
4  449  450  451  452    1 1 
5  453  454  455  456  457    1 1 
6  458  459  460  461  462  463    1 1 
5  464  465  466  467  468    1 1 
7  469  470  471  472  473  474  475    1 1 
5  476  477  478  479  480    1 1 
4  481  482  483  484    1 1 
6  485  486  487  488  489  490    1 1 
9  491  492  493  494  495  496  497  498  499    1 1 
8  500  501  502  503  504  505  506  507    1 1 
7  508  509  510  511  512  513  514    1 1 
6  515  516  517  518  519  520    1 1 
7  521  522  523  524  525  526  527    1 1 
6  528  529  530  531  532  533    1 1 
5  534  535  536  537  538    1 1 
6  539  540  541  542  543  544    1 1 
5  545  546  547  548  549    1 1 
3  550  551  552    1 1 
8  553  554  555  556  557  558  559  560    1 1 
6  561  562  563  564  565  566    1 1 
6  567  568  569  570  571  572    1 1 
4  573  574  575  576    1 1 
7  577  578  579  580  581  582  583    1 1 
5  584  585  586  587  588    1 1 
5  589  590  591  592  593    1 1 
5  594  595  596  597  598    1 1 
4  599  600  601  602    1 1 
6  603  604  605  606  607  608    1 1 
3  609  610  611    1 1 
5  612  613  614  615  616    1 1 
7  617  618  619  620  621  622  623    1 1 
5  624  625  626  627  628    1 1 
4  629  630  631  632    1 1 
4  633  634  635  636    1 1 
6  637  638  639  640  641  642    1 1 
5  643  644  645  646  647    1 1 
8  648  649  650  651  652  653  654  655    1 1 
7  656  657  658  659  660  661  662    1 1 
8  663  664  665  666  667  668  669  670    1 1 
4  671  672  673  674    1 1 
7  675  676  677  678  679  680  681    1 1 
7  682  683  684  685  686  687  688    1 1 
5  689  690  691  692  693    1 1 
5  694  695  696  697  698    1 1 
6  699  700  701  702  703  704    1 1 
5  705  706  707  708  709    1 1 
5  710  711  712  713  714    1 1 
6  715  716  717  718  719  720    1 1 
5  721  722  723  724  725    1 1 
5  726  727  728  729  730    1 1 
7  731  732  733  734  735  736  737    1 1 
6  738  739  740  741  742  743    1 1 
6  744  745  746  747  748  749    1 1 
5  750  751  752  753  754    1 1 
7  755  756  757  758  759  760  761    1 1 
7  762  763  764  765  766  767  768    1 1 
5  769  770  771  772  773    1 1 
8  774  775  776  777  778  779  780  781    1 1 
5  782  783  784  785  786    1 1 
6  787  788  789  790  791  792    1 1 
7  793  794  795  796  797  798  799    1 1 
7  800  801  802  803  804  805  806    1 1 
5  807  808  809  810  811    1 1 
6  812  813  814  815  816  817    1 1 
5  818  819  820  821  822    1 1 
4  823  824  825  826    1 1 
4  827  828  829  830    1 1 
8  831  832  833  834  835  836  837  838    1 1 
6  839  840  841  842  843  844    1 1 
4  845  846  847  848    1 1 
5  849  850  851  852  853    1 1 
5  854  855  856  857  858    1 1 
5  859  860  861  862  863    1 1 
6  864  865  866  867  868  869    1 1 
8  870  871  872  873  874  875  876  877    1 1 
6  878  879  880  881  882  883    1 1 
5  884  885  886  887  888    1 1 
7  889  890  891  892  893  894  895    1 1 
10  896  897  898  899  900  901  902  903  904  905    1 1 
4  906  907  908  909    1 1 
4  910  911  912  913    1 1 
5  914  915  916  917  918    1 1 
5  919  920  921  922  923    1 1 
7  924  925  926  927  928  929  930    1 1 
5  931  932  933  934  935    1 1 
6  936  937  938  939  940  941    1 1 
7  942  943  944  945  946  947  948    1 1 
8  949  950  951  952  953  954  955  956    1 1 
6  957  958  959  960  961  962    1 1 
7  963  964  965  966  967  968  969    1 1 
4  970  971  972  973    1 1 
6  974  975  976  977  978  979    1 1 
8  980  981  982  983  984  985  986  987    1 1 
10  988  989  990  991  992  993  994  995  996  997    1 1 
7  998  999  1000  1001  1002  1003  1004    1 1 
3  1005  1006  1007    1 1 
5  1008  1009  1010  1011  1012    1 1 
4  1013  1014  1015  1016    1 1 
7  1017  1018  1019  1020  1021  1022  1023    1 1 
7  1024  1025  1026  1027  1028  1029  1030    1 1 
5  1031  1032  1033  1034  1035    1 1 
6  1036  1037  1038  1039  1040  1041    1 1 
5  1042  1043  1044  1045  1046    1 1 
8  1047  1048  1049  1050  1051  1052  1053  1054    1 1 
5  1055  1056  1057  1058  1059    1 1 
7  1060  1061  1062  1063  1064  1065  1066    1 1 
6  1067  1068  1069  1070  1071  1072    1 1 
5  1073  1074  1075  1076  1077    1 1 
6  1078  1079  1080  1081  1082  1083    1 1 
4  1084  1085  1086  1087    1 1 
6  1088  1089  1090  1091  1092  1093    1 1 
7  1094  1095  1096  1097  1098  1099  1100    1 1 
4  1101  1102  1103  1104    1 1 
7  1105  1106  1107  1108  1109  1110  1111    1 1 
6  1112  1113  1114  1115  1116  1117    1 1 
6  1118  1119  1120  1121  1122  1123    1 1 
7  1124  1125  1126  1127  1128  1129  1130    1 1 
5  1131  1132  1133  1134  1135    1 1 
5  1136  1137  1138  1139  1140    1 1 
6  1141  1142  1143  1144  1145  1146    1 1 
5  1147  1148  1149  1150  1151    1 1 
5  1152  1153  1154  1155  1156    1 1 
5  1157  1158  1159  1160  1161    1 1 
5  1162  1163  1164  1165  1166    1 1 
8  1167  1168  1169  1170  1171  1172  1173  1174    1 1 
5  1175  1176  1177  1178  1179    1 1 
7  1180  1181  1182  1183  1184  1185  1186    1 1 
6  1187  1188  1189  1190  1191  1192    1 1 
5  1193  1194  1195  1196  1197    1 1 
5  1198  1199  1200  1201  1202    1 1 
7  1203  1204  1205  1206  1207  1208  1209    1 1 
5  1210  1211  1212  1213  1214    1 1 
7  1215  1216  1217  1218  1219  1220  1221    1 1 
7  1222  1223  1224  1225  1226  1227  1228    1 1 
4  1229  1230  1231  1232    1 1 
5  1233  1234  1235  1236  1237    1 1 
7  1238  1239  1240  1241  1242  1243  1244    1 1 
7  1245  1246  1247  1248  1249  1250  1251    1 1 
7  1252  1253  1254  1255  1256  1257  1258    1 1 
6  1259  1260  1261  1262  1263  1264    1 1 
5  1265  1266  1267  1268  1269    1 1 
5  1270  1271  1272  1273  1274    1 1 
6  1275  1276  1277  1278  1279  1280    1 1 
10  1281  1282  1283  1284  1285  1286  1287  1288  1289  1290    1 1 
5  1291  1292  1293  1294  1295    1 1 
4  1296  1297  1298  1299    1 1 
6  1300  1301  1302  1303  1304  1305    1 1 
5  1306  1307  1308  1309  1310    1 1 
6  1311  1312  1313  1314  1315  1316    1 1 
5  1317  1318  1319  1320  1321    1 1 
6  1322  1323  1324  1325  1326  1327    1 1 
9  1328  1329  1330  1331  1332  1333  1334  1335  1336    1 1 
5  1337  1338  1339  1340  1341    1 1 
6  1342  1343  1344  1345  1346  1347    1 1 
5  1348  1349  1350  1351  1352    1 1 
5  1353  1354  1355  1356  1357    1 1 
5  1358  1359  1360  1361  1362    1 1 
4  1363  1364  1365  1366    1 1 
6  1367  1368  1369  1370  1371  1372    1 1 
4  1373  1374  1375  1376    1 1 
5  1377  1378  1379  1380  1381    1 1 
5  1382  1383  1384  1385  1386    1 1 
3  1387  1388  1389    1 1 
5  1390  1391  1392  1393  1394    1 1 
5  1395  1396  1397  1398  1399    1 1 
4  1400  1401  1402  1403    1 1 
4  1404  1405  1406  1407    1 1 
5  1408  1409  1410  1411  1412    1 1 
6  1413  1414  1415  1416  1417  1418    1 1 
4  1419  1420  1421  1422    1 1 
6  1423  1424  1425  1426  1427  1428    1 1 
6  1429  1430  1431  1432  1433  1434    1 1 
7  1435  1436  1437  1438  1439  1440  1441    1 1 
4  1442  1443  1444  1445    1 1 
6  1446  1447  1448  1449  1450  1451    1 1 
5  1452  1453  1454  1455  1456    1 1 
4  1457  1458  1459  1460    1 1 
# DG vertices (counter-clockwise) 
1460
0  0  
0.0174926  0  
0.0174926  0.0290542  
0  0.0290542  
0  0.0290542  
0.0174926  0.0290542  
0.039993  0.042601  
0.0252628  0.102353  
0  0.102353  
0  0.102353  
0.0252628  0.102353  
0.0665085  0.141595  
0.06466  0.14741  
0  0.14741  
0  0.14741  
0.06466  0.14741  
0.0474453  0.204024  
0.0403741  0.210776  
0  0.210776  
0  0.210776  
0.0403741  0.210776  
0.0530298  0.276888  
0.0428574  0.280388  
0  0.280388  
0  0.280388  
0.0428574  0.280388  
0  0.303504  
0  0.351573  
0.0526065  0.360316  
0.029592  0.420267  
0  0.420267  
0  0.420267  
0.029592  0.420267  
0.0403918  0.447542  
0  0.501031  
0  0.521418  
0.0114203  0.527461  
0.0386189  0.555079  
0.0433477  0.585682  
0  0.585682  
0  0.585682  
0.0433477  0.585682  
0.0519569  0.628448  
0.0469674  0.636471  
0  0.636471  
0  0.636471  
0.0469674  0.636471  
0.065377  0.709062  
0  0.709062  
0  0.709062  
0.065377  0.709062  
0.0659544  0.709911  
0.0512732  0.737624  
0.000702162  0.771601  
0  0.771601  
0  0.771601  
0.000702162  0.771601  
0.0392514  0.831285  
0.0376538  0.833697  
0  0.833697  
0  0.833697  
0.0376538  0.833697  
0.0356211  0.900868  
0.0274582  0.908852  
0  0.912038  
0  0.974557  
0.0213948  0.98559  
0.00248595  0.995009  
0  0.995009  
0  0.995009  
0.00248595  0.995009  
0.00248595  1  
0  1  
0.0174926  0  
0.0536186  0  
0.0536186  0.0365611  
0.039993  0.042601  
0.0174926  0.0290542  
0.039993  0.042601  
0.0536186  0.0365611  
0.0874561  0.0383931  
0.0666646  0.141524  
0.0665085  0.141595  
0.0252628  0.102353  
0.0874561  0.0383931  
0.118622  0.0310229  
0.144824  0.0553814  
0.147339  0.0631858  
0.0787948  0.138407  
0.0666646  0.141524  
0.118933  0.221332  
0.148112  0.222145  
0.150098  0.248726  
0.104198  0.270252  
0  0.303504  
0.0428574  0.280388  
0.0530298  0.276888  
0.0747067  0.309435  
0.0817382  0.326781  
0.0772105  0.347416  
0.0526065  0.360316  
0  0.351573  
0.104198  0.270252  
0.150098  0.248726  
0.158425  0.283358  
0.134988  0.305656  
0.0817382  0.326781  
0.0747067  0.309435  
0.0526065  0.360316  
0.0772105  0.347416  
0.129925  0.401797  
0.123135  0.445767  
0.0843967  0.459638  
0.0403918  0.447542  
0.029592  0.420267  
0.0403918  0.447542  
0.0843967  0.459638  
0.0747852  0.493553  
0.0114203  0.527461  
0  0.521418  
0  0.501031  
0.0909167  0.522103  
0.121252  0.520023  
0.133838  0.546985  
0.117982  0.572957  
0.0731326  0.544667  
0.0386189  0.555079  
0.0731326  0.544667  
0.117982  0.572957  
0.116187  0.608018  
0.0519569  0.628448  
0.0433477  0.585682  
0.0469674  0.636471  
0.0519569  0.628448  
0.116187  0.608018  
0.167745  0.633177  
0.0970773  0.717019  
0.0659544  0.709911  
0.065377  0.709062  
0.0512732  0.737624  
0.0659544  0.709911  
0.0970773  0.717019  
0.121159  0.736839  
0.124897  0.75156  
0.109266  0.822086  
0.0671362  0.816833  
0.000702162  0.771601  
0.0512732  0.737624  
0.0671362  0.816833  
0.0392514  0.831285  
0.0376538  0.833697  
0.0392514  0.831285  
0.0671362  0.816833  
0.109266  0.822086  
0.126815  0.84229  
0.102708  0.896715  
0.0356211  0.900868  
0  0.912038  
0.0274582  0.908852  
0.0641839  0.995073  
0.0213948  0.98559  
0  0.974557  
0.00248595  0.995009  
0.0213948  0.98559  
0.0641839  0.995073  
0.0683656  1  
0.00248595  1  
0.0536186  0  
0.118622  0  
0.118622  0.0310229  
0.0874561  0.0383931  
0.0536186  0.0365611  
0.147339  0.0631858  
0.179778  0.0910662  
0.178077  0.114118  
0.131214  0.153601  
0.0787948  0.138407  
0.06466  0.14741  
0.0665085  0.141595  
0.0666646  0.141524  
0.0787948  0.138407  
0.131214  0.153601  
0.164794  0.205872  
0.148112  0.222145  
0.118933  0.221332  
0.0474453  0.204024  
0.0403741  0.210776  
0.0474453  0.204024  
0.118933  0.221332  
0.104198  0.270252  
0.0747067  0.309435  
0.0530298  0.276888  
0.148112  0.222145  
0.164794  0.205872  
0.168972  0.204989  
0.226836  0.221394  
0.228449  0.231342  
0.221523  0.259004  
0.181673  0.288233  
0.158425  0.283358  
0.150098  0.248726  
0.0772105  0.347416  
0.0817382  0.326781  
0.134988  0.305656  
0.172185  0.344154  
0.142053  0.39771  
0.129925  0.401797  
0.172185  0.344154  
0.207311  0.331711  
0.243  0.348058  
0.226307  0.401758  
0.142053  0.39771  
0.0114203  0.527461  
0.0747852  0.493553  
0.0909167  0.522103  
0.0731326  0.544667  
0.0386189  0.555079  
0.0843967  0.459638  
0.123135  0.445767  
0.140447  0.468876  
0.121252  0.520023  
0.0909167  0.522103  
0.0747852  0.493553  
0.117982  0.572957  
0.133838  0.546985  
0.148445  0.546972  
0.195366  0.570245  
0.168456  0.633166  
0.167745  0.633177  
0.116187  0.608018  
0.187648  0.684335  
0.182334  0.73668  
0.13477  0.732603  
0.187648  0.684335  
0.201132  0.664674  
0.270879  0.69775  
0.261024  0.732476  
0.22394  0.758765  
0.182334  0.73668  
0.124897  0.75156  
0.121159  0.736839  
0.13477  0.732603  
0.182334  0.73668  
0.22394  0.758765  
0.20108  0.796461  
0.126815  0.84229  
0.196516  0.843103  
0.204781  0.852295  
0.208033  0.868458  
0.177704  0.929518  
0.123545  0.930036  
0.102708  0.896715  
0.0274582  0.908852  
0.0356211  0.900868  
0.102708  0.896715  
0.123545  0.930036  
0.0951477  1  
0.0683656  1  
0.0641839  0.995073  
0.192217  0.958179  
0.200284  0.962655  
0.212076  1  
0.151246  1  
0.118622  0  
0.188474  0  
0.166122  0.037025  
0.144824  0.0553814  
0.118622  0.0310229  
0.188474  0  
0.204476  0  
0.226939  0.0285955  
0.166122  0.037025  
0.131214  0.153601  
0.178077  0.114118  
0.193916  0.145346  
0.168972  0.204989  
0.164794  0.205872  
0.193916  0.145346  
0.260018  0.160004  
0.242371  0.205419  
0.226836  0.221394  
0.168972  0.204989  
0.181673  0.288233  
0.221523  0.259004  
0.266008  0.332386  
0.243  0.348058  
0.207311  0.331711  
0.134988  0.305656  
0.158425  0.283358  
0.181673  0.288233  
0.207311  0.331711  
0.172185  0.344154  
0.129925  0.401797  
0.142053  0.39771  
0.226307  0.401758  
0.232364  0.415377  
0.225535  0.454597  
0.21613  0.46442  
0.172346  0.480434  
0.140447  0.468876  
0.123135  0.445767  
0.140447  0.468876  
0.172346  0.480434  
0.177437  0.503388  
0.148445  0.546972  
0.133838  0.546985  
0.121252  0.520023  
0.177437  0.503388  
0.21585  0.555761  
0.195366  0.570245  
0.148445  0.546972  
0.187023  0.647628  
0.259157  0.59094  
0.286381  0.687396  
0.270879  0.69775  
0.201132  0.664674  
0.167745  0.633177  
0.168456  0.633166  
0.187023  0.647628  
0.201132  0.664674  
0.187648  0.684335  
0.13477  0.732603  
0.121159  0.736839  
0.0970773  0.717019  
0.124897  0.75156  
0.20108  0.796461  
0.196516  0.843103  
0.126815  0.84229  
0.109266  0.822086  
0.20108  0.796461  
0.22394  0.758765  
0.261024  0.732476  
0.287437  0.7771  
0.26067  0.83538  
0.204781  0.852295  
0.196516  0.843103  
0.208033  0.868458  
0.254598  0.904651  
0.260012  0.950773  
0.200284  0.962655  
0.192217  0.958179  
0.177704  0.929518  
0.123545  0.930036  
0.177704  0.929518  
0.192217  0.958179  
0.151246  1  
0.0951477  1  
0.280666  0.969257  
0.282642  0.97045  
0.282642  1  
0.224446  1  
0.204476  0  
0.251442  0  
0.251442  0.0416822  
0.226939  0.0285955  
0.144824  0.0553814  
0.166122  0.037025  
0.226939  0.0285955  
0.251442  0.0416822  
0.2556  0.0487813  
0.233086  0.0808961  
0.179778  0.0910662  
0.147339  0.0631858  
0.178077  0.114118  
0.179778  0.0910662  
0.233086  0.0808961  
0.268569  0.152126  
0.260018  0.160004  
0.193916  0.145346  
0.228449  0.231342  
0.226836  0.221394  
0.242371  0.205419  
0.3126  0.232984  
0.317026  0.286364  
0.221523  0.259004  
0.228449  0.231342  
0.317026  0.286364  
0.322351  0.299279  
0.313308  0.314342  
0.308729  0.317304  
0.292716  0.3266  
0.266008  0.332386  
0.292716  0.3266  
0.308729  0.317304  
0.333937  0.415555  
0.310706  0.429232  
0.308717  0.427738  
0.225535  0.454597  
0.232364  0.415377  
0.308717  0.427738  
0.310706  0.429232  
0.323429  0.507076  
0.314219  0.509733  
0.177437  0.503388  
0.172346  0.480434  
0.21613  0.46442  
0.239327  0.552129  
0.21585  0.555761  
0.21613  0.46442  
0.225535  0.454597  
0.314219  0.509733  
0.255548  0.555524  
0.239327  0.552129  
0.314219  0.509733  
0.323429  0.507076  
0.324734  0.507495  
0.336536  0.598283  
0.333427  0.610458  
0.25994  0.571124  
0.255548  0.555524  
0.195366  0.570245  
0.21585  0.555761  
0.239327  0.552129  
0.255548  0.555524  
0.25994  0.571124  
0.259157  0.59094  
0.187023  0.647628  
0.168456  0.633166  
0.261024  0.732476  
0.270879  0.69775  
0.286381  0.687396  
0.307144  0.682943  
0.347679  0.710654  
0.3479  0.712602  
0.341231  0.779005  
0.338814  0.782405  
0.320384  0.794898  
0.287437  0.7771  
0.288954  0.847954  
0.328511  0.824486  
0.345111  0.837633  
0.340818  0.904215  
0.298917  0.88858  
0.254598  0.904651  
0.298917  0.88858  
0.340818  0.904215  
0.354348  0.922848  
0.353998  0.935478  
0.340099  0.945358  
0.328123  0.952045  
0.282642  0.97045  
0.280666  0.969257  
0.260012  0.950773  
0.200284  0.962655  
0.260012  0.950773  
0.280666  0.969257  
0.224446  1  
0.212076  1  
0.282642  0.97045  
0.328123  0.952045  
0.328123  1  
0.282642  1  
0.251442  0  
0.347959  0  
0.315275  0.0478411  
0.2556  0.0487813  
0.251442  0.0416822  
0.233086  0.0808961  
0.2556  0.0487813  
0.315275  0.0478411  
0.332119  0.0999377  
0.270932  0.15188  
0.268569  0.152126  
0.332119  0.0999377  
0.358734  0.114371  
0.342818  0.175872  
0.319926  0.187284  
0.270932  0.15188  
0.260018  0.160004  
0.268569  0.152126  
0.270932  0.15188  
0.319926  0.187284  
0.320685  0.215943  
0.3126  0.232984  
0.242371  0.205419  
0.319926  0.187284  
0.342818  0.175872  
0.416459  0.208584  
0.400448  0.220157  
0.320685  0.215943  
0.308729  0.317304  
0.313308  0.314342  
0.378979  0.395197  
0.333937  0.415555  
0.243  0.348058  
0.266008  0.332386  
0.292716  0.3266  
0.308717  0.427738  
0.232364  0.415377  
0.226307  0.401758  
0.310706  0.429232  
0.333937  0.415555  
0.378979  0.395197  
0.383132  0.39625  
0.380763  0.440107  
0.374532  0.498974  
0.350323  0.506758  
0.324734  0.507495  
0.323429  0.507076  
0.350323  0.506758  
0.374532  0.498974  
0.384781  0.500223  
0.456258  0.553602  
0.445204  0.587115  
0.435115  0.598187  
0.411296  0.596715  
0.379769  0.576324  
0.259157  0.59094  
0.25994  0.571124  
0.333427  0.610458  
0.337362  0.635097  
0.334188  0.647154  
0.307144  0.682943  
0.286381  0.687396  
0.334188  0.647154  
0.429644  0.658131  
0.434782  0.676133  
0.429325  0.715896  
0.347679  0.710654  
0.307144  0.682943  
0.338814  0.782405  
0.341231  0.779005  
0.37578  0.769483  
0.418987  0.784416  
0.418684  0.812412  
0.415923  0.819712  
0.413312  0.819932  
0.3479  0.712602  
0.347679  0.710654  
0.429325  0.715896  
0.438909  0.732051  
0.418987  0.784416  
0.37578  0.769483  
0.287437  0.7771  
0.320384  0.794898  
0.328511  0.824486  
0.288954  0.847954  
0.26067  0.83538  
0.204781  0.852295  
0.26067  0.83538  
0.288954  0.847954  
0.298917  0.88858  
0.254598  0.904651  
0.208033  0.868458  
0.340099  0.945358  
0.353998  0.935478  
0.40951  0.989094  
0.40951  1  
0.340099  1  
0.387749  0  
0.46955  0  
0.424408  0.045237  
0.315275  0.0478411  
0.347959  0  
0.387749  0  
0.424408  0.045237  
0.433388  0.0618397  
0.415176  0.117639  
0.358734  0.114371  
0.332119  0.0999377  
0.358734  0.114371  
0.415176  0.117639  
0.431216  0.145614  
0.419437  0.207662  
0.416459  0.208584  
0.342818  0.175872  
0.3126  0.232984  
0.320685  0.215943  
0.400448  0.220157  
0.343955  0.293667  
0.322351  0.299279  
0.317026  0.286364  
0.452797  0.239022  
0.456289  0.240328  
0.452577  0.355362  
0.405296  0.309597  
0.313308  0.314342  
0.322351  0.299279  
0.343955  0.293667  
0.389424  0.308339  
0.384112  0.395964  
0.383132  0.39625  
0.378979  0.395197  
0.389424  0.308339  
0.405296  0.309597  
0.452577  0.355362  
0.471916  0.385876  
0.384112  0.395964  
0.448341  0.449583  
0.459944  0.440937  
0.485103  0.536847  
0.456258  0.553602  
0.384781  0.500223  
0.336536  0.598283  
0.379769  0.576324  
0.411296  0.596715  
0.337362  0.635097  
0.333427  0.610458  
0.324734  0.507495  
0.350323  0.506758  
0.379769  0.576324  
0.336536  0.598283  
0.411296  0.596715  
0.435115  0.598187  
0.432899  0.639489  
0.429644  0.658131  
0.334188  0.647154  
0.337362  0.635097  
0.3479  0.712602  
0.37578  0.769483  
0.341231  0.779005  
0.320384  0.794898  
0.338814  0.782405  
0.413312  0.819932  
0.345111  0.837633  
0.328511  0.824486  
0.345111  0.837633  
0.413312  0.819932  
0.415923  0.819712  
0.426361  0.850165  
0.413872  0.880597  
0.354348  0.922848  
0.340818  0.904215  
0.413872  0.880597  
0.426361  0.850165  
0.447458  0.856083  
0.484875  0.917641  
0.455996  0.934792  
0.328123  0.952045  
0.340099  0.945358  
0.340099  1  
0.328123  1  
0.475136  0  
0.505169  0  
0.505169  0.0384429  
0.502628  0.0402244  
0.46955  0  
0.475136  0  
0.502628  0.0402244  
0.490891  0.0555291  
0.433388  0.0618397  
0.424408  0.045237  
0.510859  0.088148  
0.57217  0.0931569  
0.569301  0.117616  
0.504652  0.148203  
0.496297  0.142446  
0.431216  0.145614  
0.496297  0.142446  
0.504652  0.148203  
0.522364  0.178567  
0.474399  0.242764  
0.456289  0.240328  
0.452797  0.239022  
0.419437  0.207662  
0.400448  0.220157  
0.416459  0.208584  
0.419437  0.207662  
0.452797  0.239022  
0.405296  0.309597  
0.389424  0.308339  
0.343955  0.293667  
0.456289  0.240328  
0.474399  0.242764  
0.523853  0.278201  
0.52382  0.288279  
0.490089  0.38709  
0.479243  0.389004  
0.471916  0.385876  
0.452577  0.355362  
0.380763  0.440107  
0.448341  0.449583  
0.384781  0.500223  
0.374532  0.498974  
0.383132  0.39625  
0.384112  0.395964  
0.471916  0.385876  
0.479243  0.389004  
0.459944  0.440937  
0.448341  0.449583  
0.380763  0.440107  
0.456258  0.553602  
0.485103  0.536847  
0.523417  0.535227  
0.535877  0.583417  
0.527362  0.617171  
0.49574  0.619151  
0.445204  0.587115  
0.435115  0.598187  
0.445204  0.587115  
0.49574  0.619151  
0.491884  0.642894  
0.432899  0.639489  
0.487932  0.666613  
0.495955  0.662665  
0.565832  0.678455  
0.566336  0.678854  
0.497625  0.738365  
0.493312  0.739495  
0.496702  0.739375  
0.555335  0.818692  
0.553656  0.824294  
0.5251  0.82462  
0.475074  0.806443  
0.438909  0.732051  
0.493312  0.739495  
0.475074  0.806443  
0.418684  0.812412  
0.418987  0.784416  
0.5251  0.82462  
0.553656  0.824294  
0.560423  0.859684  
0.545269  0.897905  
0.451368  0.855856  
0.353998  0.935478  
0.354348  0.922848  
0.413872  0.880597  
0.455996  0.934792  
0.445002  0.963079  
0.40951  0.989094  
0.445002  0.963079  
0.503058  0.984614  
0.503058  1  
0.40951  1  
0.40951  0.989094  
0.505169  0  
0.58177  0  
0.58177  0.0160291  
0.579062  0.0199387  
0.505169  0.0384429  
0.490891  0.0555291  
0.502628  0.0402244  
0.505169  0.0384429  
0.579062  0.0199387  
0.576671  0.0877431  
0.57217  0.0931569  
0.510859  0.088148  
0.433388  0.0618397  
0.490891  0.0555291  
0.510859  0.088148  
0.496297  0.142446  
0.431216  0.145614  
0.415176  0.117639  
0.522364  0.178567  
0.563014  0.191111  
0.544985  0.262856  
0.540862  0.26716  
0.523853  0.278201  
0.474399  0.242764  
0.52382  0.288279  
0.589184  0.327216  
0.56071  0.365769  
0.499684  0.391191  
0.490089  0.38709  
0.540862  0.26716  
0.544985  0.262856  
0.614931  0.251116  
0.628683  0.259316  
0.637802  0.297274  
0.637388  0.315808  
0.635519  0.315877  
0.589184  0.327216  
0.635519  0.315877  
0.637388  0.315808  
0.662933  0.347898  
0.661188  0.369122  
0.647418  0.386393  
0.56071  0.365769  
0.548386  0.439342  
0.629569  0.430003  
0.643739  0.458334  
0.57007  0.525866  
0.546005  0.519613  
0.459944  0.440937  
0.479243  0.389004  
0.490089  0.38709  
0.499684  0.391191  
0.548386  0.439342  
0.546005  0.519613  
0.523417  0.535227  
0.485103  0.536847  
0.491884  0.642894  
0.49574  0.619151  
0.527362  0.617171  
0.565832  0.678455  
0.495955  0.662665  
0.432899  0.639489  
0.491884  0.642894  
0.495955  0.662665  
0.487932  0.666613  
0.434782  0.676133  
0.429644  0.658131  
0.434782  0.676133  
0.487932  0.666613  
0.497625  0.738365  
0.496702  0.739375  
0.493312  0.739495  
0.438909  0.732051  
0.429325  0.715896  
0.415923  0.819712  
0.418684  0.812412  
0.475074  0.806443  
0.5251  0.82462  
0.451368  0.855856  
0.447458  0.856083  
0.426361  0.850165  
0.447458  0.856083  
0.451368  0.855856  
0.545269  0.897905  
0.543291  0.908193  
0.484875  0.917641  
0.455996  0.934792  
0.484875  0.917641  
0.543291  0.908193  
0.554197  0.937629  
0.503058  0.984614  
0.445002  0.963079  
0.554197  0.937629  
0.581845  0.961566  
0.581845  1  
0.503058  1  
0.503058  0.984614  
0.58177  0  
0.650754  0  
0.648724  0.0406354  
0.58177  0.0160291  
0.650754  0  
0.659  0  
0.674676  0.0557273  
0.648724  0.0406354  
0.579062  0.0199387  
0.58177  0.0160291  
0.648724  0.0406354  
0.674676  0.0557273  
0.677652  0.0575492  
0.677669  0.0576163  
0.602904  0.0937076  
0.576671  0.0877431  
0.504652  0.148203  
0.569301  0.117616  
0.593895  0.175271  
0.589725  0.180195  
0.563014  0.191111  
0.522364  0.178567  
0.563014  0.191111  
0.589725  0.180195  
0.614931  0.251116  
0.544985  0.262856  
0.52382  0.288279  
0.523853  0.278201  
0.540862  0.26716  
0.635519  0.315877  
0.589184  0.327216  
0.499684  0.391191  
0.56071  0.365769  
0.647418  0.386393  
0.629569  0.430003  
0.548386  0.439342  
0.643739  0.458334  
0.652072  0.466538  
0.645559  0.571878  
0.640598  0.572352  
0.57007  0.525866  
0.523417  0.535227  
0.546005  0.519613  
0.57007  0.525866  
0.640598  0.572352  
0.602846  0.608811  
0.535877  0.583417  
0.602846  0.608811  
0.640598  0.572352  
0.645559  0.571878  
0.647759  0.572678  
0.657294  0.667807  
0.636741  0.703488  
0.593001  0.697061  
0.570642  0.679147  
0.527362  0.617171  
0.535877  0.583417  
0.602846  0.608811  
0.570642  0.679147  
0.566336  0.678854  
0.565832  0.678455  
0.593001  0.697061  
0.636741  0.703488  
0.652596  0.718288  
0.638467  0.793346  
0.571371  0.804213  
0.566336  0.678854  
0.570642  0.679147  
0.593001  0.697061  
0.571371  0.804213  
0.555335  0.818692  
0.496702  0.739375  
0.497625  0.738365  
0.543291  0.908193  
0.545269  0.897905  
0.560423  0.859684  
0.585474  0.864149  
0.636078  0.902329  
0.655402  0.921563  
0.66754  0.941855  
0.635274  0.951349  
0.581845  0.961566  
0.554197  0.937629  
0.640663  0.853666  
0.650591  0.850427  
0.655402  0.921563  
0.636078  0.902329  
0.581845  0.961566  
0.635274  0.951349  
0.635274  1  
0.581845  1  
0.659  0  
0.694901  0  
0.694901  0.0239122  
0.677652  0.0575492  
0.674676  0.0557273  
0.602904  0.0937076  
0.677669  0.0576163  
0.700406  0.0967333  
0.699518  0.119351  
0.649605  0.141135  
0.569301  0.117616  
0.57217  0.0931569  
0.576671  0.0877431  
0.602904  0.0937076  
0.649605  0.141135  
0.624485  0.167931  
0.593895  0.175271  
0.666316  0.221812  
0.706835  0.220842  
0.7135  0.248549  
0.637802  0.297274  
0.628683  0.259316  
0.589725  0.180195  
0.593895  0.175271  
0.624485  0.167931  
0.666316  0.221812  
0.628683  0.259316  
0.614931  0.251116  
0.637802  0.297274  
0.7135  0.248549  
0.724052  0.26611  
0.711  0.318047  
0.706602  0.325063  
0.662933  0.347898  
0.637388  0.315808  
0.661188  0.369122  
0.662933  0.347898  
0.706602  0.325063  
0.787507  0.371568  
0.784303  0.396231  
0.78324  0.401528  
0.773341  0.415923  
0.742545  0.419815  
0.652072  0.466538  
0.694116  0.471465  
0.708267  0.504041  
0.653718  0.572829  
0.647759  0.572678  
0.645559  0.571878  
0.708267  0.504041  
0.752286  0.5237  
0.754179  0.526108  
0.762502  0.556444  
0.722662  0.579669  
0.687085  0.583101  
0.653718  0.572829  
0.698426  0.633338  
0.727625  0.65425  
0.703694  0.669248  
0.680407  0.659449  
0.687085  0.583101  
0.722662  0.579669  
0.749863  0.649906  
0.742263  0.655456  
0.727625  0.65425  
0.698426  0.633338  
0.652596  0.718288  
0.702679  0.728289  
0.728676  0.740219  
0.755134  0.767273  
0.745508  0.787523  
0.717482  0.799434  
0.661633  0.810829  
0.638467  0.793346  
0.553656  0.824294  
0.555335  0.818692  
0.571371  0.804213  
0.638467  0.793346  
0.661633  0.810829  
0.655509  0.846377  
0.650591  0.850427  
0.640663  0.853666  
0.585474  0.864149  
0.560423  0.859684  
0.650591  0.850427  
0.655509  0.846377  
0.688087  0.869201  
0.717522  0.917988  
0.687447  0.945666  
0.66754  0.941855  
0.655402  0.921563  
0.585474  0.864149  
0.640663  0.853666  
0.636078  0.902329  
0.635274  0.951349  
0.66754  0.941855  
0.687447  0.945666  
0.699337  1  
0.635274  1  
0.694901  0  
0.744252  0  
0.744252  0.0173757  
0.694901  0.0239122  
0.700406  0.0967333  
0.79274  0.048741  
0.802337  0.0479007  
0.78078  0.138555  
0.780343  0.139067  
0.718985  0.142909  
0.699518  0.119351  
0.624485  0.167931  
0.649605  0.141135  
0.699518  0.119351  
0.718985  0.142909  
0.722521  0.197013  
0.706835  0.220842  
0.666316  0.221812  
0.718985  0.142909  
0.780343  0.139067  
0.834375  0.217784  
0.8046  0.219224  
0.722521  0.197013  
0.706835  0.220842  
0.722521  0.197013  
0.8046  0.219224  
0.747534  0.268287  
0.724052  0.26611  
0.7135  0.248549  
0.772376  0.288207  
0.854178  0.261324  
0.862758  0.311039  
0.796632  0.357242  
0.768926  0.30856  
0.629569  0.430003  
0.647418  0.386393  
0.661188  0.369122  
0.742545  0.419815  
0.714608  0.456183  
0.694116  0.471465  
0.652072  0.466538  
0.643739  0.458334  
0.694116  0.471465  
0.714608  0.456183  
0.750742  0.495176  
0.752286  0.5237  
0.708267  0.504041  
0.808385  0.469918  
0.837891  0.486556  
0.853128  0.526107  
0.846138  0.540926  
0.782288  0.563354  
0.762502  0.556444  
0.754179  0.526108  
0.647759  0.572678  
0.653718  0.572829  
0.687085  0.583101  
0.698426  0.633338  
0.680407  0.659449  
0.657294  0.667807  
0.703694  0.669248  
0.727625  0.65425  
0.742263  0.655456  
0.728676  0.740219  
0.702679  0.728289  
0.657294  0.667807  
0.680407  0.659449  
0.703694  0.669248  
0.702679  0.728289  
0.652596  0.718288  
0.636741  0.703488  
0.661633  0.810829  
0.717482  0.799434  
0.688087  0.869201  
0.655509  0.846377  
0.717482  0.799434  
0.745508  0.787523  
0.748153  0.801825  
0.735372  0.911335  
0.717522  0.917988  
0.688087  0.869201  
0.687447  0.945666  
0.717522  0.917988  
0.735372  0.911335  
0.746066  0.913507  
0.778294  0.97688  
0.740731  1  
0.699337  1  
0.778294  0.97688  
0.787388  0.981646  
0.787388  1  
0.740731  1  
0.744252  0.0173757  
0.744252  0  
0.827747  0  
0.827747  0.0208607  
0.825161  0.037874  
0.802337  0.0479007  
0.79274  0.048741  
0.694901  0.0239122  
0.744252  0.0173757  
0.79274  0.048741  
0.700406  0.0967333  
0.677669  0.0576163  
0.677652  0.0575492  
0.780343  0.139067  
0.78078  0.138555  
0.865697  0.113176  
0.857133  0.179443  
0.840008  0.21974  
0.834375  0.217784  
0.8046  0.219224  
0.834375  0.217784  
0.840008  0.21974  
0.855839  0.245555  
0.854178  0.261324  
0.772376  0.288207  
0.747534  0.268287  
0.724052  0.26611  
0.747534  0.268287  
0.772376  0.288207  
0.768926  0.30856  
0.711  0.318047  
0.706602  0.325063  
0.711  0.318047  
0.768926  0.30856  
0.796632  0.357242  
0.787507  0.371568  
0.862758  0.311039  
0.87951  0.325178  
0.868162  0.381536  
0.784303  0.396231  
0.787507  0.371568  
0.796632  0.357242  
0.742545  0.419815  
0.773341  0.415923  
0.778056  0.427831  
0.750742  0.495176  
0.714608  0.456183  
0.778056  0.427831  
0.808385  0.469918  
0.754179  0.526108  
0.752286  0.5237  
0.750742  0.495176  
0.782288  0.563354  
0.846138  0.540926  
0.879827  0.609028  
0.808612  0.653066  
0.802015  0.648079  
0.722662  0.579669  
0.762502  0.556444  
0.782288  0.563354  
0.802015  0.648079  
0.749863  0.649906  
0.742263  0.655456  
0.749863  0.649906  
0.802015  0.648079  
0.808612  0.653066  
0.818042  0.695433  
0.789994  0.757013  
0.755134  0.767273  
0.728676  0.740219  
0.748153  0.801825  
0.840113  0.898681  
0.839981  0.898879  
0.746066  0.913507  
0.735372  0.911335  
0.748153  0.801825  
0.745508  0.787523  
0.755134  0.767273  
0.789994  0.757013  
0.8183  0.773566  
0.849712  0.890146  
0.840113  0.898681  
0.746066  0.913507  
0.839981  0.898879  
0.845635  0.943869  
0.839109  0.964647  
0.787388  0.981646  
0.778294  0.97688  
0.787388  0.981646  
0.839109  0.964647  
0.846291  0.99994  
0.846291  1  
0.787388  1  
0.905516  0.00958246  
0.905516  0  
0.9573  0  
0.9573  0.00742281  
0.942094  0.0354032  
0.825161  0.037874  
0.827747  0.0208607  
0.905516  0.00958246  
0.942094  0.0354032  
0.936403  0.0631966  
0.899631  0.088964  
0.876689  0.0896089  
0.802337  0.0479007  
0.825161  0.037874  
0.876689  0.0896089  
0.865697  0.113176  
0.78078  0.138555  
0.857133  0.179443  
0.951547  0.161475  
0.958147  0.190484  
0.947393  0.219324  
0.925996  0.230675  
0.855839  0.245555  
0.840008  0.21974  
0.854178  0.261324  
0.855839  0.245555  
0.925996  0.230675  
0.949868  0.298187  
0.929363  0.342555  
0.87951  0.325178  
0.862758  0.311039  
0.784303  0.396231  
0.868162  0.381536  
0.867234  0.420137  
0.78324  0.401528  
0.879224  0.431911  
0.947079  0.396777  
0.968692  0.421659  
0.95636  0.469376  
0.915425  0.477039  
0.778056  0.427831  
0.773341  0.415923  
0.78324  0.401528  
0.867234  0.420137  
0.877071  0.431756  
0.837891  0.486556  
0.808385  0.469918  
0.846138  0.540926  
0.853128  0.526107  
0.888016  0.518365  
0.919546  0.533392  
0.94788  0.593125  
0.929408  0.627504  
0.879827  0.609028  
0.879827  0.609028  
0.929408  0.627504  
0.931694  0.633642  
0.932021  0.640792  
0.845497  0.696276  
0.818042  0.695433  
0.808612  0.653066  
0.818042  0.695433  
0.845497  0.696276  
0.880738  0.715646  
0.825857  0.773831  
0.8183  0.773566  
0.789994  0.757013  
0.880738  0.715646  
0.901217  0.725474  
0.899535  0.748263  
0.86086  0.775874  
0.825857  0.773831  
0.86086  0.775874  
0.899535  0.748263  
0.952632  0.786426  
0.953198  0.789825  
0.898236  0.823079  
0.8183  0.773566  
0.825857  0.773831  
0.86086  0.775874  
0.898236  0.823079  
0.883694  0.879081  
0.849712  0.890146  
0.839981  0.898879  
0.840113  0.898681  
0.849712  0.890146  
0.883694  0.879081  
0.945105  0.898302  
0.952519  0.949381  
0.94434  0.977101  
0.940849  0.982791  
0.93654  0.981715  
0.845635  0.943869  
0.93654  0.981715  
0.940849  0.982791  
0.940849  1  
0.846291  1  
0.846291  0.99994  
0.827747  0  
0.905516  0  
0.905516  0.00958246  
0.827747  0.0208607  
0.942094  0.0354032  
0.9573  0.00742281  
0.971965  0.0123751  
1  0.0380441  
1  0.0837855  
0.936403  0.0631966  
0.899631  0.088964  
0.936403  0.0631966  
1  0.0837855  
1  0.124238  
0.9517  0.159218  
0.865697  0.113176  
0.876689  0.0896089  
0.899631  0.088964  
0.9517  0.159218  
0.951547  0.161475  
0.857133  0.179443  
0.925996  0.230675  
0.947393  0.219324  
0.979875  0.246677  
0.976969  0.279273  
0.949868  0.298187  
0.949868  0.298187  
0.976969  0.279273  
1  0.298929  
1  0.335518  
0.941256  0.354166  
0.929363  0.342555  
0.868162  0.381536  
0.87951  0.325178  
0.929363  0.342555  
0.941256  0.354166  
0.944272  0.37597  
0.947079  0.396777  
0.879224  0.431911  
0.877071  0.431756  
0.867234  0.420137  
0.915425  0.477039  
0.95636  0.469376  
0.973307  0.501248  
0.919546  0.533392  
0.888016  0.518365  
0.877071  0.431756  
0.879224  0.431911  
0.915425  0.477039  
0.888016  0.518365  
0.853128  0.526107  
0.837891  0.486556  
0.919546  0.533392  
0.973307  0.501248  
0.993647  0.51559  
0.955681  0.587862  
0.94788  0.593125  
0.932021  0.640792  
0.944318  0.67915  
0.901217  0.725474  
0.880738  0.715646  
0.845497  0.696276  
0.901217  0.725474  
0.944318  0.67915  
0.987035  0.712248  
0.952632  0.786426  
0.899535  0.748263  
0.95561  0.79217  
0.977563  0.800325  
0.999054  0.87964  
0.951643  0.893497  
0.898236  0.823079  
0.953198  0.789825  
0.95561  0.79217  
0.951643  0.893497  
0.945105  0.898302  
0.883694  0.879081  
0.839109  0.964647  
0.845635  0.943869  
0.93654  0.981715  
0.846291  0.99994  
0.940849  0.982791  
0.94434  0.977101  
0.997706  0.985608  
0.997706  1  
0.940849  1  
0.9573  0  
1  0  
1  0.0123751  
0.971965  0.0123751  
0.9573  0.00742281  
0.971965  0.0123751  
1  0.0123751  
1  0.0380441  
0.951547  0.161475  
0.9517  0.159218  
1  0.124238  
1  0.190484  
0.958147  0.190484  
0.958147  0.190484  
1  0.190484  
1  0.246677  
0.979875  0.246677  
0.947393  0.219324  
0.979875  0.246677  
1  0.246677  
1  0.298929  
0.976969  0.279273  
0.941256  0.354166  
1  0.335518  
1  0.37597  
0.944272  0.37597  
0.947079  0.396777  
0.944272  0.37597  
1  0.37597  
1  0.421659  
0.968692  0.421659  
0.95636  0.469376  
0.968692  0.421659  
1  0.421659  
1  0.51559  
0.993647  0.51559  
0.973307  0.501248  
0.993647  0.51559  
1  0.51559  
1  0.587862  
0.955681  0.587862  
0.932021  0.640792  
0.931694  0.633642  
1  0.633642  
1  0.712248  
0.987035  0.712248  
0.944318  0.67915  
0.94788  0.593125  
0.955681  0.587862  
1  0.587862  
1  0.633642  
0.931694  0.633642  
0.929408  0.627504  
0.987035  0.712248  
1  0.712248  
1  0.800325  
0.977563  0.800325  
0.95561  0.79217  
0.953198  0.789825  
0.952632  0.786426  
0.977563  0.800325  
1  0.800325  
1  0.87964  
0.999054  0.87964  
0.945105  0.898302  
0.951643  0.893497  
0.999054  0.87964  
1  0.87964  
1  0.949381  
0.952519  0.949381  
0.952519  0.949381  
1  0.949381  
1  0.985608  
0.997706  0.985608  
0.94434  0.977101  
0.997706  0.985608  
1  0.985608  
1  1  
0.997706  1  
# grid vertices 
588
0.104198 0.270252 
0.905516 0.00958246 
0.102708 0.896715 
0.226939 0.0285955 
0.179778 0.0910662 
0.181673 0.288233 
0.168972 0.204989 
0.270932 0.15188 
0.0874561 0.0383931 
0.182334 0.73668 
0.0843967 0.459638 
0.328511 0.824486 
0.0864836 1.02135 
0.288954 0.847954 
0.78324 0.401528 
0.459944 0.440937 
0.484875 0.917641 
0.846291 0.99994 
0.745508 0.787523 
0.93654 0.981715 
0.879224 0.431911 
0.452577 0.355362 
0.944272 0.37597 
0.752286 0.5237 
0.164794 0.205872 
0.06466 0.14741 
0.226836 0.221394 
0.148112 0.222145 
0.415176 0.117639 
0.233086 0.0808961 
0.416459 0.208584 
0.116187 0.608018 
0.472865 -0.00332217 
0.628683 0.259316 
0.544985 0.262856 
0.350323 0.506758 
0.0386189 0.555079 
0.384112 0.395964 
0.232364 0.415377 
0.378979 0.395197 
0.418987 0.784416 
0.0747067 0.309435 
0.0433477 0.585682 
0.243 0.348058 
0.148445 0.546972 
0.065377 0.709062 
0.0970773 0.717019 
0.25994 0.571124 
0.434782 0.676133 
-0.0989617 0.923521 
0.0392514 0.831285 
0.282642 0.97045 
0.196516 0.843103 
0.213897 1.00577 
0.22394 0.758765 
0.123545 0.930036 
0.340818 0.904215 
0.661633 0.810829 
0.347679 0.710654 
0.493312 0.739495 
0.3479 0.712602 
0.5251 0.82462 
0.429325 0.715896 
0.49574 0.619151 
0.662933 0.347898 
0.384781 0.500223 
0.650591 0.850427 
0.527362 0.617171 
0.702679 0.728289 
0.570642 0.679147 
0.655402 0.921563 
0.571371 0.804213 
0.455996 0.934792 
0.66754 0.941855 
0.560423 0.859684 
0.845635 0.943869 
0.762502 0.556444 
0.973307 0.501248 
0.883694 0.879081 
0.8183 0.773566 
0.915425 0.477039 
0.694116 0.471465 
0.784303 0.396231 
0.728676 0.740219 
0.95636 0.469376 
0.846138 0.540926 
0.666316 0.221812 
0.714608 0.456183 
0.724052 0.26611 
0.941256 0.354166 
0.718985 0.142909 
0.929363 0.342555 
0.504652 0.148203 
0.479243 0.389004 
0.589725 0.180195 
0.589184 0.327216 
0.522364 0.178567 
0.649605 0.141135 
0.502628 0.0402244 
0.490891 0.0555291 
0.563014 0.191111 
0.57217 0.0931569 
0.602904 0.0937076 
0.694901 0.0239122 
0.677652 0.0575492 
0.825161 0.037874 
0.958147 0.190484 
0.039993 0.042601 
0.0536186 0.0365611 
0.118622 0.0310229 
0.0174926 0.0290542 
0.0666646 0.141524 
0.0252628 0.102353 
0.0665085 0.141595 
0.0530298 0.276888 
0.118933 0.221332 
0.131214 0.153601 
0.0474453 0.204024 
0.178077 0.114118 
0.193916 0.145346 
0.147339 0.0631858 
0.0787948 0.138407 
0.144824 0.0553814 
0.251442 0.0416822 
0.166122 0.037025 
0.195427 -0.0115187 
0.366159 -0.026642 
0.2556 0.0487813 
0.358734 0.114371 
0.452797 0.239022 
0.332119 0.0999377 
0.474399 0.242764 
0.315275 0.0478411 
0.424408 0.045237 
0.505169 0.0384429 
0.433388 0.0618397 
0.317026 0.286364 
0.419437 0.207662 
0.3126 0.232984 
0.342818 0.175872 
0.431216 0.145614 
0.496297 0.142446 
0.268569 0.152126 
0.320685 0.215943 
0.242371 0.205419 
0.322351 0.299279 
0.260018 0.160004 
0.319926 0.187284 
0.292716 0.3266 
0.228449 0.231342 
0.308729 0.317304 
0.383132 0.39625 
0.313308 0.314342 
0.405296 0.309597 
0.471916 0.385876 
0.389424 0.308339 
0.343955 0.293667 
0.400448 0.220157 
0.456289 0.240328 
0.499684 0.391191 
0.448341 0.449583 
0.323429 0.507076 
0.490089 0.38709 
0.380763 0.440107 
0.535877 0.583417 
0.456258 0.553602 
0.310706 0.429232 
0.225535 0.454597 
0.308717 0.427738 
0.134988 0.305656 
0.333937 0.415555 
0.374532 0.498974 
0.177437 0.503388 
0.0526065 0.360316 
0.123135 0.445767 
0.158425 0.283358 
0.226307 0.401758 
0.142053 0.39771 
0.0428574 0.280388 
0.150098 0.248726 
0.221523 0.259004 
0.172185 0.344154 
0.266008 0.332386 
0.207311 0.331711 
0.0403741 0.210776 
0.0817382 0.326781 
0.0772105 0.347416 
-0.0681284 0.34025 
0.029592 0.420267 
0.0747852 0.493553 
-0.0109998 0.515598 
0.129925 0.401797 
0.0403918 0.447542 
0.0731326 0.544667 
0.0114203 0.527461 
0.0909167 0.522103 
0.0519569 0.628448 
0.121252 0.520023 
0.133838 0.546985 
0.140447 0.468876 
0.168456 0.633166 
0.172346 0.480434 
0.21585 0.555761 
0.21613 0.46442 
0.239327 0.552129 
0.0376538 0.833697 
0.259157 0.59094 
0.121159 0.736839 
0.187023 0.647628 
0.201132 0.664674 
0.187648 0.684335 
0.0469674 0.636471 
0.117982 0.572957 
0.195366 0.570245 
0.13477 0.732603 
0.167745 0.633177 
0.208033 0.868458 
0.000702162 0.771601 
0.0659544 0.709911 
0.0356211 0.900868 
0.20108 0.796461 
0.0213948 0.98559 
0.00248595 0.995009 
0.0274582 0.908852 
0.0641839 0.995073 
0.094798 1.05762 
0.192217 0.958179 
0.254598 0.904651 
0.280666 0.969257 
0.200284 0.962655 
0.260012 0.950773 
0.0671362 0.816833 
0.0512732 0.737624 
0.177704 0.929518 
0.109266 0.822086 
0.126815 0.84229 
0.124897 0.75156 
0.287437 0.7771 
0.204781 0.852295 
0.320384 0.794898 
0.26067 0.83538 
0.37578 0.769483 
0.353998 0.935478 
0.426361 0.850165 
0.298917 0.88858 
0.328123 0.952045 
0.340099 0.945358 
0.354348 0.922848 
0.554197 0.937629 
0.413872 0.880597 
0.635274 0.951349 
0.40951 0.989094 
0.345111 0.837633 
0.413312 0.819932 
0.451368 0.855856 
0.496702 0.739375 
0.447458 0.856083 
0.545269 0.897905 
0.415923 0.819712 
0.438909 0.732051 
0.495955 0.662665 
0.429644 0.658131 
0.555335 0.818692 
0.475074 0.806443 
0.341231 0.779005 
0.261024 0.732476 
0.418684 0.812412 
0.338814 0.782405 
0.286381 0.687396 
0.432899 0.639489 
0.270879 0.69775 
0.255548 0.555524 
0.336536 0.598283 
0.307144 0.682943 
0.314219 0.509733 
0.333427 0.610458 
0.324734 0.507495 
0.337362 0.635097 
0.379769 0.576324 
0.435115 0.598187 
0.334188 0.647154 
0.411296 0.596715 
0.485103 0.536847 
0.445204 0.587115 
0.652596 0.718288 
0.487932 0.666613 
0.546005 0.519613 
0.687085 0.583101 
0.652072 0.466538 
0.653718 0.572829 
0.853128 0.526107 
0.640598 0.572352 
0.722662 0.579669 
0.931694 0.633642 
0.727625 0.65425 
0.636741 0.703488 
0.680407 0.659449 
0.749863 0.649906 
0.703694 0.669248 
0.755134 0.767273 
0.491884 0.642894 
0.566336 0.678854 
0.602846 0.608811 
0.657294 0.667807 
0.647759 0.572678 
0.698426 0.633338 
0.565832 0.678455 
0.497625 0.738365 
0.638467 0.793346 
0.593001 0.697061 
0.640663 0.853666 
0.553656 0.824294 
0.445002 0.963079 
0.543291 0.908193 
0.503058 0.984614 
0.581845 0.961566 
0.636078 0.902329 
0.585474 0.864149 
0.746066 0.913507 
0.687447 0.945666 
0.688087 0.869201 
0.70425 1.02245 
0.717482 0.799434 
0.655509 0.846377 
0.748153 0.801825 
0.717522 0.917988 
0.742263 0.655456 
0.879827 0.609028 
0.840113 0.898681 
0.735372 0.911335 
0.839109 0.964647 
0.849712 0.890146 
0.778294 0.97688 
0.839981 0.898879 
0.787388 0.981646 
0.951643 0.893497 
0.940849 0.982791 
0.94434 0.977101 
0.997706 0.985608 
0.945105 0.898302 
0.953198 0.789825 
0.952632 0.786426 
0.952519 0.949381 
0.999054 0.87964 
0.94788 0.593125 
0.95561 0.79217 
0.899535 0.748263 
0.977563 0.800325 
0.987035 0.712248 
0.789994 0.757013 
0.898236 0.823079 
0.825857 0.773831 
0.802015 0.648079 
0.86086 0.775874 
0.845497 0.696276 
0.808612 0.653066 
0.782288 0.563354 
0.929408 0.627504 
0.818042 0.695433 
0.901217 0.725474 
0.880738 0.715646 
0.919546 0.533392 
0.955681 0.587862 
0.932021 0.640792 
0.944318 0.67915 
0.854178 0.261324 
0.888016 0.518365 
0.947079 0.396777 
0.968692 0.421659 
0.993647 0.51559 
0.834375 0.217784 
0.949868 0.298187 
0.976969 0.279273 
0.780343 0.139067 
1.03125 0.325597 
0.747534 0.268287 
0.87951 0.325178 
0.742545 0.419815 
0.862758 0.311039 
0.778056 0.427831 
0.868162 0.381536 
0.754179 0.526108 
0.773341 0.415923 
0.808385 0.469918 
0.867234 0.420137 
0.837891 0.486556 
0.877071 0.431756 
0.661188 0.369122 
0.787507 0.371568 
0.750742 0.495176 
0.708267 0.504041 
0.647418 0.386393 
0.796632 0.357242 
0.548386 0.439342 
0.523417 0.535227 
0.629569 0.430003 
0.57007 0.525866 
0.643739 0.458334 
0.645559 0.571878 
0.523853 0.278201 
0.637388 0.315808 
0.52382 0.288279 
0.637802 0.297274 
0.540862 0.26716 
0.614931 0.251116 
0.56071 0.365769 
0.635519 0.315877 
0.7135 0.248549 
0.711 0.318047 
0.706602 0.325063 
0.768926 0.30856 
0.855839 0.245555 
0.624485 0.167931 
0.706835 0.220842 
0.942094 0.0354032 
0.772376 0.288207 
0.8046 0.219224 
0.593895 0.175271 
0.569301 0.117616 
0.576671 0.0877431 
0.674676 0.0557273 
0.699518 0.119351 
0.722521 0.197013 
0.58177 0.0160291 
0.510859 0.088148 
0.579062 0.0199387 
0.648724 0.0406354 
0.651998 -0.0248924 
0.79274 0.048741 
0.677669 0.0576163 
0.744252 0.0173757 
0.700406 0.0967333 
0.78078 0.138555 
0.802337 0.0479007 
0.827747 0.0208607 
0.899631 0.088964 
0.876689 0.0896089 
0.857133 0.179443 
0.925996 0.230675 
0.865697 0.113176 
0.840008 0.21974 
0.9517 0.159218 
0.951547 0.161475 
0.936403 0.0631966 
0.979875 0.246677 
0.947393 0.219324 
1.0386 0.0962823 
0.9573 0.00742281 
1.06099 0.0938876 
0.971965 0.0123751 
0.0174926 -2.0594 
-2.07096 0.0290542 
-2.00822 0.102353 
-1.90977 0.14741 
-1.91689 0.210776 
-1.87851 0.280388 
-2.0725 0.34025 
-1.86174 0.420267 
-1.93645 0.515598 
-1.83549 0.585682 
-1.84039 0.636471 
-1.83113 0.709062 
-1.9819 0.771601 
-1.94675 0.833697 
-2.24675 0.923521 
-2.11355 0.995009 
0.0536186 -2.02111 
0.00248595 3.11105 
0.118622 -1.98766 
0.094798 3.16113 
0.195427 -2.02106 
0.213897 3.00106 
0.251442 -1.89391 
0.282642 2.9029 
0.366159 -1.98424 
0.340099 2.83276 
0.472865 -1.92159 
0.328123 2.84988 
0.505169 -1.83736 
0.40951 2.9007 
0.58177 -1.88901 
0.503058 2.88345 
0.651998 -1.98556 
0.581845 2.84455 
0.694901 -1.90474 
0.635274 2.83675 
0.744252 -1.93775 
0.70425 2.99763 
0.827747 -1.97386 
0.787388 2.95673 
0.9573 -2.07892 
0.846291 3.02231 
0.905516 -2.04099 
0.940849 3.05079 
3.0648 0.0123751 
3.16776 0.0938876 
2.92526 0.190484 
2.93672 0.246677 
3.00461 0.325597 
2.81975 0.37597 
2.8581 0.421659 
2.90175 0.51559 
2.83397 0.587862 
2.93252 0.712248 
2.79781 0.633642 
2.95592 0.800325 
3.04031 0.87964 
3.00448 0.949381 
3.10728 0.985608 
0.997706 3.09518 
0.0174926 0 
0 0 
0 0.0290542 
0 0.102353 
0 0.14741 
0 0.210776 
0 0.280388 
0 0.303504 
0 0.351573 
0 0.420267 
0 0.501031 
0 0.521418 
0 0.585682 
0 0.636471 
0 0.709062 
0 0.771601 
0 0.833697 
0 0.912038 
0 0.974557 
0 0.995009 
0 1 
0.00248595 1 
0.0536186 0 
0.0683656 1 
0.118622 0 
0.0951477 1 
0.151246 1 
0.212076 1 
0.188474 0 
0.204476 0 
0.224446 1 
0.282642 1 
0.251442 0 
0.328123 1 
0.347959 0 
0.340099 1 
0.40951 1 
0.46955 0 
0.387749 0 
0.505169 0 
0.475136 0 
0.503058 1 
0.58177 0 
0.581845 1 
0.650754 0 
0.659 0 
0.635274 1 
0.694901 0 
0.699337 1 
0.744252 0 
0.740731 1 
0.787388 1 
0.827747 0 
0.846291 1 
0.9573 0 
0.905516 0 
0.940849 1 
1 0.0380441 
1 0.0837855 
1 0.124238 
1 0.335518 
1 0.298929 
1 0.985608 
1 1 
1 0 
1 0.0123751 
1 0.190484 
1 0.246677 
1 0.37597 
1 0.421659 
1 0.51559 
1 0.587862 
1 0.633642 
1 0.712248 
1 0.800325 
1 0.87964 
1 0.949381 
0.997706 1 
