# Date: 8/1/2013   Time: 16:9
# dimensions 
1 1 
# connectivity 
9
4 1 2 3 4 1 1 
4 5 6 7 8 1 1 
4 9 10 11 12 1 1 
4 13 14 15 16 1 1 
4 17 18 19 20 1 1 
4 21 22 23 24 1 1 
4 25 26 27 28 1 1 
4 29 30 31 32 1 1 
4 33 34 35 36 1 1 
# DG vertices (counter-clockwise) 
36
 0 0 
 0.333333 0 
 0.333333 0.333333 
 0 0.333333 
 0 0.333333 
 0.333333 0.333333 
 0.12 0.88 
 0 0.666667 
 0 0.666667 
 0.12 0.88 
 0.333333 1 
 0 1 
 0.333333 0 
 0.666667 0 
 0.25 0.766667 
 0.333333 0.333333 
 0.333333 0.333333 
 0.25 0.766667 
 0.666667 0.666667 
 0.12 0.88 
 0.12 0.88 
 0.666667 0.666667 
 0.666667 1 
 0.333333 1 
 0.666667 0 
 1 0 
 1 0.333333 
 0.25 0.766667 
 0.25 0.766667 
 1 0.333333 
 1 0.666667 
 0.666667 0.666667 
 0.666667 0.666667 
 1 0.666667 
 1 1 
 0.666667 1 
# grid vertices (counter-clockwise) 
16
0 0 
0 0.333333 
0 0.666667 
0 1 
0.333333 0 
0.333333 0.333333 
0.12 0.88 
0.333333 1 
0.666667 0 
0.25 0.766667 
0.666667 0.666667 
0.666667 1 
1 0 
1 0.333333 
1 0.666667 
1 1 
