# Date: 7/11/2013   Time: 13:33
# dimensions 
10 10 
# connectivity 
9
5  1  2  3  4  5    1 1 
5  6  7  8  9  10    1 1 
4  11  12  13  14    1 1 
4  15  16  17  18    1 1 
7  19  20  21  22  23  24  25    1 1 
6  26  27  28  29  30  31    1 1 
5  32  33  34  35  36    1 1 
4  37  38  39  40    1 1 
5  41  42  43  44  45    1 1 
# DG vertices (counter-clockwise) 
45
0  0  
2.69159  0  
2.69159  1.94221  
2.05381  2.62607  
0  2.62607  
0  2.62607  
2.05381  2.62607  
2.72134  6.85571  
1.51115  7.62607  
0  7.62607  
0  7.62607  
1.51115  7.62607  
1.51115  10  
0  10  
2.69159  0  
7.69159  0  
7.69159  2.57292  
2.69159  1.94221  
2.05381  2.62607  
2.69159  1.94221  
7.69159  2.57292  
7.96378  2.887  
6.72713  7.887  
6.51115  8.09025  
2.72134  6.85571  
0  7.62607  
1.51115  7.62607  
2.72134  6.85571  
6.51115  8.09025  
6.51115  10  
0  10  
7.69159  0  
10  0  
10  2.887  
7.96378  2.887  
7.69159  2.57292  
7.96378  2.887  
10  2.887  
10  7.887  
6.72713  7.887  
6.51115  8.09025  
6.72713  7.887  
10  7.887  
10  10  
6.51115  10  
# grid vertices 
29
Inf Inf 
1.51115 7.62607 
2.69159 1.94221 
2.72134 6.85571 
6.51115 8.09025 
6.72713 7.887 
2.05381 2.62607 
7.69159 2.57292 
7.96378 2.887 
2.69159 -16.0312 
-15.8719 2.62607 
-16.9977 7.62607 
7.69159 -15.1935 
1.51115 26.1349 
25.7458 2.887 
24.2334 7.887 
6.51115 25.6723 
2.69159 0 
0 0 
0 2.62607 
0 7.62607 
0 10 
1.51115 10 
7.69159 0 
6.51115 10 
10 0 
10 2.887 
10 7.887 
10 10 
