# Date: 7/18/2013   Time: 9:53
# dimensions 
1 1 
# connectivity 
16
4 1 2 3 4 1 1 
4 5 6 7 8 1 1 
4 9 10 11 12 1 1 
4 13 14 15 16 1 1 
4 17 18 19 20 1 1 
4 21 22 23 24 1 1 
4 25 26 27 28 1 1 
4 29 30 31 32 1 1 
4 33 34 35 36 1 1 
4 37 38 39 40 1 1 
4 41 42 43 44 1 1 
4 45 46 47 48 1 1 
4 49 50 51 52 1 1 
4 53 54 55 56 1 1 
4 57 58 59 60 1 1 
4 61 62 63 64 1 1 
# DG vertices (counter-clockwise) 
64
 0 0 
 0.25 0 
 0.25 0.25 
 0 0.25 
 0 0.25 
 0.25 0.25 
 0.25 0.5 
 0 0.5 
 0 0.5 
 0.25 0.5 
 0.25 0.75 
 0 0.75 
 0 0.75 
 0.25 0.75 
 0.25 1 
 0 1 
 0.25 0 
 0.5 0 
 0.5 0.25 
 0.25 0.25 
 0.25 0.25 
 0.5 0.25 
 0.5 0.5 
 0.25 0.5 
 0.25 0.5 
 0.5 0.5 
 0.5 0.75 
 0.25 0.75 
 0.25 0.75 
 0.5 0.75 
 0.5 1 
 0.25 1 
 0.5 0 
 0.75 0 
 0.75 0.25 
 0.5 0.25 
 0.5 0.25 
 0.75 0.25 
 0.75 0.5 
 0.5 0.5 
 0.5 0.5 
 0.75 0.5 
 0.75 0.75 
 0.5 0.75 
 0.5 0.75 
 0.75 0.75 
 0.75 1 
 0.5 1 
 0.75 0 
 1 0 
 1 0.25 
 0.75 0.25 
 0.75 0.25 
 1 0.25 
 1 0.5 
 0.75 0.5 
 0.75 0.5 
 1 0.5 
 1 0.75 
 0.75 0.75 
 0.75 0.75 
 1 0.75 
 1 1 
 0.75 1 
# grid vertices (counter-clockwise) 
25
0 0 
0 0.25 
0 0.5 
0 0.75 
0 1 
0.25 0 
0.25 0.25 
0.25 0.5 
0.25 0.75 
0.25 1 
0.5 0 
0.5 0.25 
0.5 0.5 
0.5 0.75 
0.5 1 
0.75 0 
0.75 0.25 
0.75 0.5 
0.75 0.75 
0.75 1 
1 0 
1 0.25 
1 0.5 
1 0.75 
1 1 
