# Date: 8/3/2013   Time: 18:25
# dimensions 
1 1 
# connectivity 
25
6  1  2  3  4  5  6    1 1 
5  7  8  9  10  11    1 1 
4  12  13  14  15    1 1 
6  16  17  18  19  20  21    1 1 
4  22  23  24  25    1 1 
4  26  27  28  29    1 1 
5  30  31  32  33  34    1 1 
5  35  36  37  38  39    1 1 
5  40  41  42  43  44    1 1 
4  45  46  47  48    1 1 
5  49  50  51  52  53    1 1 
6  54  55  56  57  58  59    1 1 
8  60  61  62  63  64  65  66  67    1 1 
6  68  69  70  71  72  73    1 1 
5  74  75  76  77  78    1 1 
6  79  80  81  82  83  84    1 1 
5  85  86  87  88  89    1 1 
7  90  91  92  93  94  95  96    1 1 
7  97  98  99  100  101  102  103    1 1 
5  104  105  106  107  108    1 1 
4  109  110  111  112    1 1 
4  113  114  115  116    1 1 
5  117  118  119  120  121    1 1 
5  122  123  124  125  126    1 1 
4  127  128  129  130    1 1 
# DG vertices (counter-clockwise) 
130
0  0  
0.139061  0  
0.139061  0.133535  
0.107435  0.182528  
0.0594177  0.212851  
0  0.212851  
0  0.212851  
0.0594177  0.212851  
0.0757996  0.267542  
0.0365327  0.451932  
0  0.451932  
0  0.451932  
0.0365327  0.451932  
0.137625  0.682699  
0  0.682699  
0  0.682699  
0.137625  0.682699  
0.152059  0.685316  
0.216737  0.774906  
0.19373  0.943617  
0  0.943617  
0  0.943617  
0.19373  0.943617  
0.202118  1  
0  1  
0.139061  0  
0.430852  0  
0.430852  0.0768404  
0.139061  0.133535  
0.0365327  0.451932  
0.0757996  0.267542  
0.230974  0.533523  
0.152059  0.685316  
0.137625  0.682699  
0.0757996  0.267542  
0.0594177  0.212851  
0.107435  0.182528  
0.4482  0.387701  
0.230974  0.533523  
0.236363  0.774679  
0.573259  0.71123  
0.586713  0.874764  
0.546062  0.945561  
0.461276  0.939866  
0.461276  0.939866  
0.546062  0.945561  
0.546062  1  
0.370715  1  
0.430852  0.0768404  
0.430852  0  
0.666285  0  
0.666285  0.217053  
0.573962  0.261983  
0.107435  0.182528  
0.139061  0.133535  
0.430852  0.0768404  
0.573962  0.261983  
0.523602  0.373807  
0.4482  0.387701  
0.230974  0.533523  
0.4482  0.387701  
0.523602  0.373807  
0.640935  0.619385  
0.573259  0.71123  
0.236363  0.774679  
0.216737  0.774906  
0.152059  0.685316  
0.216737  0.774906  
0.236363  0.774679  
0.461276  0.939866  
0.370715  1  
0.202118  1  
0.19373  0.943617  
0.546062  0.945561  
0.586713  0.874764  
0.796525  0.976782  
0.796525  1  
0.546062  1  
0.666285  0  
0.874494  0  
0.874494  0.109999  
0.845259  0.143356  
0.716026  0.212621  
0.666285  0.217053  
0.716026  0.212621  
0.845259  0.143356  
1  0.308866  
1  0.453118  
0.946489  0.467732  
0.523602  0.373807  
0.573962  0.261983  
0.666285  0.217053  
0.716026  0.212621  
0.946489  0.467732  
0.778777  0.637387  
0.640935  0.619385  
0.573259  0.71123  
0.640935  0.619385  
0.778777  0.637387  
0.780697  0.639694  
0.91125  0.815448  
0.796525  0.976782  
0.586713  0.874764  
0.91125  0.815448  
0.967738  0.825917  
0.967738  1  
0.796525  1  
0.796525  0.976782  
0.874494  0  
1  0  
1  0.109999  
0.874494  0.109999  
0.845259  0.143356  
0.874494  0.109999  
1  0.109999  
1  0.308866  
0.780697  0.639694  
1  0.639694  
1  0.825917  
0.967738  0.825917  
0.91125  0.815448  
0.946489  0.467732  
1  0.453118  
1  0.639694  
0.780697  0.639694  
0.778777  0.637387  
0.967738  0.825917  
1  0.825917  
1  1  
0.967738  1  
# grid vertices 
70
0.19373 0.943617 
0.0757996 0.267542 
0.780697 0.639694 
0.640935 0.619385 
0.573962 0.261983 
0.139061 0.133535 
0.137625 0.682699 
0.0594177 0.212851 
0.107435 0.182528 
0.874494 0.109999 
0.0365327 0.451932 
0.217275 1.10189 
0.461276 0.939866 
0.230974 0.533523 
0.152059 0.685316 
0.216737 0.774906 
0.4482 0.387701 
0.573259 0.71123 
0.236363 0.774679 
0.546062 0.945561 
0.796525 0.976782 
0.91125 0.815448 
0.586713 0.874764 
0.967738 0.825917 
0.946489 0.467732 
0.666285 0.217053 
0.778777 0.637387 
0.523602 0.373807 
0.430852 0.0768404 
0.716026 0.212621 
1.10743 0.423777 
0.845259 0.143356 
0.139061 -1.79505 
-1.88069 0.212851 
-1.84363 0.451932 
-1.68241 0.682699 
-1.75955 0.943617 
0.430852 -1.76615 
0.217275 3.18108 
0.666285 -1.52535 
0.546062 2.80771 
0.874494 -1.84491 
0.796525 2.95247 
2.8294 0.109999 
3.13385 0.423777 
2.95204 0.825917 
2.50845 0.639694 
0.967738 2.81022 
0.139061 0 
0 0 
0 0.212851 
0 0.451932 
0 0.682699 
0 0.943617 
0 1 
0.202118 1 
0.430852 0 
0.370715 1 
0.546062 1 
0.666285 0 
0.796525 1 
0.874494 0 
1 0.453118 
1 0.308866 
1 0.825917 
1 1 
1 0 
1 0.109999 
1 0.639694 
0.967738 1 
