# Date: 8/3/2013   Time: 18:26
# dimensions 
1 1 
# connectivity 
81
4  1  2  3  4    1 1 
5  5  6  7  8  9    1 1 
5  10  11  12  13  14    1 1 
4  15  16  17  18    1 1 
5  19  20  21  22  23    1 1 
5  24  25  26  27  28    1 1 
5  29  30  31  32  33    1 1 
3  34  35  36    1 1 
4  37  38  39  40    1 1 
3  41  42  43    1 1 
7  44  45  46  47  48  49  50    1 1 
6  51  52  53  54  55  56    1 1 
6  57  58  59  60  61  62    1 1 
5  63  64  65  66  67    1 1 
5  68  69  70  71  72    1 1 
7  73  74  75  76  77  78  79    1 1 
5  80  81  82  83  84    1 1 
5  85  86  87  88  89    1 1 
5  90  91  92  93  94    1 1 
5  95  96  97  98  99    1 1 
8  100  101  102  103  104  105  106  107    1 1 
7  108  109  110  111  112  113  114    1 1 
7  115  116  117  118  119  120  121    1 1 
8  122  123  124  125  126  127  128  129    1 1 
7  130  131  132  133  134  135  136    1 1 
5  137  138  139  140  141    1 1 
5  142  143  144  145  146    1 1 
4  147  148  149  150    1 1 
5  151  152  153  154  155    1 1 
5  156  157  158  159  160    1 1 
8  161  162  163  164  165  166  167  168    1 1 
5  169  170  171  172  173    1 1 
6  174  175  176  177  178  179    1 1 
7  180  181  182  183  184  185  186    1 1 
8  187  188  189  190  191  192  193  194    1 1 
4  195  196  197  198    1 1 
6  199  200  201  202  203  204    1 1 
6  205  206  207  208  209  210    1 1 
5  211  212  213  214  215    1 1 
7  216  217  218  219  220  221  222    1 1 
8  223  224  225  226  227  228  229  230    1 1 
4  231  232  233  234    1 1 
5  235  236  237  238  239    1 1 
4  240  241  242  243    1 1 
5  244  245  246  247  248    1 1 
5  249  250  251  252  253    1 1 
5  254  255  256  257  258    1 1 
7  259  260  261  262  263  264  265    1 1 
6  266  267  268  269  270  271    1 1 
4  272  273  274  275    1 1 
7  276  277  278  279  280  281  282    1 1 
7  283  284  285  286  287  288  289    1 1 
8  290  291  292  293  294  295  296  297    1 1 
3  298  299  300    1 1 
6  301  302  303  304  305  306    1 1 
4  307  308  309  310    1 1 
8  311  312  313  314  315  316  317  318    1 1 
5  319  320  321  322  323    1 1 
4  324  325  326  327    1 1 
6  328  329  330  331  332  333    1 1 
5  334  335  336  337  338    1 1 
6  339  340  341  342  343  344    1 1 
3  345  346  347    1 1 
5  348  349  350  351  352    1 1 
6  353  354  355  356  357  358    1 1 
6  359  360  361  362  363  364    1 1 
6  365  366  367  368  369  370    1 1 
7  371  372  373  374  375  376  377    1 1 
4  378  379  380  381    1 1 
8  382  383  384  385  386  387  388  389    1 1 
6  390  391  392  393  394  395    1 1 
5  396  397  398  399  400    1 1 
4  401  402  403  404    1 1 
6  405  406  407  408  409  410    1 1 
4  411  412  413  414    1 1 
4  415  416  417  418    1 1 
5  419  420  421  422  423    1 1 
4  424  425  426  427    1 1 
5  428  429  430  431  432    1 1 
6  433  434  435  436  437  438    1 1 
4  439  440  441  442    1 1 
# DG vertices (counter-clockwise) 
442
0  0  
0.0859479  0  
0.0489272  0.0757448  
0  0.0757448  
0  0.0757448  
0.0489272  0.0757448  
0.0894863  0.143001  
0.0853976  0.163121  
0  0.163121  
0  0.163121  
0.0853976  0.163121  
0.0800038  0.245837  
0.0683931  0.253548  
0  0.253548  
0  0.253548  
0.0683931  0.253548  
0.0515072  0.3841  
0  0.3841  
0  0.3841  
0.0515072  0.3841  
0.10867  0.457878  
0.0308658  0.553687  
0  0.553687  
0  0.553687  
0.0308658  0.553687  
0.0315194  0.554578  
0.0803526  0.67858  
0  0.736008  
0  0.829067  
0.0731984  0.829067  
0.105342  0.856219  
0.105284  0.867969  
0  0.884354  
0  0.767139  
0.0731984  0.829067  
0  0.829067  
0  0.966251  
0.0748013  0.98617  
0.0748013  1  
0  1  
0.137225  0  
0.217044  0  
0.204381  0.0656618  
0.0859479  0  
0.137225  0  
0.204381  0.0656618  
0.225411  0.0953424  
0.209421  0.112683  
0.0894863  0.143001  
0.0489272  0.0757448  
0.0853976  0.163121  
0.0894863  0.143001  
0.209421  0.112683  
0.219189  0.255282  
0.132345  0.263372  
0.0800038  0.245837  
0.0683931  0.253548  
0.0800038  0.245837  
0.132345  0.263372  
0.170699  0.446779  
0.10867  0.457878  
0.0515072  0.3841  
0.0315194  0.554578  
0.223391  0.613894  
0.219499  0.654528  
0.11734  0.698187  
0.0803526  0.67858  
0.11734  0.698187  
0.219499  0.654528  
0.268107  0.711394  
0.246466  0.772515  
0.130819  0.804097  
0  0.736008  
0.0803526  0.67858  
0.11734  0.698187  
0.130819  0.804097  
0.105342  0.856219  
0.0731984  0.829067  
0  0.767139  
0  0.884354  
0.105284  0.867969  
0.119032  0.892964  
0.0748013  0.98617  
0  0.966251  
0.119032  0.892964  
0.196887  0.921088  
0.207088  1  
0.0748013  1  
0.0748013  0.98617  
0.297913  0  
0.376996  0  
0.376996  0.0741299  
0.306832  0.0855373  
0.300522  0.0817427  
0.217044  0  
0.297913  0  
0.300522  0.0817427  
0.225411  0.0953424  
0.204381  0.0656618  
0.209421  0.112683  
0.225411  0.0953424  
0.300522  0.0817427  
0.306832  0.0855373  
0.3321  0.189247  
0.322176  0.273406  
0.300272  0.296269  
0.219189  0.255282  
0.132345  0.263372  
0.219189  0.255282  
0.300272  0.296269  
0.300613  0.356625  
0.287547  0.429552  
0.251504  0.457383  
0.170699  0.446779  
0.10867  0.457878  
0.170699  0.446779  
0.251504  0.457383  
0.253322  0.551672  
0.223391  0.613894  
0.0315194  0.554578  
0.0308658  0.553687  
0.223391  0.613894  
0.253322  0.551672  
0.372384  0.618073  
0.380179  0.62599  
0.394077  0.669496  
0.376179  0.709271  
0.268107  0.711394  
0.219499  0.654528  
0.105342  0.856219  
0.130819  0.804097  
0.246466  0.772515  
0.296816  0.88778  
0.196887  0.921088  
0.119032  0.892964  
0.105284  0.867969  
0.196887  0.921088  
0.296816  0.88778  
0.31738  0.89295  
0.283355  1  
0.207088  1  
0.326722  0.893135  
0.336201  0.891725  
0.372759  0.912739  
0.391944  1  
0.326722  1  
0.376996  0  
0.417414  0  
0.417414  0.0726048  
0.376996  0.0741299  
0.3321  0.189247  
0.40848  0.169266  
0.456271  0.207721  
0.376643  0.267741  
0.322176  0.273406  
0.434516  0.0792063  
0.461716  0.0816453  
0.475519  0.204195  
0.456271  0.207721  
0.40848  0.169266  
0.376643  0.267741  
0.456271  0.207721  
0.475519  0.204195  
0.585887  0.257949  
0.590417  0.272764  
0.556575  0.346431  
0.551128  0.350894  
0.548924  0.350262  
0.251504  0.457383  
0.287547  0.429552  
0.37279  0.460493  
0.372384  0.618073  
0.253322  0.551672  
0.484953  0.478566  
0.494586  0.477543  
0.567893  0.579354  
0.512443  0.636614  
0.394077  0.669496  
0.380179  0.62599  
0.400081  0.760519  
0.522434  0.797997  
0.570433  0.840614  
0.550581  0.878765  
0.50359  0.912071  
0.372759  0.912739  
0.336201  0.891725  
0.246466  0.772515  
0.268107  0.711394  
0.376179  0.709271  
0.400081  0.760519  
0.336201  0.891725  
0.326722  0.893135  
0.31738  0.89295  
0.296816  0.88778  
0.31738  0.89295  
0.326722  0.893135  
0.326722  1  
0.283355  1  
0.417414  0  
0.529335  0  
0.529335  0.0561572  
0.461716  0.0816453  
0.434516  0.0792063  
0.417414  0.0726048  
0.306832  0.0855373  
0.376996  0.0741299  
0.417414  0.0726048  
0.434516  0.0792063  
0.40848  0.169266  
0.3321  0.189247  
0.300272  0.296269  
0.322176  0.273406  
0.376643  0.267741  
0.548924  0.350262  
0.300613  0.356625  
0.300613  0.356625  
0.548924  0.350262  
0.551128  0.350894  
0.494586  0.477543  
0.484953  0.478566  
0.37279  0.460493  
0.287547  0.429552  
0.551128  0.350894  
0.556575  0.346431  
0.668869  0.427143  
0.678309  0.465771  
0.630083  0.542129  
0.570306  0.57998  
0.567893  0.579354  
0.494586  0.477543  
0.37279  0.460493  
0.484953  0.478566  
0.380179  0.62599  
0.372384  0.618073  
0.376179  0.709271  
0.394077  0.669496  
0.512443  0.636614  
0.522434  0.797997  
0.400081  0.760519  
0.372759  0.912739  
0.50359  0.912071  
0.487692  1  
0.391944  1  
0.50359  0.912071  
0.550581  0.878765  
0.559322  0.898245  
0.559322  1  
0.487692  1  
0.529335  0  
0.723691  0  
0.723691  0.0598174  
0.611601  0.112726  
0.529335  0.0561572  
0.461716  0.0816453  
0.529335  0.0561572  
0.611601  0.112726  
0.585887  0.257949  
0.475519  0.204195  
0.611601  0.112726  
0.723691  0.0598174  
0.730939  0.0652738  
0.798306  0.195968  
0.730716  0.279031  
0.590417  0.272764  
0.585887  0.257949  
0.668869  0.427143  
0.777734  0.364513  
0.846864  0.411648  
0.776651  0.483368  
0.726056  0.481189  
0.678309  0.465771  
0.678309  0.465771  
0.726056  0.481189  
0.70593  0.551514  
0.630083  0.542129  
0.570306  0.57998  
0.630083  0.542129  
0.70593  0.551514  
0.770688  0.584092  
0.800355  0.653773  
0.738441  0.718606  
0.695142  0.721654  
0.512443  0.636614  
0.567893  0.579354  
0.570306  0.57998  
0.695142  0.721654  
0.582881  0.836274  
0.570433  0.840614  
0.522434  0.797997  
0.559322  0.898245  
0.550581  0.878765  
0.570433  0.840614  
0.582881  0.836274  
0.715175  0.931602  
0.710322  0.966782  
0.697962  1  
0.624452  1  
0.559322  0.898245  
0.624452  1  
0.559322  1  
0.723691  0  
0.885421  0  
0.885421  0.0078412  
0.79848  0.0584498  
0.730939  0.0652738  
0.723691  0.0598174  
0.79848  0.0584498  
0.885421  0.0078412  
0.933623  0.0663825  
0.929367  0.107139  
0.730716  0.279031  
0.798306  0.195968  
0.895269  0.206118  
0.904076  0.261517  
0.872611  0.404929  
0.851848  0.411784  
0.846864  0.411648  
0.777734  0.364513  
0.590417  0.272764  
0.730716  0.279031  
0.777734  0.364513  
0.668869  0.427143  
0.556575  0.346431  
0.726056  0.481189  
0.776651  0.483368  
0.770688  0.584092  
0.70593  0.551514  
0.776651  0.483368  
0.846864  0.411648  
0.851848  0.411784  
0.874869  0.636385  
0.800355  0.653773  
0.770688  0.584092  
0.744258  0.727661  
0.914219  0.83256  
0.908761  0.906848  
0.879828  0.931032  
0.782753  0.895464  
0.695142  0.721654  
0.738441  0.718606  
0.744258  0.727661  
0.782753  0.895464  
0.715175  0.931602  
0.582881  0.836274  
0.710322  0.966782  
0.814844  1  
0.697962  1  
0.885421  0.0078412  
0.885421  0  
0.966748  0  
0.966748  0.0336252  
0.933623  0.0663825  
0.730939  0.0652738  
0.79848  0.0584498  
0.929367  0.107139  
0.944577  0.163858  
0.895269  0.206118  
0.798306  0.195968  
0.895269  0.206118  
0.944577  0.163858  
1  0.167982  
1  0.295792  
0.98369  0.299839  
0.904076  0.261517  
0.904076  0.261517  
0.98369  0.299839  
0.97871  0.330335  
0.959128  0.396931  
0.902977  0.413247  
0.872611  0.404929  
0.851848  0.411784  
0.872611  0.404929  
0.902977  0.413247  
0.947483  0.483556  
0.941671  0.610037  
0.892299  0.638575  
0.874869  0.636385  
0.947483  0.483556  
1  0.49434  
1  0.605272  
0.941671  0.610037  
0.800355  0.653773  
0.874869  0.636385  
0.892299  0.638575  
0.934094  0.714564  
0.942089  0.793782  
0.914219  0.83256  
0.744258  0.727661  
0.738441  0.718606  
0.715175  0.931602  
0.782753  0.895464  
0.879828  0.931032  
0.869975  1  
0.814844  1  
0.710322  0.966782  
0.879828  0.931032  
0.908761  0.906848  
0.983867  0.922479  
0.983867  1  
0.869975  1  
0.966748  0  
1  0  
1  0.0336252  
0.966748  0.0336252  
0.933623  0.0663825  
0.966748  0.0336252  
1  0.0336252  
1  0.167982  
0.944577  0.163858  
0.929367  0.107139  
0.97871  0.330335  
1  0.330335  
1  0.396931  
0.959128  0.396931  
0.98369  0.299839  
1  0.295792  
1  0.330335  
0.97871  0.330335  
0.902977  0.413247  
0.959128  0.396931  
1  0.396931  
1  0.49434  
0.947483  0.483556  
0.934094  0.714564  
1  0.714564  
1  0.793782  
0.942089  0.793782  
0.892299  0.638575  
0.941671  0.610037  
1  0.605272  
1  0.714564  
0.934094  0.714564  
0.914219  0.83256  
0.942089  0.793782  
1  0.793782  
1  0.922479  
0.983867  0.922479  
0.908761  0.906848  
0.983867  0.922479  
1  0.922479  
1  1  
0.983867  1  
# grid vertices 
206
0.223391 0.613894 
0.3321 0.189247 
0.170699 0.446779 
0.11734 0.698187 
0.296816 0.88778 
0.0683931 0.253548 
0.209421 0.112683 
0.300613 0.356625 
0.225411 0.0953424 
0.484953 0.478566 
0.102529 -0.0339243 
0.31738 0.89295 
0.0803526 0.67858 
0.326722 0.893135 
0.394077 0.669496 
0.219499 0.654528 
0.570306 0.57998 
0.37279 0.460493 
0.336201 0.891725 
0.551128 0.350894 
0.522434 0.797997 
0.902977 0.413247 
0.879828 0.931032 
0.695142 0.721654 
0.434516 0.0792063 
0.874869 0.636385 
0.300522 0.0817427 
0.851848 0.411784 
0.97871 0.330335 
0.40848 0.169266 
0.0489272 0.0757448 
0.219189 0.255282 
0.0853976 0.163121 
0.204381 0.0656618 
0.0894863 0.143001 
0.306832 0.0855373 
0.376996 0.0741299 
0.286427 -0.359784 
0.417414 0.0726048 
0.678309 0.465771 
0.376643 0.267741 
0.322176 0.273406 
0.456271 0.207721 
0.548924 0.350262 
0.730716 0.279031 
0.872611 0.404929 
0.585887 0.257949 
0.668869 0.427143 
0.0800038 0.245837 
0.0515072 0.3841 
0.0315194 0.554578 
0.10867 0.457878 
0.132345 0.263372 
0.300272 0.296269 
0.0308658 0.553687 
-0.0199464 0.750264 
0.119032 0.892964 
0.105342 0.856219 
0.0731984 0.829067 
0.105284 0.867969 
0.0748013 0.98617 
-0.194106 0.914562 
0.246466 0.772515 
0.130819 0.804097 
0.229138 1.17058 
0.196887 0.921088 
0.550581 0.878765 
0.376179 0.709271 
0.50359 0.912071 
0.372759 0.912739 
0.251504 0.457383 
0.253322 0.551672 
0.380179 0.62599 
0.268107 0.711394 
0.287547 0.429552 
0.372384 0.618073 
0.512443 0.636614 
0.400081 0.760519 
0.567893 0.579354 
0.570433 0.840614 
0.770688 0.584092 
0.582881 0.836274 
0.70593 0.551514 
0.494586 0.477543 
0.444483 1.23897 
0.715175 0.931602 
0.559322 0.898245 
0.800355 0.653773 
0.908761 0.906848 
0.670938 1.07263 
0.710322 0.966782 
0.782753 0.895464 
0.738441 0.718606 
0.914219 0.83256 
0.867581 1.01676 
0.983867 0.922479 
0.776651 0.483368 
0.892299 0.638575 
0.942089 0.793782 
0.744258 0.727661 
0.941671 0.610037 
0.98369 0.299839 
0.934094 0.714564 
0.590417 0.272764 
0.904076 0.261517 
0.929367 0.107139 
0.959128 0.396931 
1.38647 0.573697 
0.947483 0.483556 
0.556575 0.346431 
0.630083 0.542129 
0.475519 0.204195 
0.846864 0.411648 
0.611601 0.112726 
0.730939 0.0652738 
0.726056 0.481189 
0.777734 0.364513 
0.461716 0.0816453 
0.529335 0.0561572 
0.723691 0.0598174 
0.79848 0.0584498 
0.895269 0.206118 
0.798306 0.195968 
0.966748 0.0336252 
0.933623 0.0663825 
0.885421 0.0078412 
1.39626 0.197465 
0.944577 0.163858 
0.102529 -2.11376 
-1.98453 0.0757448 
-1.86303 0.163121 
-1.84283 0.253548 
-1.82593 0.3841 
-1.85554 0.553687 
-1.87994 0.829067 
-2.0112 0.750264 
-2.4168 0.914562 
0.286427 -2.65991 
0.0748013 3.04626 
0.376996 -1.78336 
0.326722 2.73698 
0.417414 -1.77691 
0.229138 3.308 
0.529335 -1.80287 
0.444483 3.39424 
0.723691 -1.84816 
0.559322 2.7151 
0.885421 -2.03149 
0.670938 3.08444 
0.966748 -2.04041 
0.867581 3.06513 
3.04078 0.0336252 
3.75642 0.197465 
2.8439 0.396931 
2.90081 0.330335 
3.69022 0.573697 
2.8871 0.793782 
2.83254 0.714564 
3.04043 0.922479 
0.983867 2.97904 
0.0859479 0 
0 0 
0 0.0757448 
0 0.163121 
0 0.253548 
0 0.3841 
0 0.553687 
0 0.736008 
0 0.829067 
0 0.884354 
0 0.767139 
0 0.966251 
0 1 
0.0748013 1 
0.217044 0 
0.137225 0 
0.207088 1 
0.376996 0 
0.297913 0 
0.283355 1 
0.326722 1 
0.391944 1 
0.417414 0 
0.529335 0 
0.487692 1 
0.559322 1 
0.723691 0 
0.624452 1 
0.697962 1 
0.885421 0 
0.814844 1 
0.966748 0 
1 0.295792 
1 0.167982 
1 0.605272 
1 0.49434 
0.869975 1 
1 0.922479 
1 1 
1 0 
1 0.0336252 
1 0.330335 
1 0.396931 
1 0.714564 
1 0.793782 
0.983867 1 
