# Date: 8/5/2013   Time: 19:44
# dimensions 
1 1 
# connectivity 
16
4 1 2 3 4 1 1 
4 5 6 7 8 1 1 
4 9 10 11 12 1 1 
4 13 14 15 16 1 1 
4 17 18 19 20 1 1 
4 21 22 23 24 1 1 
4 25 26 27 28 1 1 
4 29 30 31 32 1 1 
4 33 34 35 36 1 1 
4 37 38 39 40 1 1 
4 41 42 43 44 1 1 
4 45 46 47 48 1 1 
4 49 50 51 52 1 1 
4 53 54 55 56 1 1 
4 57 58 59 60 1 1 
4 61 62 63 64 1 1 
# DG vertices (counter-clockwise) 
64
 0 0 
 0.278097 0 
 0.192172 0.216047 
 0 0.218061 
 0 0.218061 
 0.192172 0.216047 
 0.302712 0.525455 
 0 0.503718 
 0 0.503718 
 0.302712 0.525455 
 0.22353 0.797201 
 0 0.755825 
 0 0.755825 
 0.22353 0.797201 
 0.292651 1 
 0 1 
 0.278097 0 
 0.477163 0 
 0.486063 0.253978 
 0.192172 0.216047 
 0.192172 0.216047 
 0.486063 0.253978 
 0.476891 0.468976 
 0.302712 0.525455 
 0.302712 0.525455 
 0.476891 0.468976 
 0.48791 0.734276 
 0.22353 0.797201 
 0.22353 0.797201 
 0.48791 0.734276 
 0.480078 1 
 0.292651 1 
 0.477163 0 
 0.80778 0 
 0.775656 0.236492 
 0.486063 0.253978 
 0.486063 0.253978 
 0.775656 0.236492 
 0.700225 0.501135 
 0.476891 0.468976 
 0.476891 0.468976 
 0.700225 0.501135 
 0.763252 0.709434 
 0.48791 0.734276 
 0.48791 0.734276 
 0.763252 0.709434 
 0.704653 1 
 0.480078 1 
 0.80778 0 
 1 0 
 1 0.290586 
 0.775656 0.236492 
 0.775656 0.236492 
 1 0.290586 
 1 0.498617 
 0.700225 0.501135 
 0.700225 0.501135 
 1 0.498617 
 1 0.759856 
 0.763252 0.709434 
 0.763252 0.709434 
 1 0.759856 
 1 1 
 0.704653 1 
# grid vertices (counter-clockwise) 
25
0 0 
0 0.218061 
0 0.503718 
0 0.755825 
0 1 
0.278097 0 
0.192172 0.216047 
0.302712 0.525455 
0.22353 0.797201 
0.292651 1 
0.477163 0 
0.486063 0.253978 
0.476891 0.468976 
0.48791 0.734276 
0.480078 1 
0.80778 0 
0.775656 0.236492 
0.700225 0.501135 
0.763252 0.709434 
0.704653 1 
1 0 
1 0.290586 
1 0.498617 
1 0.759856 
1 1 
