# Date: 8/1/2013   Time: 13:50
# dimensions 
1 1 
# connectivity 
256
4  1  2  3  4    1 1 
5  5  6  7  8  9    1 1 
5  10  11  12  13  14    1 1 
5  15  16  17  18  19    1 1 
3  20  21  22    1 1 
5  23  24  25  26  27    1 1 
4  28  29  30  31    1 1 
5  32  33  34  35  36    1 1 
4  37  38  39  40    1 1 
4  41  42  43  44    1 1 
4  45  46  47  48    1 1 
5  49  50  51  52  53    1 1 
4  54  55  56  57    1 1 
5  58  59  60  61  62    1 1 
4  63  64  65  66    1 1 
5  67  68  69  70  71    1 1 
4  72  73  74  75    1 1 
8  76  77  78  79  80  81  82  83    1 1 
6  84  85  86  87  88  89    1 1 
6  90  91  92  93  94  95    1 1 
6  96  97  98  99  100  101    1 1 
7  102  103  104  105  106  107  108    1 1 
5  109  110  111  112  113    1 1 
5  114  115  116  117  118    1 1 
8  119  120  121  122  123  124  125  126    1 1 
7  127  128  129  130  131  132  133    1 1 
7  134  135  136  137  138  139  140    1 1 
7  141  142  143  144  145  146  147    1 1 
6  148  149  150  151  152  153    1 1 
5  154  155  156  157  158    1 1 
7  159  160  161  162  163  164  165    1 1 
4  166  167  168  169    1 1 
4  170  171  172  173    1 1 
6  174  175  176  177  178  179    1 1 
7  180  181  182  183  184  185  186    1 1 
5  187  188  189  190  191    1 1 
7  192  193  194  195  196  197  198    1 1 
7  199  200  201  202  203  204  205    1 1 
7  206  207  208  209  210  211  212    1 1 
5  213  214  215  216  217    1 1 
6  218  219  220  221  222  223    1 1 
7  224  225  226  227  228  229  230    1 1 
4  231  232  233  234    1 1 
5  235  236  237  238  239    1 1 
8  240  241  242  243  244  245  246  247    1 1 
5  248  249  250  251  252    1 1 
8  253  254  255  256  257  258  259  260    1 1 
6  261  262  263  264  265  266    1 1 
8  267  268  269  270  271  272  273  274    1 1 
6  275  276  277  278  279  280    1 1 
7  281  282  283  284  285  286  287    1 1 
5  288  289  290  291  292    1 1 
5  293  294  295  296  297    1 1 
5  298  299  300  301  302    1 1 
6  303  304  305  306  307  308    1 1 
6  309  310  311  312  313  314    1 1 
6  315  316  317  318  319  320    1 1 
6  321  322  323  324  325  326    1 1 
8  327  328  329  330  331  332  333  334    1 1 
6  335  336  337  338  339  340    1 1 
8  341  342  343  344  345  346  347  348    1 1 
5  349  350  351  352  353    1 1 
4  354  355  356  357    1 1 
5  358  359  360  361  362    1 1 
4  363  364  365  366    1 1 
5  367  368  369  370  371    1 1 
4  372  373  374  375    1 1 
7  376  377  378  379  380  381  382    1 1 
6  383  384  385  386  387  388    1 1 
6  389  390  391  392  393  394    1 1 
5  395  396  397  398  399    1 1 
6  400  401  402  403  404  405    1 1 
6  406  407  408  409  410  411    1 1 
4  412  413  414  415    1 1 
7  416  417  418  419  420  421  422    1 1 
5  423  424  425  426  427    1 1 
4  428  429  430  431    1 1 
7  432  433  434  435  436  437  438    1 1 
6  439  440  441  442  443  444    1 1 
5  445  446  447  448  449    1 1 
5  450  451  452  453  454    1 1 
5  455  456  457  458  459    1 1 
6  460  461  462  463  464  465    1 1 
7  466  467  468  469  470  471  472    1 1 
6  473  474  475  476  477  478    1 1 
6  479  480  481  482  483  484    1 1 
6  485  486  487  488  489  490    1 1 
5  491  492  493  494  495    1 1 
8  496  497  498  499  500  501  502  503    1 1 
4  504  505  506  507    1 1 
9  508  509  510  511  512  513  514  515  516    1 1 
6  517  518  519  520  521  522    1 1 
6  523  524  525  526  527  528    1 1 
6  529  530  531  532  533  534    1 1 
6  535  536  537  538  539  540    1 1 
4  541  542  543  544    1 1 
6  545  546  547  548  549  550    1 1 
6  551  552  553  554  555  556    1 1 
5  557  558  559  560  561    1 1 
7  562  563  564  565  566  567  568    1 1 
6  569  570  571  572  573  574    1 1 
7  575  576  577  578  579  580  581    1 1 
5  582  583  584  585  586    1 1 
5  587  588  589  590  591    1 1 
7  592  593  594  595  596  597  598    1 1 
5  599  600  601  602  603    1 1 
8  604  605  606  607  608  609  610  611    1 1 
6  612  613  614  615  616  617    1 1 
6  618  619  620  621  622  623    1 1 
7  624  625  626  627  628  629  630    1 1 
6  631  632  633  634  635  636    1 1 
3  637  638  639    1 1 
5  640  641  642  643  644    1 1 
7  645  646  647  648  649  650  651    1 1 
6  652  653  654  655  656  657    1 1 
3  658  659  660    1 1 
7  661  662  663  664  665  666  667    1 1 
7  668  669  670  671  672  673  674    1 1 
5  675  676  677  678  679    1 1 
5  680  681  682  683  684    1 1 
5  685  686  687  688  689    1 1 
5  690  691  692  693  694    1 1 
4  695  696  697  698    1 1 
6  699  700  701  702  703  704    1 1 
5  705  706  707  708  709    1 1 
6  710  711  712  713  714  715    1 1 
8  716  717  718  719  720  721  722  723    1 1 
4  724  725  726  727    1 1 
3  728  729  730    1 1 
6  731  732  733  734  735  736    1 1 
5  737  738  739  740  741    1 1 
5  742  743  744  745  746    1 1 
7  747  748  749  750  751  752  753    1 1 
5  754  755  756  757  758    1 1 
8  759  760  761  762  763  764  765  766    1 1 
6  767  768  769  770  771  772    1 1 
4  773  774  775  776    1 1 
8  777  778  779  780  781  782  783  784    1 1 
8  785  786  787  788  789  790  791  792    1 1 
5  793  794  795  796  797    1 1 
5  798  799  800  801  802    1 1 
7  803  804  805  806  807  808  809    1 1 
5  810  811  812  813  814    1 1 
6  815  816  817  818  819  820    1 1 
5  821  822  823  824  825    1 1 
5  826  827  828  829  830    1 1 
7  831  832  833  834  835  836  837    1 1 
8  838  839  840  841  842  843  844  845    1 1 
5  846  847  848  849  850    1 1 
8  851  852  853  854  855  856  857  858    1 1 
6  859  860  861  862  863  864    1 1 
8  865  866  867  868  869  870  871  872    1 1 
6  873  874  875  876  877  878    1 1 
4  879  880  881  882    1 1 
7  883  884  885  886  887  888  889    1 1 
6  890  891  892  893  894  895    1 1 
8  896  897  898  899  900  901  902  903    1 1 
6  904  905  906  907  908  909    1 1 
4  910  911  912  913    1 1 
6  914  915  916  917  918  919    1 1 
5  920  921  922  923  924    1 1 
7  925  926  927  928  929  930  931    1 1 
4  932  933  934  935    1 1 
6  936  937  938  939  940  941    1 1 
7  942  943  944  945  946  947  948    1 1 
5  949  950  951  952  953    1 1 
7  954  955  956  957  958  959  960    1 1 
4  961  962  963  964    1 1 
6  965  966  967  968  969  970    1 1 
5  971  972  973  974  975    1 1 
9  976  977  978  979  980  981  982  983  984    1 1 
5  985  986  987  988  989    1 1 
9  990  991  992  993  994  995  996  997  998    1 1 
4  999  1000  1001  1002    1 1 
7  1003  1004  1005  1006  1007  1008  1009    1 1 
3  1010  1011  1012    1 1 
4  1013  1014  1015  1016    1 1 
5  1017  1018  1019  1020  1021    1 1 
7  1022  1023  1024  1025  1026  1027  1028    1 1 
5  1029  1030  1031  1032  1033    1 1 
8  1034  1035  1036  1037  1038  1039  1040  1041    1 1 
4  1042  1043  1044  1045    1 1 
4  1046  1047  1048  1049    1 1 
7  1050  1051  1052  1053  1054  1055  1056    1 1 
6  1057  1058  1059  1060  1061  1062    1 1 
6  1063  1064  1065  1066  1067  1068    1 1 
4  1069  1070  1071  1072    1 1 
7  1073  1074  1075  1076  1077  1078  1079    1 1 
7  1080  1081  1082  1083  1084  1085  1086    1 1 
6  1087  1088  1089  1090  1091  1092    1 1 
6  1093  1094  1095  1096  1097  1098    1 1 
5  1099  1100  1101  1102  1103    1 1 
4  1104  1105  1106  1107    1 1 
5  1108  1109  1110  1111  1112    1 1 
7  1113  1114  1115  1116  1117  1118  1119    1 1 
6  1120  1121  1122  1123  1124  1125    1 1 
5  1126  1127  1128  1129  1130    1 1 
5  1131  1132  1133  1134  1135    1 1 
8  1136  1137  1138  1139  1140  1141  1142  1143    1 1 
8  1144  1145  1146  1147  1148  1149  1150  1151    1 1 
8  1152  1153  1154  1155  1156  1157  1158  1159    1 1 
4  1160  1161  1162  1163    1 1 
7  1164  1165  1166  1167  1168  1169  1170    1 1 
5  1171  1172  1173  1174  1175    1 1 
6  1176  1177  1178  1179  1180  1181    1 1 
5  1182  1183  1184  1185  1186    1 1 
6  1187  1188  1189  1190  1191  1192    1 1 
6  1193  1194  1195  1196  1197  1198    1 1 
6  1199  1200  1201  1202  1203  1204    1 1 
6  1205  1206  1207  1208  1209  1210    1 1 
7  1211  1212  1213  1214  1215  1216  1217    1 1 
8  1218  1219  1220  1221  1222  1223  1224  1225    1 1 
6  1226  1227  1228  1229  1230  1231    1 1 
7  1232  1233  1234  1235  1236  1237  1238    1 1 
5  1239  1240  1241  1242  1243    1 1 
5  1244  1245  1246  1247  1248    1 1 
6  1249  1250  1251  1252  1253  1254    1 1 
5  1255  1256  1257  1258  1259    1 1 
5  1260  1261  1262  1263  1264    1 1 
6  1265  1266  1267  1268  1269  1270    1 1 
6  1271  1272  1273  1274  1275  1276    1 1 
4  1277  1278  1279  1280    1 1 
6  1281  1282  1283  1284  1285  1286    1 1 
4  1287  1288  1289  1290    1 1 
4  1291  1292  1293  1294    1 1 
9  1295  1296  1297  1298  1299  1300  1301  1302  1303    1 1 
4  1304  1305  1306  1307    1 1 
5  1308  1309  1310  1311  1312    1 1 
5  1313  1314  1315  1316  1317    1 1 
6  1318  1319  1320  1321  1322  1323    1 1 
6  1324  1325  1326  1327  1328  1329    1 1 
6  1330  1331  1332  1333  1334  1335    1 1 
6  1336  1337  1338  1339  1340  1341    1 1 
8  1342  1343  1344  1345  1346  1347  1348  1349    1 1 
7  1350  1351  1352  1353  1354  1355  1356    1 1 
6  1357  1358  1359  1360  1361  1362    1 1 
7  1363  1364  1365  1366  1367  1368  1369    1 1 
5  1370  1371  1372  1373  1374    1 1 
7  1375  1376  1377  1378  1379  1380  1381    1 1 
6  1382  1383  1384  1385  1386  1387    1 1 
5  1388  1389  1390  1391  1392    1 1 
4  1393  1394  1395  1396    1 1 
4  1397  1398  1399  1400    1 1 
5  1401  1402  1403  1404  1405    1 1 
5  1406  1407  1408  1409  1410    1 1 
5  1411  1412  1413  1414  1415    1 1 
5  1416  1417  1418  1419  1420    1 1 
4  1421  1422  1423  1424    1 1 
5  1425  1426  1427  1428  1429    1 1 
4  1430  1431  1432  1433    1 1 
5  1434  1435  1436  1437  1438    1 1 
4  1439  1440  1441  1442    1 1 
5  1443  1444  1445  1446  1447    1 1 
4  1448  1449  1450  1451    1 1 
6  1452  1453  1454  1455  1456  1457    1 1 
4  1458  1459  1460  1461    1 1 
# DG vertices (counter-clockwise) 
1461
0  0  
0.0088043  0  
0.0088043  0.00729399  
0  0.00729399  
0  0.00729399  
0.0088043  0.00729399  
0.0331529  0.0366843  
0.0349302  0.0770431  
0  0.0770431  
0  0.0770431  
0.0349302  0.0770431  
0.0531696  0.086215  
0.0487501  0.178961  
0  0.178961  
0  0.178961  
0.0487501  0.178961  
0.0734001  0.212565  
0.0593201  0.229838  
0  0.262042  
0  0.263818  
0.030433  0.317616  
0  0.317616  
0  0.317616  
0.030433  0.317616  
0.0324829  0.319362  
0.00493932  0.344556  
0  0.344556  
0  0.344556  
0.00493932  0.344556  
0.0239597  0.385144  
0  0.385144  
0  0.385144  
0.0239597  0.385144  
0.0402051  0.390719  
0.00510344  0.467734  
0  0.469779  
0  0.531461  
0.0588344  0.569691  
0.0511442  0.584487  
0  0.584487  
0  0.584487  
0.0511442  0.584487  
0.0459993  0.599596  
0  0.599596  
0  0.599596  
0.0459993  0.599596  
0.0425303  0.619757  
0  0.666572  
0  0.76105  
0.0345424  0.76105  
0.0487734  0.826437  
0.0122508  0.839583  
0  0.839583  
0  0.686557  
0.0376267  0.711274  
0.0345424  0.76105  
0  0.76105  
0  0.839583  
0.0122508  0.839583  
0.0267418  0.924427  
0.0208582  0.931295  
0  0.931295  
0  0.931295  
0.0208582  0.931295  
0.0266241  0.977132  
0  0.977132  
0  0.977132  
0.0266241  0.977132  
0.030358  0.980514  
0.030358  1  
0  1  
0.0088043  0.00729399  
0.0088043  0  
0.0424047  0  
0.0331529  0.0366843  
0.0331529  0.0366843  
0.0424047  0  
0.104213  0  
0.108378  0.0289229  
0.0912074  0.072125  
0.0688737  0.0818556  
0.0531696  0.086215  
0.0349302  0.0770431  
0.0688737  0.0818556  
0.0912074  0.072125  
0.15238  0.0971  
0.155595  0.102461  
0.151063  0.130273  
0.11733  0.150367  
0.0531696  0.086215  
0.0688737  0.0818556  
0.11733  0.150367  
0.0876339  0.214436  
0.0734001  0.212565  
0.0487501  0.178961  
0  0.263818  
0  0.262042  
0.0593201  0.229838  
0.0596623  0.326178  
0.0324829  0.319362  
0.030433  0.317616  
0.00493932  0.344556  
0.0324829  0.319362  
0.0596623  0.326178  
0.068685  0.33478  
0.0417333  0.390131  
0.0402051  0.390719  
0.0239597  0.385144  
0.0402051  0.390719  
0.0417333  0.390131  
0.0825355  0.417253  
0.0523702  0.474136  
0.00510344  0.467734  
0.0825355  0.417253  
0.12049  0.417163  
0.121042  0.470109  
0.100269  0.50899  
0.0523702  0.474136  
0  0.469779  
0.00510344  0.467734  
0.0523702  0.474136  
0.100269  0.50899  
0.104783  0.530411  
0.0679901  0.565856  
0.0588344  0.569691  
0  0.531461  
0.0679901  0.565856  
0.104783  0.530411  
0.134855  0.540702  
0.139797  0.544072  
0.162713  0.636367  
0.152076  0.645116  
0.134645  0.64568  
0  0.666572  
0.0425303  0.619757  
0.101579  0.661436  
0.092847  0.676511  
0.0435132  0.710613  
0.0376267  0.711274  
0  0.686557  
0.092847  0.676511  
0.101579  0.661436  
0.134645  0.64568  
0.152076  0.645116  
0.158453  0.686642  
0.13717  0.721946  
0.116422  0.717957  
0.0892846  0.738378  
0.116422  0.717957  
0.13717  0.721946  
0.164889  0.808302  
0.157611  0.820049  
0.121413  0.826603  
0.0122508  0.839583  
0.0487734  0.826437  
0.0927286  0.833543  
0.0716617  0.924304  
0.0267418  0.924427  
0.0208582  0.931295  
0.0267418  0.924427  
0.0716617  0.924304  
0.0912386  0.957137  
0.0833632  0.966178  
0.030358  0.980514  
0.0266241  0.977132  
0.030358  0.980514  
0.0833632  0.966178  
0.0833632  1  
0.030358  1  
0.104213  0  
0.198513  0  
0.198513  0.0166285  
0.108378  0.0289229  
0.108378  0.0289229  
0.198513  0.0166285  
0.199636  0.0190031  
0.189758  0.0469508  
0.15238  0.0971  
0.0912074  0.072125  
0.11733  0.150367  
0.151063  0.130273  
0.17083  0.195044  
0.163548  0.209504  
0.148599  0.217824  
0.103035  0.220514  
0.0876339  0.214436  
0.151063  0.130273  
0.155595  0.102461  
0.19482  0.114209  
0.197345  0.177457  
0.17083  0.195044  
0.0593201  0.229838  
0.0734001  0.212565  
0.0876339  0.214436  
0.103035  0.220514  
0.117621  0.333061  
0.068685  0.33478  
0.0596623  0.326178  
0.13359  0.341253  
0.18319  0.329691  
0.206345  0.33378  
0.216553  0.339993  
0.20894  0.412056  
0.167987  0.424385  
0.122329  0.415279  
0.068685  0.33478  
0.117621  0.333061  
0.13359  0.341253  
0.122329  0.415279  
0.12049  0.417163  
0.0825355  0.417253  
0.0417333  0.390131  
0.12049  0.417163  
0.122329  0.415279  
0.167987  0.424385  
0.170464  0.469868  
0.121042  0.470109  
0.182677  0.478302  
0.229416  0.481352  
0.238201  0.491105  
0.229972  0.541912  
0.139797  0.544072  
0.134855  0.540702  
0.0459993  0.599596  
0.0511442  0.584487  
0.0588344  0.569691  
0.0679901  0.565856  
0.134645  0.64568  
0.101579  0.661436  
0.0425303  0.619757  
0.0435132  0.710613  
0.092847  0.676511  
0.116422  0.717957  
0.0892846  0.738378  
0.13717  0.721946  
0.158453  0.686642  
0.189733  0.712693  
0.215125  0.765776  
0.164889  0.808302  
0.0345424  0.76105  
0.0376267  0.711274  
0.0435132  0.710613  
0.0892846  0.738378  
0.121413  0.826603  
0.118993  0.827791  
0.0927286  0.833543  
0.0487734  0.826437  
0.0927286  0.833543  
0.118993  0.827791  
0.128794  0.95656  
0.0912386  0.957137  
0.0716617  0.924304  
0.118993  0.827791  
0.121413  0.826603  
0.157611  0.820049  
0.181554  0.847834  
0.202638  0.931747  
0.201201  0.944422  
0.137182  0.96033  
0.128794  0.95656  
0.0833632  0.966178  
0.0912386  0.957137  
0.128794  0.95656  
0.137182  0.96033  
0.137182  1  
0.0833632  1  
0.199636  0.0190031  
0.198513  0.0166285  
0.198513  0  
0.27336  0  
0.27336  0.0305031  
0.271228  0.035139  
0.264785  0.0446191  
0.234684  0.0349867  
0.189758  0.0469508  
0.218158  0.0888169  
0.22569  0.109651  
0.19482  0.114209  
0.155595  0.102461  
0.15238  0.0971  
0.234684  0.0349867  
0.264785  0.0446191  
0.283405  0.0929948  
0.283189  0.0974133  
0.251534  0.116446  
0.22569  0.109651  
0.218158  0.0888169  
0.19482  0.114209  
0.22569  0.109651  
0.251534  0.116446  
0.240127  0.168303  
0.197345  0.177457  
0.148599  0.217824  
0.163548  0.209504  
0.220235  0.24115  
0.206345  0.33378  
0.18319  0.329691  
0.103035  0.220514  
0.148599  0.217824  
0.18319  0.329691  
0.13359  0.341253  
0.117621  0.333061  
0.216553  0.339993  
0.290816  0.333877  
0.296336  0.346105  
0.279259  0.414492  
0.218791  0.427468  
0.20894  0.412056  
0.167987  0.424385  
0.20894  0.412056  
0.218791  0.427468  
0.229416  0.481352  
0.182677  0.478302  
0.170464  0.469868  
0.121042  0.470109  
0.170464  0.469868  
0.182677  0.478302  
0.134855  0.540702  
0.104783  0.530411  
0.100269  0.50899  
0.139797  0.544072  
0.229972  0.541912  
0.242722  0.567164  
0.243984  0.599426  
0.19251  0.632361  
0.162713  0.636367  
0.19251  0.632361  
0.243984  0.599426  
0.247945  0.602447  
0.265416  0.621476  
0.279486  0.690751  
0.275146  0.699479  
0.264396  0.708246  
0.216578  0.677337  
0.152076  0.645116  
0.162713  0.636367  
0.19251  0.632361  
0.216578  0.677337  
0.189733  0.712693  
0.158453  0.686642  
0.215125  0.765776  
0.238593  0.758917  
0.258791  0.772529  
0.273917  0.79828  
0.280225  0.85778  
0.181554  0.847834  
0.157611  0.820049  
0.164889  0.808302  
0.181554  0.847834  
0.280225  0.85778  
0.29937  0.874396  
0.296349  0.881733  
0.202638  0.931747  
0.212361  0.958207  
0.283713  0.959327  
0.267529  1  
0.215011  1  
0.137182  0.96033  
0.201201  0.944422  
0.212361  0.958207  
0.215011  1  
0.137182  1  
0.27336  0  
0.314166  0  
0.314166  0.00766399  
0.27336  0.0305031  
0.314166  0.00766399  
0.328071  0.0186685  
0.326364  0.0338405  
0.271228  0.035139  
0.27336  0.0305031  
0.189758  0.0469508  
0.199636  0.0190031  
0.234684  0.0349867  
0.218158  0.0888169  
0.17083  0.195044  
0.197345  0.177457  
0.240127  0.168303  
0.27028  0.204608  
0.237099  0.236058  
0.220235  0.24115  
0.163548  0.209504  
0.237099  0.236058  
0.27028  0.204608  
0.341842  0.212743  
0.341066  0.251836  
0.319193  0.301303  
0.298904  0.321525  
0.220235  0.24115  
0.237099  0.236058  
0.298904  0.321525  
0.290816  0.333877  
0.216553  0.339993  
0.206345  0.33378  
0.296336  0.346105  
0.313571  0.362468  
0.347421  0.435832  
0.296072  0.461231  
0.279259  0.414492  
0.218791  0.427468  
0.279259  0.414492  
0.296072  0.461231  
0.287862  0.475252  
0.238201  0.491105  
0.229416  0.481352  
0.242722  0.567164  
0.343607  0.534467  
0.360623  0.540217  
0.346607  0.574054  
0.247945  0.602447  
0.243984  0.599426  
0.247945  0.602447  
0.346607  0.574054  
0.340586  0.623945  
0.265416  0.621476  
0.275146  0.699479  
0.279486  0.690751  
0.36967  0.665443  
0.375949  0.668365  
0.386329  0.712662  
0.381067  0.723818  
0.33458  0.742463  
0.189733  0.712693  
0.216578  0.677337  
0.264396  0.708246  
0.238593  0.758917  
0.215125  0.765776  
0.258791  0.772529  
0.323061  0.763853  
0.338803  0.806451  
0.273917  0.79828  
0.202638  0.931747  
0.296349  0.881733  
0.297039  0.940918  
0.284593  0.959169  
0.283713  0.959327  
0.212361  0.958207  
0.201201  0.944422  
0.284593  0.959169  
0.297039  0.940918  
0.365001  0.949753  
0.373825  0.965356  
0.37335  0.994775  
0.297202  0.97803  
0.283713  0.959327  
0.284593  0.959169  
0.297202  0.97803  
0.297202  1  
0.267529  1  
0.314166  0  
0.361346  0  
0.361346  0.00795132  
0.328071  0.0186685  
0.314166  0.00766399  
0.264785  0.0446191  
0.271228  0.035139  
0.326364  0.0338405  
0.332767  0.0544325  
0.283405  0.0929948  
0.283189  0.0974133  
0.283405  0.0929948  
0.332767  0.0544325  
0.349976  0.0551767  
0.364646  0.134712  
0.352745  0.151815  
0.251534  0.116446  
0.283189  0.0974133  
0.352745  0.151815  
0.358017  0.190233  
0.341842  0.212743  
0.27028  0.204608  
0.240127  0.168303  
0.319193  0.301303  
0.341066  0.251836  
0.436581  0.296821  
0.450504  0.323669  
0.440186  0.344458  
0.363532  0.322066  
0.313571  0.362468  
0.380565  0.37613  
0.399682  0.383779  
0.363589  0.435078  
0.357266  0.438428  
0.347421  0.435832  
0.357266  0.438428  
0.363589  0.435078  
0.438328  0.451085  
0.439214  0.457503  
0.419031  0.510041  
0.384376  0.529525  
0.238201  0.491105  
0.287862  0.475252  
0.343607  0.534467  
0.242722  0.567164  
0.229972  0.541912  
0.287862  0.475252  
0.296072  0.461231  
0.347421  0.435832  
0.357266  0.438428  
0.384376  0.529525  
0.381545  0.533727  
0.360623  0.540217  
0.343607  0.534467  
0.265416  0.621476  
0.340586  0.623945  
0.36967  0.665443  
0.279486  0.690751  
0.346607  0.574054  
0.360623  0.540217  
0.381545  0.533727  
0.413519  0.581045  
0.4078  0.623274  
0.394649  0.653581  
0.375949  0.668365  
0.36967  0.665443  
0.340586  0.623945  
0.323061  0.763853  
0.33458  0.742463  
0.381067  0.723818  
0.389429  0.767375  
0.339901  0.807625  
0.338803  0.806451  
0.264396  0.708246  
0.275146  0.699479  
0.33458  0.742463  
0.323061  0.763853  
0.258791  0.772529  
0.238593  0.758917  
0.273917  0.79828  
0.338803  0.806451  
0.339901  0.807625  
0.348872  0.861436  
0.29937  0.874396  
0.280225  0.85778  
0.296349  0.881733  
0.29937  0.874396  
0.348872  0.861436  
0.367078  0.868478  
0.365001  0.949753  
0.297039  0.940918  
0.297202  0.97803  
0.37335  0.994775  
0.374938  1  
0.297202  1  
0.361346  0.00795132  
0.361346  0  
0.444755  0  
0.439799  0.0386632  
0.425388  0.051484  
0.380903  0.0376177  
0.326364  0.0338405  
0.328071  0.0186685  
0.361346  0.00795132  
0.380903  0.0376177  
0.349976  0.0551767  
0.332767  0.0544325  
0.349976  0.0551767  
0.380903  0.0376177  
0.425388  0.051484  
0.41946  0.0844119  
0.364646  0.134712  
0.364646  0.134712  
0.41946  0.0844119  
0.455243  0.121645  
0.454659  0.178527  
0.436467  0.197969  
0.358017  0.190233  
0.352745  0.151815  
0.341842  0.212743  
0.358017  0.190233  
0.436467  0.197969  
0.449004  0.218765  
0.436581  0.296821  
0.341066  0.251836  
0.290816  0.333877  
0.298904  0.321525  
0.319193  0.301303  
0.363532  0.322066  
0.380565  0.37613  
0.313571  0.362468  
0.296336  0.346105  
0.363532  0.322066  
0.440186  0.344458  
0.437852  0.369791  
0.399682  0.383779  
0.380565  0.37613  
0.399682  0.383779  
0.437852  0.369791  
0.456154  0.397849  
0.438328  0.451085  
0.363589  0.435078  
0.381545  0.533727  
0.384376  0.529525  
0.419031  0.510041  
0.437525  0.515594  
0.453721  0.533566  
0.472511  0.585726  
0.413519  0.581045  
0.4078  0.623274  
0.499497  0.622754  
0.502611  0.627437  
0.480837  0.662432  
0.394649  0.653581  
0.375949  0.668365  
0.394649  0.653581  
0.480837  0.662432  
0.480838  0.66248  
0.477827  0.700893  
0.47095  0.709465  
0.44225  0.721942  
0.386329  0.712662  
0.381067  0.723818  
0.386329  0.712662  
0.44225  0.721942  
0.451234  0.778186  
0.413569  0.792835  
0.389429  0.767375  
0.339901  0.807625  
0.389429  0.767375  
0.413569  0.792835  
0.407507  0.860871  
0.367078  0.868478  
0.348872  0.861436  
0.413569  0.792835  
0.451234  0.778186  
0.484975  0.789951  
0.502343  0.835337  
0.502469  0.837076  
0.415655  0.86423  
0.407507  0.860871  
0.367078  0.868478  
0.407507  0.860871  
0.415655  0.86423  
0.446275  0.928935  
0.373825  0.965356  
0.365001  0.949753  
0.452544  0.969475  
0.452544  1  
0.419609  1  
0.518372  0  
0.553066  0  
0.553066  0.0412038  
0.524871  0.0330948  
0.518372  0.0189683  
0.466806  0.0473635  
0.524871  0.0330948  
0.553066  0.0412038  
0.553132  0.0412758  
0.54488  0.11233  
0.538202  0.114218  
0.513809  0.10605  
0.425388  0.051484  
0.439799  0.0386632  
0.466806  0.0473635  
0.513809  0.10605  
0.455243  0.121645  
0.41946  0.0844119  
0.461493  0.224327  
0.527194  0.241027  
0.484558  0.278243  
0.449004  0.218765  
0.461493  0.224327  
0.484558  0.278243  
0.462823  0.318724  
0.458961  0.321045  
0.450504  0.323669  
0.436581  0.296821  
0.527194  0.241027  
0.555519  0.238644  
0.558443  0.239641  
0.561501  0.256166  
0.518405  0.307654  
0.462823  0.318724  
0.484558  0.278243  
0.458961  0.321045  
0.462823  0.318724  
0.518405  0.307654  
0.532886  0.330799  
0.534423  0.364342  
0.439214  0.457503  
0.528986  0.488098  
0.528334  0.500505  
0.437525  0.515594  
0.419031  0.510041  
0.437525  0.515594  
0.528334  0.500505  
0.533029  0.515865  
0.507579  0.547281  
0.453721  0.533566  
0.413519  0.581045  
0.472511  0.585726  
0.485973  0.591201  
0.499497  0.622754  
0.4078  0.623274  
0.480838  0.66248  
0.542165  0.698539  
0.532762  0.719981  
0.477827  0.700893  
0.502611  0.627437  
0.528047  0.629199  
0.559736  0.671926  
0.542165  0.698539  
0.480838  0.66248  
0.480837  0.662432  
0.44225  0.721942  
0.47095  0.709465  
0.496354  0.767197  
0.484975  0.789951  
0.451234  0.778186  
0.415655  0.86423  
0.502469  0.837076  
0.51229  0.8461  
0.509333  0.941634  
0.472727  0.946044  
0.446275  0.928935  
0.373825  0.965356  
0.446275  0.928935  
0.472727  0.946044  
0.469731  0.95209  
0.452544  0.969475  
0.419609  1  
0.374938  1  
0.37335  0.994775  
0.452544  0.969475  
0.469731  0.95209  
0.469731  1  
0.452544  1  
0.49473  0  
0.518372  0  
0.518372  0.0189683  
0.444755  0  
0.49473  0  
0.518372  0.0189683  
0.524871  0.0330948  
0.466806  0.0473635  
0.439799  0.0386632  
0.553132  0.0412758  
0.568433  0.0387066  
0.60981  0.0531201  
0.596735  0.137723  
0.54488  0.11233  
0.455243  0.121645  
0.513809  0.10605  
0.538202  0.114218  
0.504588  0.168874  
0.454659  0.178527  
0.436467  0.197969  
0.454659  0.178527  
0.504588  0.168874  
0.555519  0.238644  
0.527194  0.241027  
0.461493  0.224327  
0.449004  0.218765  
0.532886  0.330799  
0.595323  0.313851  
0.602582  0.357563  
0.535121  0.365706  
0.534423  0.364342  
0.440186  0.344458  
0.450504  0.323669  
0.458961  0.321045  
0.534423  0.364342  
0.535121  0.365706  
0.511759  0.410118  
0.456154  0.397849  
0.437852  0.369791  
0.456154  0.397849  
0.511759  0.410118  
0.544138  0.452285  
0.528986  0.488098  
0.439214  0.457503  
0.438328  0.451085  
0.453721  0.533566  
0.507579  0.547281  
0.485973  0.591201  
0.472511  0.585726  
0.507579  0.547281  
0.533029  0.515865  
0.569817  0.542856  
0.552356  0.610387  
0.528047  0.629199  
0.502611  0.627437  
0.499497  0.622754  
0.485973  0.591201  
0.532762  0.719981  
0.542165  0.698539  
0.559736  0.671926  
0.603399  0.682094  
0.614441  0.753767  
0.608627  0.762053  
0.568824  0.75732  
0.542434  0.743153  
0.47095  0.709465  
0.477827  0.700893  
0.532762  0.719981  
0.542434  0.743153  
0.496354  0.767197  
0.496354  0.767197  
0.542434  0.743153  
0.568824  0.75732  
0.502343  0.835337  
0.484975  0.789951  
0.571749  0.903465  
0.615071  0.892324  
0.649252  0.927253  
0.646778  0.929944  
0.565714  1  
0.559685  1  
0.516722  0.946037  
0.51229  0.8461  
0.521213  0.846484  
0.571749  0.903465  
0.516722  0.946037  
0.509333  0.941634  
0.469731  0.95209  
0.472727  0.946044  
0.509333  0.941634  
0.516722  0.946037  
0.559685  1  
0.469731  1  
0.553066  0  
0.604543  0  
0.568433  0.0387066  
0.553132  0.0412758  
0.553066  0.0412038  
0.604543  0  
0.621093  0  
0.645499  0.0417196  
0.60981  0.0531201  
0.568433  0.0387066  
0.60981  0.0531201  
0.645499  0.0417196  
0.65722  0.0460612  
0.663484  0.0621919  
0.644115  0.132865  
0.622483  0.159638  
0.596735  0.137723  
0.538202  0.114218  
0.54488  0.11233  
0.596735  0.137723  
0.622483  0.159638  
0.625396  0.174984  
0.558443  0.239641  
0.555519  0.238644  
0.504588  0.168874  
0.561501  0.256166  
0.595651  0.302105  
0.595323  0.313851  
0.532886  0.330799  
0.518405  0.307654  
0.595323  0.313851  
0.595651  0.302105  
0.660784  0.281258  
0.689331  0.319205  
0.691794  0.33752  
0.623928  0.377242  
0.61982  0.378376  
0.602582  0.357563  
0.535121  0.365706  
0.602582  0.357563  
0.61982  0.378376  
0.607686  0.43325  
0.544138  0.452285  
0.511759  0.410118  
0.528986  0.488098  
0.544138  0.452285  
0.607686  0.43325  
0.639338  0.465447  
0.579396  0.542981  
0.569817  0.542856  
0.533029  0.515865  
0.528334  0.500505  
0.569817  0.542856  
0.579396  0.542981  
0.626643  0.566573  
0.631855  0.581272  
0.608399  0.619053  
0.552356  0.610387  
0.616057  0.649821  
0.688331  0.629278  
0.68182  0.679429  
0.610385  0.673626  
0.528047  0.629199  
0.552356  0.610387  
0.608399  0.619053  
0.616057  0.649821  
0.610385  0.673626  
0.603399  0.682094  
0.559736  0.671926  
0.603399  0.682094  
0.610385  0.673626  
0.68182  0.679429  
0.682963  0.681898  
0.667939  0.739389  
0.614441  0.753767  
0.568824  0.75732  
0.608627  0.762053  
0.614624  0.805085  
0.598458  0.83575  
0.521213  0.846484  
0.51229  0.8461  
0.502469  0.837076  
0.502343  0.835337  
0.598458  0.83575  
0.614624  0.805085  
0.699229  0.831832  
0.649558  0.927245  
0.649252  0.927253  
0.615071  0.892324  
0.521213  0.846484  
0.598458  0.83575  
0.615071  0.892324  
0.571749  0.903465  
0.646778  0.929944  
0.649252  0.927253  
0.649558  0.927245  
0.670478  0.936873  
0.670478  1  
0.646778  1  
0.621093  0  
0.674258  0  
0.674258  0.0264243  
0.65722  0.0460612  
0.645499  0.0417196  
0.65722  0.0460612  
0.674258  0.0264243  
0.753307  0.0154794  
0.761706  0.0504451  
0.743598  0.0755546  
0.73097  0.0791267  
0.663484  0.0621919  
0.663484  0.0621919  
0.73097  0.0791267  
0.701304  0.117901  
0.644115  0.132865  
0.660041  0.198245  
0.71664  0.183823  
0.727614  0.182656  
0.754502  0.264765  
0.745815  0.265686  
0.67106  0.23216  
0.558443  0.239641  
0.625396  0.174984  
0.660041  0.198245  
0.67106  0.23216  
0.660784  0.281258  
0.595651  0.302105  
0.561501  0.256166  
0.691794  0.33752  
0.729348  0.361018  
0.715004  0.391768  
0.687407  0.406774  
0.623928  0.377242  
0.61982  0.378376  
0.623928  0.377242  
0.687407  0.406774  
0.680233  0.457759  
0.654949  0.472513  
0.639338  0.465447  
0.607686  0.43325  
0.655339  0.473519  
0.716104  0.513822  
0.693687  0.546375  
0.656283  0.529897  
0.639338  0.465447  
0.654949  0.472513  
0.655339  0.473519  
0.656283  0.529897  
0.626643  0.566573  
0.579396  0.542981  
0.631855  0.581272  
0.698367  0.611319  
0.688331  0.629278  
0.616057  0.649821  
0.608399  0.619053  
0.688331  0.629278  
0.698367  0.611319  
0.717464  0.603187  
0.752235  0.604133  
0.778921  0.636911  
0.747027  0.674564  
0.693681  0.68441  
0.682963  0.681898  
0.68182  0.679429  
0.682963  0.681898  
0.693681  0.68441  
0.725231  0.713661  
0.715652  0.760134  
0.667939  0.739389  
0.608627  0.762053  
0.614441  0.753767  
0.667939  0.739389  
0.715652  0.760134  
0.730902  0.776493  
0.729515  0.794561  
0.716088  0.825765  
0.699229  0.831832  
0.614624  0.805085  
0.734647  0.848467  
0.748714  0.862158  
0.729272  0.905565  
0.683164  0.937176  
0.699229  0.831832  
0.716088  0.825765  
0.734647  0.848467  
0.683164  0.937176  
0.681065  0.938895  
0.670478  0.936873  
0.649558  0.927245  
0.646778  0.929944  
0.646778  1  
0.565714  1  
0.674258  0  
0.755993  0  
0.753307  0.0154794  
0.674258  0.0264243  
0.73097  0.0791267  
0.743598  0.0755546  
0.768314  0.156894  
0.706362  0.123444  
0.701304  0.117901  
0.644115  0.132865  
0.701304  0.117901  
0.706362  0.123444  
0.71664  0.183823  
0.660041  0.198245  
0.625396  0.174984  
0.622483  0.159638  
0.706362  0.123444  
0.768314  0.156894  
0.770044  0.160205  
0.727614  0.182656  
0.71664  0.183823  
0.745815  0.265686  
0.754502  0.264765  
0.764274  0.267184  
0.771027  0.275092  
0.73802  0.360615  
0.729348  0.361018  
0.691794  0.33752  
0.689331  0.319205  
0.67106  0.23216  
0.745815  0.265686  
0.689331  0.319205  
0.660784  0.281258  
0.687407  0.406774  
0.715004  0.391768  
0.726121  0.450511  
0.680233  0.457759  
0.655339  0.473519  
0.654949  0.472513  
0.680233  0.457759  
0.726121  0.450511  
0.766649  0.465149  
0.758515  0.507688  
0.716104  0.513822  
0.626643  0.566573  
0.656283  0.529897  
0.693687  0.546375  
0.717464  0.603187  
0.698367  0.611319  
0.631855  0.581272  
0.693687  0.546375  
0.716104  0.513822  
0.758515  0.507688  
0.774576  0.548692  
0.752235  0.604133  
0.717464  0.603187  
0.693681  0.68441  
0.747027  0.674564  
0.741134  0.699257  
0.725231  0.713661  
0.730902  0.776493  
0.78536  0.745853  
0.798124  0.742261  
0.83304  0.799504  
0.828152  0.81711  
0.804741  0.820424  
0.729515  0.794561  
0.804741  0.820424  
0.828152  0.81711  
0.831397  0.825563  
0.829462  0.863651  
0.820139  0.886515  
0.765922  0.871706  
0.758353  0.865385  
0.765922  0.871706  
0.820139  0.886515  
0.822838  0.895133  
0.78859  0.954041  
0.778037  0.952833  
0.7641  0.922806  
0.683164  0.937176  
0.729272  0.905565  
0.7641  0.922806  
0.778037  0.952833  
0.72743  0.971552  
0.681065  0.938895  
0.670478  0.936873  
0.681065  0.938895  
0.72743  0.971552  
0.72743  1  
0.670478  1  
0.82363  0.00100743  
0.82306  0  
0.864352  0  
0.864352  0.0109921  
0.82363  0.00100743  
0.864352  0.0109921  
0.885704  0.0796118  
0.853657  0.0834977  
0.84103  0.0754476  
0.743598  0.0755546  
0.761706  0.0504451  
0.84103  0.0754476  
0.853657  0.0834977  
0.797169  0.167096  
0.770044  0.160205  
0.768314  0.156894  
0.727614  0.182656  
0.770044  0.160205  
0.797169  0.167096  
0.806231  0.182492  
0.764274  0.267184  
0.754502  0.264765  
0.771027  0.275092  
0.841081  0.303181  
0.84415  0.310888  
0.751157  0.366322  
0.73802  0.360615  
0.84415  0.310888  
0.846039  0.313075  
0.842972  0.356045  
0.790199  0.414587  
0.751157  0.366322  
0.715004  0.391768  
0.729348  0.361018  
0.73802  0.360615  
0.751157  0.366322  
0.790199  0.414587  
0.794122  0.443887  
0.766649  0.465149  
0.726121  0.450511  
0.766649  0.465149  
0.794122  0.443887  
0.842864  0.457825  
0.845448  0.460271  
0.838951  0.523703  
0.814949  0.543383  
0.774576  0.548692  
0.758515  0.507688  
0.774576  0.548692  
0.814949  0.543383  
0.849502  0.586195  
0.847423  0.602924  
0.801683  0.632208  
0.782553  0.638651  
0.778921  0.636911  
0.752235  0.604133  
0.814949  0.543383  
0.838951  0.523703  
0.892578  0.548439  
0.849502  0.586195  
0.747027  0.674564  
0.778921  0.636911  
0.782553  0.638651  
0.817181  0.710037  
0.798124  0.742261  
0.78536  0.745853  
0.741134  0.699257  
0.725231  0.713661  
0.741134  0.699257  
0.78536  0.745853  
0.730902  0.776493  
0.715652  0.760134  
0.716088  0.825765  
0.729515  0.794561  
0.804741  0.820424  
0.758353  0.865385  
0.748714  0.862158  
0.734647  0.848467  
0.748714  0.862158  
0.758353  0.865385  
0.765922  0.871706  
0.7641  0.922806  
0.729272  0.905565  
0.822838  0.895133  
0.86551  0.915385  
0.880809  0.952546  
0.868608  0.961518  
0.812077  0.979214  
0.78859  0.954041  
0.72743  0.971552  
0.778037  0.952833  
0.78859  0.954041  
0.812077  0.979214  
0.812077  1  
0.72743  1  
0.864352  0.0109921  
0.864352  0  
0.925747  0  
0.925747  0.0487713  
0.888955  0.0800767  
0.885704  0.0796118  
0.753307  0.0154794  
0.755993  0  
0.82306  0  
0.82363  0.00100743  
0.84103  0.0754476  
0.761706  0.0504451  
0.853657  0.0834977  
0.885704  0.0796118  
0.888955  0.0800767  
0.919773  0.13873  
0.856465  0.211572  
0.806231  0.182492  
0.797169  0.167096  
0.919773  0.13873  
0.922841  0.140413  
0.956109  0.207506  
0.956379  0.218234  
0.951991  0.22814  
0.893579  0.235587  
0.865171  0.232141  
0.856465  0.211572  
0.806231  0.182492  
0.856465  0.211572  
0.865171  0.232141  
0.841081  0.303181  
0.771027  0.275092  
0.764274  0.267184  
0.846039  0.313075  
0.943123  0.331571  
0.953778  0.335217  
0.965859  0.349695  
0.94323  0.391379  
0.870669  0.3971  
0.842972  0.356045  
0.842972  0.356045  
0.870669  0.3971  
0.842864  0.457825  
0.794122  0.443887  
0.790199  0.414587  
0.859031  0.462911  
0.940367  0.436694  
0.952138  0.457025  
0.956356  0.467796  
0.91472  0.522839  
0.845448  0.460271  
0.859031  0.462911  
0.91472  0.522839  
0.913034  0.546202  
0.892578  0.548439  
0.838951  0.523703  
0.801683  0.632208  
0.847423  0.602924  
0.924787  0.641496  
0.923727  0.645702  
0.888589  0.662742  
0.782553  0.638651  
0.801683  0.632208  
0.888589  0.662742  
0.840613  0.709261  
0.817181  0.710037  
0.798124  0.742261  
0.817181  0.710037  
0.840613  0.709261  
0.916593  0.765548  
0.916203  0.766147  
0.83304  0.799504  
0.83304  0.799504  
0.916203  0.766147  
0.91325  0.833322  
0.895771  0.843641  
0.831397  0.825563  
0.828152  0.81711  
0.831397  0.825563  
0.895771  0.843641  
0.884551  0.867513  
0.829462  0.863651  
0.829462  0.863651  
0.884551  0.867513  
0.887078  0.889321  
0.86551  0.915385  
0.822838  0.895133  
0.820139  0.886515  
0.812077  0.979214  
0.868608  0.961518  
0.868608  1  
0.812077  1  
0.925747  0  
0.984446  0  
0.984446  0.0499012  
0.925747  0.0487713  
0.888955  0.0800767  
0.925747  0.0487713  
0.984446  0.0499012  
0.996585  0.053943  
0.980561  0.114623  
0.969886  0.130505  
0.961591  0.134842  
0.922841  0.140413  
0.919773  0.13873  
0.922841  0.140413  
0.961591  0.134842  
0.999733  0.173821  
0.956109  0.207506  
0.961591  0.134842  
0.969886  0.130505  
1  0.136686  
1  0.173787  
0.999733  0.173821  
0.893579  0.235587  
0.951991  0.22814  
0.96137  0.256104  
0.953778  0.335217  
0.943123  0.331571  
0.865171  0.232141  
0.893579  0.235587  
0.943123  0.331571  
0.846039  0.313075  
0.84415  0.310888  
0.841081  0.303181  
0.94323  0.391379  
0.965859  0.349695  
1  0.351141  
1  0.433899  
0.952138  0.457025  
0.940367  0.436694  
0.870669  0.3971  
0.94323  0.391379  
0.940367  0.436694  
0.859031  0.462911  
0.845448  0.460271  
0.842864  0.457825  
0.956356  0.467796  
0.97048  0.475368  
0.984069  0.531724  
0.941737  0.578633  
0.913034  0.546202  
0.91472  0.522839  
0.849502  0.586195  
0.892578  0.548439  
0.913034  0.546202  
0.941737  0.578633  
0.945577  0.592344  
0.932151  0.631771  
0.924787  0.641496  
0.847423  0.602924  
0.888589  0.662742  
0.923727  0.645702  
0.944552  0.706901  
0.94298  0.720258  
0.93743  0.754214  
0.916593  0.765548  
0.840613  0.709261  
0.923727  0.645702  
0.924787  0.641496  
0.932151  0.631771  
1  0.651948  
1  0.692576  
0.944552  0.706901  
0.916203  0.766147  
0.916593  0.765548  
0.93743  0.754214  
0.967198  0.768431  
0.97943  0.836463  
0.954168  0.869661  
0.91325  0.833322  
0.86551  0.915385  
0.887078  0.889321  
0.956754  0.899012  
0.940292  0.965987  
0.880809  0.952546  
0.884551  0.867513  
0.895771  0.843641  
0.91325  0.833322  
0.954168  0.869661  
0.958375  0.896537  
0.956754  0.899012  
0.887078  0.889321  
0.868608  0.961518  
0.880809  0.952546  
0.940292  0.965987  
0.940909  0.967097  
0.940909  1  
0.868608  1  
0.984446  0  
1  0  
1  0.053943  
0.996585  0.053943  
0.984446  0.0499012  
0.996585  0.053943  
1  0.053943  
1  0.114623  
0.980561  0.114623  
0.980561  0.114623  
1  0.114623  
1  0.136686  
0.969886  0.130505  
0.999733  0.173821  
1  0.173787  
1  0.218234  
0.956379  0.218234  
0.956109  0.207506  
0.951991  0.22814  
0.956379  0.218234  
1  0.218234  
1  0.256104  
0.96137  0.256104  
0.96137  0.256104  
1  0.256104  
1  0.351141  
0.965859  0.349695  
0.953778  0.335217  
0.952138  0.457025  
1  0.433899  
1  0.475368  
0.97048  0.475368  
0.956356  0.467796  
0.97048  0.475368  
1  0.475368  
1  0.531724  
0.984069  0.531724  
0.984069  0.531724  
1  0.531724  
1  0.592344  
0.945577  0.592344  
0.941737  0.578633  
0.945577  0.592344  
1  0.592344  
1  0.651948  
0.932151  0.631771  
0.94298  0.720258  
1  0.720258  
1  0.768431  
0.967198  0.768431  
0.93743  0.754214  
0.944552  0.706901  
1  0.692576  
1  0.720258  
0.94298  0.720258  
0.97943  0.836463  
1  0.836463  
1  0.896537  
0.958375  0.896537  
0.954168  0.869661  
0.967198  0.768431  
1  0.768431  
1  0.836463  
0.97943  0.836463  
0.956754  0.899012  
0.958375  0.896537  
1  0.896537  
1  0.967097  
0.940909  0.967097  
0.940292  0.965987  
0.940909  0.967097  
1  0.967097  
1  1  
0.940909  1  
# grid vertices 
587
0.19482 0.114209 
0.0122508 0.839583 
0.264785 0.0446191 
0.198513 0.0166285 
0.20894 0.412056 
0.22569 0.109651 
0.108378 0.0289229 
0.237099 0.236058 
0.092847 0.676511 
0.218791 0.427468 
0.297039 0.940918 
0.201201 0.944422 
0.394649 0.653581 
0.0267418 0.924427 
0.913034 0.546202 
0.297202 0.97803 
0.616057 0.649821 
0.699229 0.831832 
0.625396 0.174984 
0.199636 0.0190031 
0.94323 0.391379 
0.462823 0.318724 
0.569817 0.542856 
0.189758 0.0469508 
0.151063 0.130273 
0.328071 0.0186685 
0.323061 0.763853 
0.455243 0.121645 
0.943123 0.331571 
0.663484 0.0621919 
0.358017 0.190233 
0.349976 0.0551767 
0.524871 0.0330948 
0.47095 0.709465 
0.0679901 0.565856 
0.357266 0.438428 
0.343607 0.534467 
0.450504 0.323669 
0.0734001 0.212565 
0.0596623 0.326178 
0.163548 0.209504 
0.298904 0.321525 
0.167987 0.424385 
0.0588344 0.569691 
-0.0113699 0.679087 
0.118993 0.827791 
0.0266241 0.977132 
0.0892846 0.738378 
0.22223 1.11385 
0.0208582 0.931295 
0.212361 0.958207 
0.283713 0.959327 
0.296349 0.881733 
0.339901 0.807625 
0.649252 0.927253 
0.280225 0.85778 
0.568824 0.75732 
0.243984 0.599426 
0.381545 0.533727 
0.386329 0.712662 
0.348872 0.861436 
0.484975 0.789951 
0.36967 0.665443 
0.892578 0.548439 
0.472511 0.585726 
0.656283 0.529897 
0.771027 0.275092 
0.521213 0.846484 
0.86551 0.915385 
0.571749 0.903465 
0.598458 0.83575 
0.614441 0.753767 
0.741134 0.699257 
0.608627 0.762053 
0.7641 0.922806 
0.715652 0.760134 
0.730902 0.776493 
0.688331 0.629278 
0.790199 0.414587 
0.682963 0.681898 
0.953778 0.335217 
0.941737 0.578633 
0.687407 0.406774 
0.553132 0.0412758 
0.751157 0.366322 
0.504588 0.168874 
0.84415 0.310888 
0.754502 0.264765 
0.715004 0.391768 
0.399682 0.383779 
0.623928 0.377242 
0.347421 0.435832 
0.561501 0.256166 
0.689331 0.319205 
0.513809 0.10605 
0.622483 0.159638 
0.596735 0.137723 
0.538202 0.114218 
0.60981 0.0531201 
0.71664 0.183823 
0.84103 0.0754476 
0.614715 -0.0109033 
0.853657 0.0834977 
0.65722 0.0460612 
0.0912074 0.072125 
0.0088043 0.00729399 
0.0331529 0.0366843 
0.0349302 0.0770431 
0.17083 0.195044 
0.0487501 0.178961 
0.0531696 0.086215 
0.0876339 0.214436 
0.15238 0.0971 
0.251534 0.116446 
0.197345 0.177457 
0.364646 0.134712 
0.148599 0.217824 
0.11733 0.150367 
0.0688737 0.0818556 
0.0817461 -0.155992 
0.218158 0.0888169 
0.155595 0.102461 
0.234684 0.0349867 
0.283405 0.0929948 
0.271228 0.035139 
0.27336 0.0305031 
0.361346 0.00795132 
0.314166 0.00766399 
0.326364 0.0338405 
0.425388 0.051484 
0.553066 0.0412038 
0.439799 0.0386632 
0.380903 0.0376177 
0.341842 0.212743 
0.41946 0.0844119 
0.454659 0.178527 
0.436467 0.197969 
0.558443 0.239641 
0.27028 0.204608 
0.319193 0.301303 
0.240127 0.168303 
0.352745 0.151815 
0.283189 0.0974133 
0.332767 0.0544325 
0.220235 0.24115 
0.216553 0.339993 
0.380565 0.37613 
0.290816 0.333877 
0.511759 0.410118 
0.363532 0.322066 
0.341066 0.251836 
0.436581 0.296821 
0.449004 0.218765 
0.532886 0.330799 
0.461493 0.224327 
0.555519 0.238644 
0.438328 0.451085 
0.532762 0.719981 
0.440186 0.344458 
0.456154 0.397849 
0.544138 0.452285 
0.485973 0.591201 
0.296336 0.346105 
0.100269 0.50899 
0.296072 0.461231 
0.279259 0.414492 
0.363589 0.435078 
0.313571 0.362468 
0.0417333 0.390131 
0.264396 0.708246 
0.12049 0.417163 
0.275146 0.699479 
0.122329 0.415279 
0.242722 0.567164 
0.0825355 0.417253 
0.206345 0.33378 
0.117621 0.333061 
0.103035 0.220514 
0.13359 0.341253 
0.18319 0.329691 
0.068685 0.33478 
0.030433 0.317616 
-0.000768713 0.262459 
0.0593201 0.229838 
0.0239597 0.385144 
0.00510344 0.467734 
0.00493932 0.344556 
0.0324829 0.319362 
0.0523702 0.474136 
0.0402051 0.390719 
0.0511442 0.584487 
0.121042 0.470109 
-0.0587191 0.493305 
0.152076 0.645116 
0.229416 0.481352 
0.104783 0.530411 
0.170464 0.469868 
0.134855 0.540702 
0.182677 0.478302 
0.139797 0.544072 
0.229972 0.541912 
0.162713 0.636367 
0.158453 0.686642 
0.216578 0.677337 
0.181554 0.847834 
0.19251 0.632361 
0.279486 0.690751 
0.0425303 0.619757 
0.0459993 0.599596 
0.0376267 0.711274 
0.101579 0.661436 
0.134645 0.64568 
0.189733 0.712693 
0.0435132 0.710613 
0.0487734 0.826437 
0.0345424 0.76105 
0.116422 0.717957 
0.0716617 0.924304 
0.030358 0.980514 
0.0912386 0.957137 
0.0927286 0.833543 
0.137182 0.96033 
0.0833632 0.966178 
0.128794 0.95656 
0.202638 0.931747 
0.121413 0.826603 
0.13717 0.721946 
0.164889 0.808302 
0.238593 0.758917 
0.157611 0.820049 
0.215125 0.765776 
0.29937 0.874396 
0.258791 0.772529 
0.33458 0.742463 
0.381067 0.723818 
0.413569 0.792835 
0.389429 0.767375 
0.407507 0.860871 
0.273917 0.79828 
0.338803 0.806451 
0.284593 0.959169 
0.384753 1.03231 
0.365001 0.949753 
0.37335 0.994775 
0.615071 0.892324 
0.452544 0.969475 
0.469731 0.95209 
0.367078 0.868478 
0.472727 0.946044 
0.373825 0.965356 
0.446275 0.928935 
0.502469 0.837076 
0.415655 0.86423 
0.384376 0.529525 
0.528334 0.500505 
0.375949 0.668365 
0.499497 0.622754 
0.496354 0.767197 
0.451234 0.778186 
0.247945 0.602447 
0.4078 0.623274 
0.340586 0.623945 
0.360623 0.540217 
0.480837 0.662432 
0.44225 0.721942 
0.238201 0.491105 
0.287862 0.475252 
0.265416 0.621476 
0.346607 0.574054 
0.413519 0.581045 
0.528986 0.488098 
0.419031 0.510041 
0.439214 0.457503 
0.507579 0.547281 
0.437525 0.515594 
0.533029 0.515865 
0.453721 0.533566 
0.631855 0.581272 
0.480838 0.66248 
0.608399 0.619053 
0.542165 0.698539 
0.626643 0.566573 
0.552356 0.610387 
0.717464 0.603187 
0.610385 0.673626 
0.698367 0.611319 
0.603399 0.682094 
0.726121 0.450511 
0.849502 0.586195 
0.752235 0.604133 
0.693681 0.68441 
0.778921 0.636911 
0.829462 0.863651 
0.747027 0.674564 
0.895771 0.843641 
0.477827 0.700893 
0.502611 0.627437 
0.528047 0.629199 
0.559736 0.671926 
0.68182 0.679429 
0.614624 0.805085 
0.542434 0.743153 
0.502343 0.835337 
0.509333 0.941634 
0.51229 0.8461 
0.667939 0.739389 
0.725231 0.713661 
0.562142 1.00309 
0.516722 0.946037 
0.646778 0.929944 
0.649558 0.927245 
0.729272 0.905565 
0.670478 0.936873 
0.72743 0.971552 
0.681065 0.938895 
0.778037 0.952833 
0.748714 0.862158 
0.716088 0.825765 
0.683164 0.937176 
0.804741 0.820424 
0.734647 0.848467 
0.758353 0.865385 
0.78536 0.745853 
0.765922 0.871706 
0.798124 0.742261 
0.83304 0.799504 
0.822838 0.895133 
0.831397 0.825563 
0.78859 0.954041 
0.820139 0.886515 
0.812077 0.979214 
0.884551 0.867513 
0.887078 0.889321 
0.868608 0.961518 
0.91325 0.833322 
0.940292 0.965987 
0.940909 0.967097 
0.880809 0.952546 
0.956754 0.899012 
0.954168 0.869661 
0.93743 0.754214 
0.958375 0.896537 
0.916593 0.765548 
0.916203 0.766147 
0.97943 0.836463 
0.967198 0.768431 
0.828152 0.81711 
0.729515 0.794561 
0.840613 0.709261 
0.94298 0.720258 
0.817181 0.710037 
0.923727 0.645702 
0.774576 0.548692 
0.888589 0.662742 
0.782553 0.638651 
0.924787 0.641496 
0.814949 0.543383 
0.859031 0.462911 
0.801683 0.632208 
0.847423 0.602924 
0.944552 0.706901 
0.945577 0.592344 
1.07311 0.673688 
0.932151 0.631771 
0.91472 0.522839 
0.940367 0.436694 
0.956356 0.467796 
0.984069 0.531724 
0.97048 0.475368 
0.965859 0.349695 
0.856465 0.211572 
0.96137 0.256104 
0.952138 0.457025 
1.15748 0.357809 
0.842972 0.356045 
0.758515 0.507688 
0.806231 0.182492 
0.841081 0.303181 
0.870669 0.3971 
0.846039 0.313075 
0.766649 0.465149 
0.73802 0.360615 
0.842864 0.457825 
0.794122 0.443887 
0.838951 0.523703 
0.845448 0.460271 
0.693687 0.546375 
0.654949 0.472513 
0.639338 0.465447 
0.691794 0.33752 
0.716104 0.513822 
0.655339 0.473519 
0.607686 0.43325 
0.579396 0.542981 
0.602582 0.357563 
0.680233 0.457759 
0.729348 0.361018 
0.61982 0.378376 
0.437852 0.369791 
0.534423 0.364342 
0.484558 0.278243 
0.527194 0.241027 
0.458961 0.321045 
0.518405 0.307654 
0.535121 0.365706 
0.595651 0.302105 
0.595323 0.313851 
0.660784 0.281258 
0.67106 0.23216 
0.745815 0.265686 
0.761706 0.0504451 
0.797169 0.167096 
0.770044 0.160205 
0.764274 0.267184 
0.743598 0.0755546 
0.82363 0.00100743 
0.73097 0.0791267 
0.660041 0.198245 
0.701304 0.117901 
0.727614 0.182656 
0.706362 0.123444 
0.768314 0.156894 
0.518372 0.0189683 
0.449415 -0.0363576 
0.54488 0.11233 
0.466806 0.0473635 
0.568433 0.0387066 
0.645499 0.0417196 
0.644115 0.132865 
0.674258 0.0264243 
0.771735 -0.0907189 
0.753307 0.0154794 
0.864352 0.0109921 
0.885704 0.0796118 
0.888955 0.0800767 
0.984446 0.0499012 
0.925747 0.0487713 
0.865171 0.232141 
0.951991 0.22814 
0.893579 0.235587 
0.961591 0.134842 
0.919773 0.13873 
0.956109 0.207506 
0.922841 0.140413 
0.999733 0.173821 
0.956379 0.218234 
0.996585 0.053943 
0.980561 0.114623 
1.11102 0.15947 
0.969886 0.130505 
0.0088043 -2.10264 
-2.10113 0.00729399 
-2.00792 0.0770431 
-1.91926 0.178961 
-1.96923 0.262459 
-1.88752 0.317616 
-1.92817 0.344556 
-1.87995 0.385144 
-2.03169 0.493305 
-1.81981 0.584487 
-1.83301 0.599596 
-1.91334 0.76105 
-1.96741 0.679087 
-1.99628 0.839583 
-2.03802 0.931295 
-2.05971 0.977132 
0.0817461 -2.34819 
0.030358 3.06663 
0.198513 -1.96727 
0.0833632 3.00562 
0.27336 -1.90505 
0.137182 2.96067 
0.314166 -1.93279 
0.22223 3.20183 
0.361346 -1.91747 
0.297202 2.91151 
0.449415 -1.98931 
0.384753 2.99116 
0.553066 -1.83486 
0.452544 2.85556 
0.518372 -1.87663 
0.469731 2.8194 
0.614715 -1.94874 
0.646778 2.79847 
0.674258 -1.89241 
0.562142 2.92421 
0.771735 -2.15515 
0.670478 2.82004 
0.864352 -2.01304 
0.72743 2.9093 
0.925747 -1.98582 
0.812077 2.9653 
0.984446 -2.02558 
0.868608 2.96638 
3.0783 0.053943 
3.01077 0.114623 
3.22474 0.15947 
2.90695 0.218234 
2.89745 0.256104 
3.24437 0.357809 
2.85582 0.475368 
2.88339 0.531724 
2.81484 0.592344 
3.08617 0.673688 
2.92023 0.768431 
2.85191 0.720258 
2.97868 0.896537 
2.97936 0.836463 
2.99745 0.967097 
0.940909 3.02363 
0.0088043 0 
0 0 
0 0.00729399 
0 0.0770431 
0 0.178961 
0 0.262042 
0 0.263818 
0 0.317616 
0 0.344556 
0 0.385144 
0 0.469779 
0 0.531461 
0 0.584487 
0 0.599596 
0 0.666572 
0 0.76105 
0 0.839583 
0 0.686557 
0 0.931295 
0 0.977132 
0 1 
0.030358 1 
0.0424047 0 
0.104213 0 
0.0833632 1 
0.198513 0 
0.137182 1 
0.27336 0 
0.215011 1 
0.267529 1 
0.314166 0 
0.297202 1 
0.361346 0 
0.374938 1 
0.444755 0 
0.419609 1 
0.452544 1 
0.553066 0 
0.518372 0 
0.469731 1 
0.49473 0 
0.559685 1 
0.565714 1 
0.604543 0 
0.621093 0 
0.646778 1 
0.670478 1 
0.674258 0 
0.755993 0 
0.72743 1 
0.864352 0 
0.82306 0 
0.812077 1 
0.925747 0 
0.868608 1 
0.984446 0 
1 0.173787 
1 0.136686 
1 0.433899 
1 0.351141 
1 0.692576 
1 0.651948 
1 0.967097 
1 1 
1 0 
1 0.053943 
1 0.114623 
1 0.218234 
1 0.256104 
1 0.475368 
1 0.531724 
1 0.592344 
1 0.720258 
1 0.768431 
1 0.836463 
1 0.896537 
0.940909 1 
