polygon
81
4  0  0  0.0571918  0  0.0411657  0.071577  0  0.0862126    0 0 
6  0  0.0862126  0.0411657  0.071577  0.0528517  0.0769029  0.122911  0.206196  0.0858056  0.237178  0  0.221385    0 0 
5  0  0.221385  0.0858056  0.237178  0.0954469  0.339178  0.0761228  0.359823  0  0.352699    0 0 
5  0  0.352699  0.0761228  0.359823  0.0884309  0.456237  0.0708412  0.474568  0  0.45804    0 0 
4  0  0.45804  0.0708412  0.474568  0.058351  0.551753  0  0.565704    0 0 
5  0  0.565704  0.058351  0.551753  0.0928449  0.587991  0.0894965  0.658592  0  0.685602    0 0 
6  0  0.685602  0.0894965  0.658592  0.0995229  0.668833  0.106889  0.791822  0.101446  0.796248  0  0.797403    0 0 
5  0  0.797403  0.101446  0.796248  0.122042  0.927956  0.0740634  0.948119  0  0.904918    0 0 
4  0  0.904918  0.0740634  0.948119  0.0571451  1  0  1    0 0 
5  0.0571918  0  0.19522  0  0.174604  0.069874  0.0528517  0.0769029  0.0411657  0.071577    0 0 
6  0.0528517  0.0769029  0.174604  0.069874  0.208473  0.129141  0.205489  0.152412  0.169894  0.198912  0.122911  0.206196    0 0 
6  0.0858056  0.237178  0.122911  0.206196  0.169894  0.198912  0.240656  0.318561  0.214861  0.34374  0.0954469  0.339178    0 0 
6  0.0761228  0.359823  0.0954469  0.339178  0.214861  0.34374  0.207266  0.459721  0.192641  0.46958  0.0884309  0.456237    0 0 
6  0.0708412  0.474568  0.0884309  0.456237  0.192641  0.46958  0.179751  0.567464  0.0928449  0.587991  0.058351  0.551753    0 0 
6  0.0928449  0.587991  0.179751  0.567464  0.221772  0.60673  0.220956  0.678868  0.0995229  0.668833  0.0894965  0.658592    0 0 
5  0.0995229  0.668833  0.220956  0.678868  0.22123  0.679305  0.20853  0.779453  0.106889  0.791822    0 0 
6  0.101446  0.796248  0.106889  0.791822  0.20853  0.779453  0.23321  0.804203  0.16519  0.940002  0.122042  0.927956    0 0 
6  0.0740634  0.948119  0.122042  0.927956  0.16519  0.940002  0.194482  0.967323  0.202858  1  0.0571451  1    0 0 
6  0.19522  0  0.30965  0  0.338231  0.0662843  0.331499  0.0729601  0.208473  0.129141  0.174604  0.069874    0 0 
4  0.208473  0.129141  0.331499  0.0729601  0.308601  0.203435  0.205489  0.152412    0 0 
6  0.169894  0.198912  0.205489  0.152412  0.308601  0.203435  0.312306  0.208895  0.289465  0.312283  0.240656  0.318561    0 0 
7  0.214861  0.34374  0.240656  0.318561  0.289465  0.312283  0.329837  0.333654  0.339824  0.451299  0.316996  0.491086  0.207266  0.459721    0 0 
6  0.192641  0.46958  0.207266  0.459721  0.316996  0.491086  0.334084  0.545888  0.221772  0.60673  0.179751  0.567464    0 0 
7  0.221772  0.60673  0.334084  0.545888  0.338966  0.549956  0.333389  0.661014  0.314096  0.683842  0.22123  0.679305  0.220956  0.678868    0 0 
6  0.22123  0.679305  0.314096  0.683842  0.349924  0.77529  0.280331  0.818904  0.23321  0.804203  0.20853  0.779453    0 0 
5  0.23321  0.804203  0.280331  0.818904  0.305496  0.903311  0.194482  0.967323  0.16519  0.940002    0 0 
5  0.305496  0.903311  0.351361  0.932256  0.336742  1  0.202858  1  0.194482  0.967323    0 0 
5  0.30965  0  0.433161  0  0.42988  0.0826166  0.421147  0.0901957  0.338231  0.0662843    0 0 
7  0.331499  0.0729601  0.338231  0.0662843  0.421147  0.0901957  0.436548  0.187357  0.43643  0.187545  0.312306  0.208895  0.308601  0.203435    0 0 
5  0.312306  0.208895  0.43643  0.187545  0.428183  0.311807  0.329837  0.333654  0.289465  0.312283    0 0 
5  0.329837  0.333654  0.428183  0.311807  0.430188  0.31329  0.462788  0.433824  0.339824  0.451299    0 0 
8  0.316996  0.491086  0.339824  0.451299  0.462788  0.433824  0.484179  0.451386  0.457726  0.56037  0.445666  0.569199  0.338966  0.549956  0.334084  0.545888    0 0 
5  0.338966  0.549956  0.445666  0.569199  0.448948  0.667443  0.443162  0.677297  0.333389  0.661014    0 0 
5  0.314096  0.683842  0.333389  0.661014  0.443162  0.677297  0.435571  0.783593  0.349924  0.77529    0 0 
7  0.280331  0.818904  0.349924  0.77529  0.435571  0.783593  0.444777  0.793507  0.413255  0.914429  0.351361  0.932256  0.305496  0.903311    0 0 
5  0.351361  0.932256  0.413255  0.914429  0.457484  0.952964  0.454778  1  0.336742  1    0 0 
4  0.433161  0  0.535408  0  0.534357  0.0515888  0.42988  0.0826166    0 0 
7  0.421147  0.0901957  0.42988  0.0826166  0.534357  0.0515888  0.55034  0.0619902  0.57958  0.18444  0.564135  0.197802  0.436548  0.187357    0 0 
6  0.43643  0.187545  0.436548  0.187357  0.564135  0.197802  0.56135  0.312613  0.430188  0.31329  0.428183  0.311807    0 0 
6  0.430188  0.31329  0.56135  0.312613  0.564809  0.316323  0.565686  0.433052  0.484179  0.451386  0.462788  0.433824    0 0 
5  0.484179  0.451386  0.565686  0.433052  0.575093  0.438902  0.558506  0.579765  0.457726  0.56037    0 0 
6  0.445666  0.569199  0.457726  0.56037  0.558506  0.579765  0.584428  0.599515  0.585228  0.673302  0.448948  0.667443    0 0 
8  0.443162  0.677297  0.448948  0.667443  0.585228  0.673302  0.595827  0.692073  0.571913  0.773405  0.53502  0.802729  0.444777  0.793507  0.435571  0.783593    0 0 
5  0.444777  0.793507  0.53502  0.802729  0.577033  0.933196  0.457484  0.952964  0.413255  0.914429    0 0 
5  0.457484  0.952964  0.577033  0.933196  0.580621  0.935692  0.577287  1  0.454778  1    0 0 
5  0.535408  0  0.64988  0  0.654507  0.0452991  0.55034  0.0619902  0.534357  0.0515888    0 0 
6  0.55034  0.0619902  0.654507  0.0452991  0.695985  0.0755563  0.691767  0.151547  0.651936  0.180683  0.57958  0.18444    0 0 
6  0.564135  0.197802  0.57958  0.18444  0.651936  0.180683  0.681687  0.311656  0.564809  0.316323  0.56135  0.312613    0 0 
7  0.564809  0.316323  0.681687  0.311656  0.706445  0.327556  0.687086  0.414692  0.636968  0.451846  0.575093  0.438902  0.565686  0.433052    0 0 
6  0.575093  0.438902  0.636968  0.451846  0.666551  0.542158  0.655049  0.55896  0.584428  0.599515  0.558506  0.579765    0 0 
6  0.584428  0.599515  0.655049  0.55896  0.716453  0.684503  0.709414  0.690095  0.595827  0.692073  0.585228  0.673302    0 0 
5  0.595827  0.692073  0.709414  0.690095  0.705667  0.811573  0.697529  0.824348  0.571913  0.773405    0 0 
7  0.53502  0.802729  0.571913  0.773405  0.697529  0.824348  0.70421  0.88759  0.669645  0.923086  0.580621  0.935692  0.577033  0.933196    0 0 
4  0.580621  0.935692  0.669645  0.923086  0.698156  1  0.577287  1    0 0 
5  0.64988  0  0.773318  0  0.774601  0.0304048  0.695985  0.0755563  0.654507  0.0452991    0 0 
6  0.695985  0.0755563  0.774601  0.0304048  0.83677  0.0642465  0.806785  0.184025  0.786613  0.198776  0.691767  0.151547    0 0 
6  0.651936  0.180683  0.691767  0.151547  0.786613  0.198776  0.787408  0.303011  0.706445  0.327556  0.681687  0.311656    0 0 
6  0.706445  0.327556  0.787408  0.303011  0.815953  0.320991  0.791078  0.462493  0.782124  0.466861  0.687086  0.414692    0 0 
5  0.636968  0.451846  0.687086  0.414692  0.782124  0.466861  0.75295  0.544656  0.666551  0.542158    0 0 
6  0.655049  0.55896  0.666551  0.542158  0.75295  0.544656  0.795266  0.607241  0.788941  0.662239  0.716453  0.684503    0 0 
7  0.709414  0.690095  0.716453  0.684503  0.788941  0.662239  0.819169  0.689677  0.827236  0.769647  0.816539  0.779518  0.705667  0.811573    0 0 
5  0.697529  0.824348  0.705667  0.811573  0.816539  0.779518  0.793768  0.907926  0.70421  0.88759    0 0 
6  0.669645  0.923086  0.70421  0.88759  0.793768  0.907926  0.83096  0.93297  0.813536  1  0.698156  1    0 0 
5  0.773318  0  0.900988  0  0.890063  0.0559743  0.83677  0.0642465  0.774601  0.0304048    0 0 
5  0.83677  0.0642465  0.890063  0.0559743  0.949539  0.0961167  0.924659  0.192312  0.806785  0.184025    0 0 
8  0.786613  0.198776  0.806785  0.184025  0.924659  0.192312  0.945584  0.236792  0.911943  0.317492  0.901854  0.331  0.815953  0.320991  0.787408  0.303011    0 0 
5  0.815953  0.320991  0.901854  0.331  0.928197  0.391028  0.877168  0.477345  0.791078  0.462493    0 0 
6  0.782124  0.466861  0.791078  0.462493  0.877168  0.477345  0.901953  0.543065  0.795266  0.607241  0.75295  0.544656    0 0 
7  0.795266  0.607241  0.901953  0.543065  0.913901  0.548928  0.949426  0.650674  0.920858  0.678389  0.819169  0.689677  0.788941  0.662239    0 0 
5  0.819169  0.689677  0.920858  0.678389  0.949371  0.787666  0.909614  0.819115  0.827236  0.769647    0 0 
7  0.816539  0.779518  0.827236  0.769647  0.909614  0.819115  0.902987  0.898922  0.880478  0.917724  0.83096  0.93297  0.793768  0.907926    0 0 
4  0.83096  0.93297  0.880478  0.917724  0.921108  1  0.813536  1    0 0 
5  0.900988  0  1  0  1  0.0841646  0.949539  0.0961167  0.890063  0.0559743    0 0 
5  0.949539  0.0961167  1  0.0841646  1  0.234589  0.945584  0.236792  0.924659  0.192312    0 0 
4  0.945584  0.236792  1  0.234589  1  0.319256  0.911943  0.317492    0 0 
5  0.901854  0.331  0.911943  0.317492  1  0.319256  1  0.418999  0.928197  0.391028    0 0 
6  0.877168  0.477345  0.928197  0.391028  1  0.418999  1  0.520496  0.913901  0.548928  0.901953  0.543065    0 0 
4  0.913901  0.548928  1  0.520496  1  0.654134  0.949426  0.650674    0 0 
5  0.920858  0.678389  0.949426  0.650674  1  0.654134  1  0.786277  0.949371  0.787666    0 0 
5  0.909614  0.819115  0.949371  0.787666  1  0.786277  1  0.923763  0.902987  0.898922    0 0 
5  0.880478  0.917724  0.902987  0.898922  1  0.923763  1  1  0.921108  1    0 0 
