# Date: 7/11/2013   Time: 0:8
# dimensions 
10 10 
# connectivity 
4
4  1  2  3  4    1 1 
5  5  6  7  8  9    1 1 
5  10  11  12  13  14    1 1 
4  15  16  17  18    1 1 
# DG vertices (counter-clockwise) 
18
0  0  
5.02588  0  
4.94747  4.86881  
0  4.96007  
0  4.96007  
4.94747  4.86881  
5.17812  5.05218  
5.46126  10  
0  10  
5.02588  0  
10  0  
10  4.57157  
5.17812  5.05218  
4.94747  4.86881  
5.17812  5.05218  
10  4.57157  
10  10  
5.46126  10  
# grid vertices 
10
0 0 
5.02588 0 
4.94747 4.86881 
0 4.96007 
5.17812 5.05218 
5.46126 10 
0 10 
10 0 
10 4.57157 
10 10 
