# Date: 7/11/2013   Time: 11:56
# dimensions 
10 10 
# connectivity 
4
5  1  2  3  4  5    1 1 
5  6  7  8  9  10    1 1 
5  11  12  13  14  15    1 1 
5  16  17  18  19  20    1 1 
# DG vertices (counter-clockwise) 
20
0  0  
5  0  
5  0  
5  5  
0  5  
0  0  
5  0  
5  0  
5  5  
0  5  
0  0  
5  0  
5  0  
5  5  
0  5  
0  0  
5  0  
5  0  
5  5  
0  5  
# grid vertices 
14
Inf Inf 
5 5 
5 5 
5 -6.31371 
5 -6.31371 
-6.31371 5 
-6.31371 5 
16.3137 5 
16.3137 5 
5 16.3137 
5 16.3137 
5 0 
0 0 
0 5 
