# Date: 7/11/2013   Time: 13:34
# dimensions 
10 10 
# connectivity 
9
5  1  2  3  4  5    1 1 
4  6  7  8  9    1 1 
4  10  11  12  13    1 1 
6  14  15  16  17  18  19    1 1 
6  20  21  22  23  24  25    1 1 
6  26  27  28  29  30  31    1 1 
4  32  33  34  35    1 1 
5  36  37  38  39  40    1 1 
4  41  42  43  44    1 1 
# DG vertices (counter-clockwise) 
44
0  0  
3.13007  0  
3.13007  4.07985  
0.0997876  4.60643  
0  4.60643  
0  4.60643  
0.0997876  4.60643  
0.857497  9.60643  
0  9.60643  
0  9.60643  
0.857497  9.60643  
1.11574  10  
0  10  
3.13007  0  
8.13007  0  
8.13007  2.68562  
4.85044  4.96914  
4.82738  4.96859  
3.13007  4.07985  
0.0997876  4.60643  
3.13007  4.07985  
4.82738  4.96859  
3.673  10  
1.11574  10  
0.857497  9.60643  
4.82738  4.96859  
4.85044  4.96914  
10  7.68562  
8.01047  7.68562  
10  10  
3.673  10  
8.13007  0  
10  0  
10  2.68562  
8.13007  2.68562  
4.85044  4.96914  
8.13007  2.68562  
10  2.68562  
10  7.68562  
8.01047  7.68562  
8.01047  7.68562  
10  7.68562  
10  10  
8.01047  10  
# grid vertices 
30
Inf Inf 
0.0997876 4.60643 
0.857497 9.60643 
3.01047 12.8876 
3.13007 4.07985 
4.82738 4.96859 
4.85044 4.96914 
8.13007 2.68562 
8.01047 7.68562 
3.13007 -12.1464 
-18.9583 4.60643 
-19.4798 9.60643 
8.13007 -15.3493 
3.01047 35.1645 
26.165 2.68562 
26.1869 7.68562 
8.01047 25.8621 
3.13007 0 
0 0 
0 4.60643 
0 9.60643 
0 10 
1.11574 10 
8.13007 0 
3.673 10 
10 7.68562 
10 10 
10 0 
10 2.68562 
8.01047 10 
