# Date: 8/5/2013   Time: 19:34
# dimensions 
1 1 
# connectivity 
64
4 1 2 3 4 1 1 
4 5 6 7 8 1 1 
4 9 10 11 12 1 1 
4 13 14 15 16 1 1 
4 17 18 19 20 1 1 
4 21 22 23 24 1 1 
4 25 26 27 28 1 1 
4 29 30 31 32 1 1 
4 33 34 35 36 1 1 
4 37 38 39 40 1 1 
4 41 42 43 44 1 1 
4 45 46 47 48 1 1 
4 49 50 51 52 1 1 
4 53 54 55 56 1 1 
4 57 58 59 60 1 1 
4 61 62 63 64 1 1 
4 65 66 67 68 1 1 
4 69 70 71 72 1 1 
4 73 74 75 76 1 1 
4 77 78 79 80 1 1 
4 81 82 83 84 1 1 
4 85 86 87 88 1 1 
4 89 90 91 92 1 1 
4 93 94 95 96 1 1 
4 97 98 99 100 1 1 
4 101 102 103 104 1 1 
4 105 106 107 108 1 1 
4 109 110 111 112 1 1 
4 113 114 115 116 1 1 
4 117 118 119 120 1 1 
4 121 122 123 124 1 1 
4 125 126 127 128 1 1 
4 129 130 131 132 1 1 
4 133 134 135 136 1 1 
4 137 138 139 140 1 1 
4 141 142 143 144 1 1 
4 145 146 147 148 1 1 
4 149 150 151 152 1 1 
4 153 154 155 156 1 1 
4 157 158 159 160 1 1 
4 161 162 163 164 1 1 
4 165 166 167 168 1 1 
4 169 170 171 172 1 1 
4 173 174 175 176 1 1 
4 177 178 179 180 1 1 
4 181 182 183 184 1 1 
4 185 186 187 188 1 1 
4 189 190 191 192 1 1 
4 193 194 195 196 1 1 
4 197 198 199 200 1 1 
4 201 202 203 204 1 1 
4 205 206 207 208 1 1 
4 209 210 211 212 1 1 
4 213 214 215 216 1 1 
4 217 218 219 220 1 1 
4 221 222 223 224 1 1 
4 225 226 227 228 1 1 
4 229 230 231 232 1 1 
4 233 234 235 236 1 1 
4 237 238 239 240 1 1 
4 241 242 243 244 1 1 
4 245 246 247 248 1 1 
4 249 250 251 252 1 1 
4 253 254 255 256 1 1 
# DG vertices (counter-clockwise) 
256
 0 0 
 0.126694 0 
 0.124553 0.123634 
 0 0.127022 
 0 0.127022 
 0.124553 0.123634 
 0.125325 0.250392 
 0 0.251186 
 0 0.251186 
 0.125325 0.250392 
 0.124204 0.374568 
 0 0.373767 
 0 0.373767 
 0.124204 0.374568 
 0.126557 0.50184 
 0 0.501488 
 0 0.501488 
 0.126557 0.50184 
 0.122455 0.626332 
 0 0.625358 
 0 0.625358 
 0.122455 0.626332 
 0.124571 0.749185 
 0 0.748391 
 0 0.748391 
 0.124571 0.749185 
 0.123685 0.876551 
 0 0.873592 
 0 0.873592 
 0.123685 0.876551 
 0.124171 1 
 0 1 
 0.126694 0 
 0.248411 0 
 0.249889 0.123595 
 0.124553 0.123634 
 0.124553 0.123634 
 0.249889 0.123595 
 0.249181 0.249049 
 0.125325 0.250392 
 0.125325 0.250392 
 0.249181 0.249049 
 0.248696 0.375149 
 0.124204 0.374568 
 0.124204 0.374568 
 0.248696 0.375149 
 0.251832 0.49793 
 0.126557 0.50184 
 0.126557 0.50184 
 0.251832 0.49793 
 0.251503 0.627425 
 0.122455 0.626332 
 0.122455 0.626332 
 0.251503 0.627425 
 0.250807 0.748442 
 0.124571 0.749185 
 0.124571 0.749185 
 0.250807 0.748442 
 0.249236 0.87381 
 0.123685 0.876551 
 0.123685 0.876551 
 0.249236 0.87381 
 0.251462 1 
 0.124171 1 
 0.248411 0 
 0.374898 0 
 0.372423 0.123897 
 0.249889 0.123595 
 0.249889 0.123595 
 0.372423 0.123897 
 0.373896 0.248824 
 0.249181 0.249049 
 0.249181 0.249049 
 0.373896 0.248824 
 0.372893 0.375428 
 0.248696 0.375149 
 0.248696 0.375149 
 0.372893 0.375428 
 0.373111 0.497976 
 0.251832 0.49793 
 0.251832 0.49793 
 0.373111 0.497976 
 0.375561 0.625994 
 0.251503 0.627425 
 0.251503 0.627425 
 0.375561 0.625994 
 0.375742 0.751547 
 0.250807 0.748442 
 0.250807 0.748442 
 0.375742 0.751547 
 0.373698 0.873582 
 0.249236 0.87381 
 0.249236 0.87381 
 0.373698 0.873582 
 0.373105 1 
 0.251462 1 
 0.374898 0 
 0.502578 0 
 0.501293 0.125731 
 0.372423 0.123897 
 0.372423 0.123897 
 0.501293 0.125731 
 0.49967 0.252183 
 0.373896 0.248824 
 0.373896 0.248824 
 0.49967 0.252183 
 0.499179 0.377345 
 0.372893 0.375428 
 0.372893 0.375428 
 0.499179 0.377345 
 0.500901 0.498307 
 0.373111 0.497976 
 0.373111 0.497976 
 0.500901 0.498307 
 0.501612 0.626481 
 0.375561 0.625994 
 0.375561 0.625994 
 0.501612 0.626481 
 0.498923 0.750893 
 0.375742 0.751547 
 0.375742 0.751547 
 0.498923 0.750893 
 0.499322 0.874895 
 0.373698 0.873582 
 0.373698 0.873582 
 0.499322 0.874895 
 0.499281 1 
 0.373105 1 
 0.502578 0 
 0.622671 0 
 0.623752 0.123147 
 0.501293 0.125731 
 0.501293 0.125731 
 0.623752 0.123147 
 0.623876 0.252404 
 0.49967 0.252183 
 0.49967 0.252183 
 0.623876 0.252404 
 0.622631 0.373437 
 0.499179 0.377345 
 0.499179 0.377345 
 0.622631 0.373437 
 0.622631 0.497837 
 0.500901 0.498307 
 0.500901 0.498307 
 0.622631 0.497837 
 0.623812 0.623046 
 0.501612 0.626481 
 0.501612 0.626481 
 0.623812 0.623046 
 0.626984 0.74765 
 0.498923 0.750893 
 0.498923 0.750893 
 0.626984 0.74765 
 0.626901 0.873919 
 0.499322 0.874895 
 0.499322 0.874895 
 0.626901 0.873919 
 0.625877 1 
 0.499281 1 
 0.622671 0 
 0.747914 0 
 0.748118 0.123436 
 0.623752 0.123147 
 0.623752 0.123147 
 0.748118 0.123436 
 0.749773 0.251268 
 0.623876 0.252404 
 0.623876 0.252404 
 0.749773 0.251268 
 0.751564 0.37496 
 0.622631 0.373437 
 0.622631 0.373437 
 0.751564 0.37496 
 0.749621 0.498769 
 0.622631 0.497837 
 0.622631 0.497837 
 0.749621 0.498769 
 0.750526 0.627346 
 0.623812 0.623046 
 0.623812 0.623046 
 0.750526 0.627346 
 0.747487 0.749768 
 0.626984 0.74765 
 0.626984 0.74765 
 0.747487 0.749768 
 0.749386 0.874162 
 0.626901 0.873919 
 0.626901 0.873919 
 0.749386 0.874162 
 0.748325 1 
 0.625877 1 
 0.747914 0 
 0.877388 0 
 0.876161 0.122659 
 0.748118 0.123436 
 0.748118 0.123436 
 0.876161 0.122659 
 0.873762 0.250919 
 0.749773 0.251268 
 0.749773 0.251268 
 0.873762 0.250919 
 0.873052 0.377007 
 0.751564 0.37496 
 0.751564 0.37496 
 0.873052 0.377007 
 0.874006 0.500015 
 0.749621 0.498769 
 0.749621 0.498769 
 0.874006 0.500015 
 0.874482 0.62756 
 0.750526 0.627346 
 0.750526 0.627346 
 0.874482 0.62756 
 0.877178 0.74916 
 0.747487 0.749768 
 0.747487 0.749768 
 0.877178 0.74916 
 0.875642 0.874396 
 0.749386 0.874162 
 0.749386 0.874162 
 0.875642 0.874396 
 0.874341 1 
 0.748325 1 
 0.877388 0 
 1 0 
 1 0.123628 
 0.876161 0.122659 
 0.876161 0.122659 
 1 0.123628 
 1 0.247784 
 0.873762 0.250919 
 0.873762 0.250919 
 1 0.247784 
 1 0.377295 
 0.873052 0.377007 
 0.873052 0.377007 
 1 0.377295 
 1 0.498742 
 0.874006 0.500015 
 0.874006 0.500015 
 1 0.498742 
 1 0.627252 
 0.874482 0.62756 
 0.874482 0.62756 
 1 0.627252 
 1 0.749439 
 0.877178 0.74916 
 0.877178 0.74916 
 1 0.749439 
 1 0.875375 
 0.875642 0.874396 
 0.875642 0.874396 
 1 0.875375 
 1 1 
 0.874341 1 
# grid vertices (counter-clockwise) 
81
0 0 
0 0.127022 
0 0.251186 
0 0.373767 
0 0.501488 
0 0.625358 
0 0.748391 
0 0.873592 
0 1 
0.126694 0 
0.124553 0.123634 
0.125325 0.250392 
0.124204 0.374568 
0.126557 0.50184 
0.122455 0.626332 
0.124571 0.749185 
0.123685 0.876551 
0.124171 1 
0.248411 0 
0.249889 0.123595 
0.249181 0.249049 
0.248696 0.375149 
0.251832 0.49793 
0.251503 0.627425 
0.250807 0.748442 
0.249236 0.87381 
0.251462 1 
0.374898 0 
0.372423 0.123897 
0.373896 0.248824 
0.372893 0.375428 
0.373111 0.497976 
0.375561 0.625994 
0.375742 0.751547 
0.373698 0.873582 
0.373105 1 
0.502578 0 
0.501293 0.125731 
0.49967 0.252183 
0.499179 0.377345 
0.500901 0.498307 
0.501612 0.626481 
0.498923 0.750893 
0.499322 0.874895 
0.499281 1 
0.622671 0 
0.623752 0.123147 
0.623876 0.252404 
0.622631 0.373437 
0.622631 0.497837 
0.623812 0.623046 
0.626984 0.74765 
0.626901 0.873919 
0.625877 1 
0.747914 0 
0.748118 0.123436 
0.749773 0.251268 
0.751564 0.37496 
0.749621 0.498769 
0.750526 0.627346 
0.747487 0.749768 
0.749386 0.874162 
0.748325 1 
0.877388 0 
0.876161 0.122659 
0.873762 0.250919 
0.873052 0.377007 
0.874006 0.500015 
0.874482 0.62756 
0.877178 0.74916 
0.875642 0.874396 
0.874341 1 
1 0 
1 0.123628 
1 0.247784 
1 0.377295 
1 0.498742 
1 0.627252 
1 0.749439 
1 0.875375 
1 1 
