# Date: 8/3/2013   Time: 23:6
# dimensions 
1 1 
# connectivity 
81
4  1  2  3  4    1 1 
5  5  6  7  8  9    1 1 
5  10  11  12  13  14    1 1 
4  15  16  17  18    1 1 
4  19  20  21  22    1 1 
3  23  24  25    1 1 
5  26  27  28  29  30    1 1 
5  31  32  33  34  35    1 1 
4  36  37  38  39    1 1 
5  40  41  42  43  44    1 1 
7  45  46  47  48  49  50  51    1 1 
5  52  53  54  55  56    1 1 
5  57  58  59  60  61    1 1 
6  62  63  64  65  66  67    1 1 
6  68  69  70  71  72  73    1 1 
8  74  75  76  77  78  79  80  81    1 1 
6  82  83  84  85  86  87    1 1 
6  88  89  90  91  92  93    1 1 
6  94  95  96  97  98  99    1 1 
7  100  101  102  103  104  105  106    1 1 
5  107  108  109  110  111    1 1 
8  112  113  114  115  116  117  118  119    1 1 
6  120  121  122  123  124  125    1 1 
7  126  127  128  129  130  131  132    1 1 
4  133  134  135  136    1 1 
5  137  138  139  140  141    1 1 
3  142  143  144    1 1 
6  145  146  147  148  149  150    1 1 
5  151  152  153  154  155    1 1 
8  156  157  158  159  160  161  162  163    1 1 
6  164  165  166  167  168  169    1 1 
8  170  171  172  173  174  175  176  177    1 1 
5  178  179  180  181  182    1 1 
7  183  184  185  186  187  188  189    1 1 
6  190  191  192  193  194  195    1 1 
4  196  197  198  199    1 1 
4  200  201  202  203    1 1 
5  204  205  206  207  208    1 1 
6  209  210  211  212  213  214    1 1 
4  215  216  217  218    1 1 
6  219  220  221  222  223  224    1 1 
5  225  226  227  228  229    1 1 
5  230  231  232  233  234    1 1 
8  235  236  237  238  239  240  241  242    1 1 
5  243  244  245  246  247    1 1 
5  248  249  250  251  252    1 1 
6  253  254  255  256  257  258    1 1 
7  259  260  261  262  263  264  265    1 1 
4  266  267  268  269    1 1 
7  270  271  272  273  274  275  276    1 1 
6  277  278  279  280  281  282    1 1 
4  283  284  285  286    1 1 
8  287  288  289  290  291  292  293  294    1 1 
7  295  296  297  298  299  300  301    1 1 
4  302  303  304  305    1 1 
4  306  307  308  309    1 1 
6  310  311  312  313  314  315    1 1 
6  316  317  318  319  320  321    1 1 
5  322  323  324  325  326    1 1 
8  327  328  329  330  331  332  333  334    1 1 
5  335  336  337  338  339    1 1 
6  340  341  342  343  344  345    1 1 
5  346  347  348  349  350    1 1 
4  351  352  353  354    1 1 
6  355  356  357  358  359  360    1 1 
6  361  362  363  364  365  366    1 1 
11  367  368  369  370  371  372  373  374  375  376  377    1 1 
5  378  379  380  381  382    1 1 
6  383  384  385  386  387  388    1 1 
6  389  390  391  392  393  394    1 1 
6  395  396  397  398  399  400    1 1 
5  401  402  403  404  405    1 1 
3  406  407  408    1 1 
4  409  410  411  412    1 1 
3  413  414  415    1 1 
5  416  417  418  419  420    1 1 
5  421  422  423  424  425    1 1 
5  426  427  428  429  430    1 1 
5  431  432  433  434  435    1 1 
4  436  437  438  439    1 1 
4  440  441  442  443    1 1 
# DG vertices (counter-clockwise) 
443
0  0  
0.0456479  0  
0.0456479  0.0544948  
0  0.0544948  
0  0.0544948  
0.0456479  0.0544948  
0.0646037  0.0703732  
0.0678301  0.131188  
0  0.131188  
0  0.131188  
0.0678301  0.131188  
0.081155  0.165616  
0.0726989  0.185874  
0  0.222517  
0  0.43105  
0.0749402  0.43105  
0.0752602  0.437177  
0  0.5017  
1.38778e-17  0.322442  
0.0967731  0.360935  
0.0749402  0.43105  
0  0.43105  
0  0.510967  
0.0503475  0.558206  
0  0.601823  
0  0.648668  
0.130227  0.709565  
0.134881  0.718544  
0.091276  0.803706  
0  0.803706  
0  0.803706  
0.091276  0.803706  
0.121962  0.896309  
0.028876  0.94821  
0  0.94821  
0  0.94821  
0.028876  0.94821  
0.028876  1  
0  1  
0.0456479  0  
0.209235  0  
0.209235  0.0113005  
0.0646037  0.0703732  
0.0456479  0.0544948  
0.0646037  0.0703732  
0.209235  0.0113005  
0.246193  0.0817248  
0.22711  0.131444  
0.197368  0.151199  
0.081155  0.165616  
0.0678301  0.131188  
0.0726989  0.185874  
0.081155  0.165616  
0.197368  0.151199  
0.159031  0.332537  
0.151344  0.332714  
0  0.222517  
0.0726989  0.185874  
0.151344  0.332714  
0.0967731  0.360935  
1.38778e-17  0.322442  
0  0.510967  
0  0.5017  
0.0752602  0.437177  
0.128388  0.538788  
0.12055  0.554445  
0.0503475  0.558206  
0  0.601823  
0.0503475  0.558206  
0.12055  0.554445  
0.127196  0.608033  
0.130227  0.709565  
0  0.648668  
0.091276  0.803706  
0.134881  0.718544  
0.224334  0.713088  
0.303759  0.824362  
0.307481  0.84551  
0.15245  0.89759  
0.126476  0.900456  
0.121962  0.896309  
0.128992  0.910358  
0.126476  0.900456  
0.15245  0.89759  
0.323209  0.969415  
0.315297  1  
0.246781  1  
0.121962  0.896309  
0.126476  0.900456  
0.128992  0.910358  
0.128992  1  
0.028876  1  
0.028876  0.94821  
0.209235  0.0113005  
0.209235  0  
0.38909  0  
0.38909  0.0345879  
0.329479  0.0867115  
0.246193  0.0817248  
0.22711  0.131444  
0.246193  0.0817248  
0.329479  0.0867115  
0.394591  0.175618  
0.394542  0.217336  
0.333519  0.274123  
0.315031  0.283781  
0.197368  0.151199  
0.22711  0.131444  
0.315031  0.283781  
0.265803  0.364136  
0.159031  0.332537  
0.0967731  0.360935  
0.151344  0.332714  
0.159031  0.332537  
0.265803  0.364136  
0.309685  0.470769  
0.128388  0.538788  
0.0752602  0.437177  
0.0749402  0.43105  
0.128388  0.538788  
0.309685  0.470769  
0.336758  0.49335  
0.330258  0.578443  
0.127196  0.608033  
0.12055  0.554445  
0.127196  0.608033  
0.330258  0.578443  
0.329766  0.606485  
0.303041  0.643869  
0.224334  0.713088  
0.134881  0.718544  
0.130227  0.709565  
0.224334  0.713088  
0.303041  0.643869  
0.365514  0.760311  
0.303759  0.824362  
0.15245  0.89759  
0.307481  0.84551  
0.353451  0.895482  
0.330474  0.955857  
0.323209  0.969415  
0.128992  0.910358  
0.246781  1  
0.128992  1  
0.469016  0  
0.548487  0  
0.548487  0.0814987  
0.515086  0.0893647  
0.504453  0.0884608  
0.469016  0.0631175  
0.504453  0.0884608  
0.515086  0.0893647  
0.490039  0.246815  
0.394542  0.217336  
0.394591  0.175618  
0.265803  0.364136  
0.315031  0.283781  
0.333519  0.274123  
0.482569  0.356058  
0.452415  0.417961  
0.340765  0.492652  
0.336758  0.49335  
0.309685  0.470769  
0.333519  0.274123  
0.394542  0.217336  
0.490039  0.246815  
0.508087  0.261757  
0.489387  0.349707  
0.482569  0.356058  
0.336758  0.49335  
0.340765  0.492652  
0.480659  0.548985  
0.519238  0.582635  
0.512296  0.598044  
0.401693  0.6576  
0.329766  0.606485  
0.330258  0.578443  
0.303041  0.643869  
0.329766  0.606485  
0.401693  0.6576  
0.472772  0.745088  
0.365514  0.760311  
0.365514  0.760311  
0.472772  0.745088  
0.493418  0.757059  
0.484293  0.871198  
0.353451  0.895482  
0.307481  0.84551  
0.303759  0.824362  
0.353451  0.895482  
0.484293  0.871198  
0.521338  0.911299  
0.51618  0.958467  
0.415548  0.990864  
0.330474  0.955857  
0.51618  0.958467  
0.51618  1  
0.415548  1  
0.415548  0.990864  
0.38909  0  
0.469016  0  
0.469016  0.0631175  
0.38909  0.0345879  
0.329479  0.0867115  
0.38909  0.0345879  
0.469016  0.0631175  
0.504453  0.0884608  
0.394591  0.175618  
0.508087  0.261757  
0.596235  0.242409  
0.615225  0.266245  
0.605943  0.360545  
0.587146  0.37813  
0.489387  0.349707  
0.452415  0.417961  
0.549291  0.461443  
0.480659  0.548985  
0.340765  0.492652  
0.482569  0.356058  
0.489387  0.349707  
0.587146  0.37813  
0.588419  0.461921  
0.549291  0.461443  
0.452415  0.417961  
0.512296  0.598044  
0.519238  0.582635  
0.60592  0.577415  
0.549191  0.737604  
0.496424  0.754836  
0.401693  0.6576  
0.512296  0.598044  
0.496424  0.754836  
0.493418  0.757059  
0.472772  0.745088  
0.493418  0.757059  
0.496424  0.754836  
0.549191  0.737604  
0.576456  0.73993  
0.634421  0.822469  
0.582051  0.907411  
0.521338  0.911299  
0.484293  0.871198  
0.323209  0.969415  
0.330474  0.955857  
0.415548  0.990864  
0.415548  1  
0.315297  1  
0.548487  0  
0.66581  0  
0.66296  0.0104885  
0.577998  0.0944955  
0.548487  0.0814987  
0.66296  0.0104885  
0.66581  0  
0.753278  0  
0.798291  0.13962  
0.792538  0.141299  
0.77285  0.138398  
0.515086  0.0893647  
0.548487  0.0814987  
0.577998  0.0944955  
0.6233  0.149281  
0.596235  0.242409  
0.508087  0.261757  
0.490039  0.246815  
0.615225  0.266245  
0.715794  0.292503  
0.761613  0.399779  
0.605943  0.360545  
0.549291  0.461443  
0.588419  0.461921  
0.648316  0.51978  
0.642066  0.560714  
0.60592  0.577415  
0.519238  0.582635  
0.480659  0.548985  
0.60592  0.577415  
0.642066  0.560714  
0.659096  0.581008  
0.721129  0.703109  
0.576456  0.73993  
0.549191  0.737604  
0.634421  0.822469  
0.700783  0.799758  
0.632023  0.924658  
0.582051  0.907411  
0.576456  0.73993  
0.721129  0.703109  
0.758895  0.728019  
0.759287  0.729341  
0.760251  0.734021  
0.743194  0.777057  
0.700783  0.799758  
0.634421  0.822469  
0.521338  0.911299  
0.582051  0.907411  
0.632023  0.924658  
0.64857  0.932988  
0.64857  1  
0.51618  1  
0.51618  0.958467  
0.753278  0  
0.830562  0  
0.830562  0.141306  
0.798291  0.13962  
0.577998  0.0944955  
0.66296  0.0104885  
0.77285  0.138398  
0.6233  0.149281  
0.6233  0.149281  
0.77285  0.138398  
0.792538  0.141299  
0.715794  0.292503  
0.615225  0.266245  
0.596235  0.242409  
0.587146  0.37813  
0.605943  0.360545  
0.761613  0.399779  
0.773259  0.413261  
0.648316  0.51978  
0.588419  0.461921  
0.659096  0.581008  
0.809931  0.565932  
0.816629  0.66286  
0.758895  0.728019  
0.721129  0.703109  
0.773259  0.413261  
0.839295  0.420499  
0.851807  0.432668  
0.857368  0.44352  
0.809931  0.565932  
0.659096  0.581008  
0.642066  0.560714  
0.648316  0.51978  
0.700783  0.799758  
0.743194  0.777057  
0.750709  0.926236  
0.64857  0.932988  
0.632023  0.924658  
0.743194  0.777057  
0.760251  0.734021  
0.885799  0.812606  
0.872925  0.919163  
0.795744  0.965722  
0.750709  0.926236  
0.64857  0.932988  
0.750709  0.926236  
0.795744  0.965722  
0.795744  1  
0.64857  1  
0.830562  0  
0.907773  0  
0.852769  0.147067  
0.830562  0.141306  
0.907773  0  
0.963102  0  
1  0.0648818  
1  0.0810248  
0.853044  0.147242  
0.852769  0.147067  
0.893685  0.250361  
0.949969  0.286833  
1  0.330258  
1  0.371964  
0.851807  0.432668  
0.839295  0.420499  
0.792538  0.141299  
0.798291  0.13962  
0.830562  0.141306  
0.852769  0.147067  
0.853044  0.147242  
0.893832  0.217626  
0.893685  0.250361  
0.839295  0.420499  
0.773259  0.413261  
0.761613  0.399779  
0.715794  0.292503  
0.809931  0.565932  
0.857368  0.44352  
0.962676  0.532669  
0.921948  0.636564  
0.816629  0.66286  
0.760251  0.734021  
0.759287  0.729341  
0.947431  0.715896  
0.944401  0.769789  
0.92577  0.79787  
0.885799  0.812606  
0.816629  0.66286  
0.921948  0.636564  
0.954366  0.689636  
0.947431  0.715896  
0.759287  0.729341  
0.758895  0.728019  
0.885799  0.812606  
0.92577  0.79787  
1  0.859373  
1  0.922911  
0.951718  0.943721  
0.872925  0.919163  
0.872925  0.919163  
0.951718  0.943721  
0.951718  1  
0.795744  1  
0.795744  0.965722  
0.963102  0  
1  0  
1  0.0648818  
0.853044  0.147242  
1  0.0810248  
1  0.217626  
0.893832  0.217626  
0.949969  0.286833  
1  0.286833  
1  0.330258  
0.893685  0.250361  
0.893832  0.217626  
1  0.217626  
1  0.286833  
0.949969  0.286833  
0.857368  0.44352  
0.851807  0.432668  
1  0.371964  
1  0.532669  
0.962676  0.532669  
0.947431  0.715896  
0.954366  0.689636  
1  0.689636  
1  0.769789  
0.944401  0.769789  
0.962676  0.532669  
1  0.532669  
1  0.689636  
0.954366  0.689636  
0.921948  0.636564  
0.92577  0.79787  
0.944401  0.769789  
1  0.769789  
1  0.859373  
0.951718  0.943721  
1  0.922911  
1  1  
0.951718  1  
# grid vertices 
205
0.121962 0.896309 
0.22711 0.131444 
0.12055 0.554445 
0.303041 0.643869 
0.323209 0.969415 
0.265803 0.364136 
0.246193 0.0817248 
0.151344 0.332714 
0.081155 0.165616 
0.0967731 0.360935 
0.549191 0.737604 
0.0456479 0.0544948 
0.134881 0.718544 
0.307481 0.84551 
0.128992 0.910358 
0.329766 0.606485 
0.365514 0.760311 
0.493418 0.757059 
0.588419 0.461921 
0.521338 0.911299 
0.549291 0.461443 
0.92577 0.79787 
0.60592 0.577415 
0.634421 0.822469 
0.816629 0.66286 
0.482569 0.356058 
0.851807 0.432668 
0.469016 0.0631175 
0.921948 0.636564 
0.809931 0.565932 
0.857368 0.44352 
0.38909 0.0345879 
0.0646037 0.0703732 
0.0678301 0.131188 
0.0726989 0.185874 
0.209235 0.0113005 
0.197368 0.151199 
0.329479 0.0867115 
0.515086 0.0893647 
0.6233 0.149281 
0.315031 0.283781 
0.336758 0.49335 
0.394542 0.217336 
0.761613 0.399779 
0.504453 0.0884608 
0.490039 0.246815 
0.548487 0.0814987 
0.452415 0.417961 
0.0749402 0.43105 
0.159031 0.332537 
-0.110806 0.278368 
0.340765 0.492652 
0.0752602 0.437177 
0.394591 0.175618 
0.333519 0.274123 
-0.0051608 0.506125 
0.0503475 0.558206 
0.128388 0.538788 
0.309685 0.470769 
0.130227 0.709565 
0.028876 0.94821 
0.127196 0.608033 
-0.035118 0.632247 
0.126476 0.900456 
0.091276 0.803706 
0.15245 0.89759 
0.415548 0.990864 
0.303759 0.824362 
0.330474 0.955857 
0.304028 1.04357 
0.330258 0.578443 
0.224334 0.713088 
0.472772 0.745088 
0.353451 0.895482 
0.480659 0.548985 
0.401693 0.6576 
0.512296 0.598044 
0.496424 0.754836 
0.642066 0.560714 
0.519238 0.582635 
0.582051 0.907411 
0.484293 0.871198 
0.721129 0.703109 
0.576456 0.73993 
0.51618 0.958467 
0.758895 0.728019 
0.632023 0.924658 
0.700783 0.799758 
0.750709 0.926236 
0.64857 0.932988 
0.743194 0.777057 
0.872925 0.919163 
0.795744 0.965722 
0.885799 0.812606 
1.05045 0.901169 
0.951718 0.943721 
0.839295 0.420499 
0.659096 0.581008 
0.944401 0.769789 
0.759287 0.729341 
0.760251 0.734021 
0.947431 0.715896 
0.954366 0.689636 
0.577998 0.0944955 
0.587146 0.37813 
0.893685 0.250361 
0.949969 0.286833 
0.962676 0.532669 
1.03264 0.358592 
0.508087 0.261757 
0.773259 0.413261 
0.489387 0.349707 
0.596235 0.242409 
0.648316 0.51978 
0.715794 0.292503 
0.605943 0.360545 
0.615225 0.266245 
0.66296 0.0104885 
0.792538 0.141299 
0.77285 0.138398 
0.798291 0.13962 
0.830562 0.141306 
0.705812 -0.147224 
0.852769 0.147067 
0.853044 0.147242 
0.929724 -0.0586922 
0.893832 0.217626 
1.00731 0.0777319 
0.0456479 -1.99604 
-2.00489 0.0544948 
-1.91453 0.131188 
-1.76989 0.43105 
-2.17479 0.278368 
-1.92457 0.506125 
-2.00055 0.632247 
-1.83215 0.803706 
-2.03561 0.94821 
0.209235 -1.97157 
0.028876 3.01269 
0.38909 -1.85807 
0.128992 2.87778 
0.548487 -1.75402 
0.415548 2.90315 
0.469016 -1.78908 
0.304028 3.0356 
0.705812 -2.2406 
0.51618 2.83143 
0.830562 -1.76069 
0.64857 2.80497 
0.929724 -2.17775 
0.795744 2.93162 
3.08158 0.0777319 
2.79265 0.217626 
2.99795 0.358592 
2.86209 0.286833 
2.84072 0.532669 
2.8785 0.769789 
2.86093 0.689636 
3.14578 0.901169 
0.951718 2.99113 
0.0456479 0 
0 0 
0 0.0544948 
0 0.131188 
0 0.222517 
0 0.43105 
0 0.5017 
1.38778e-17 0.322442 
0 0.510967 
0 0.601823 
0 0.648668 
0 0.803706 
0 0.94821 
0 1 
0.028876 1 
0.209235 0 
0.246781 1 
0.315297 1 
0.128992 1 
0.38909 0 
0.548487 0 
0.469016 0 
0.415548 1 
0.51618 1 
0.66581 0 
0.753278 0 
0.64857 1 
0.830562 0 
0.795744 1 
0.907773 0 
1 0.0810248 
1 0.0648818 
0.963102 0 
1 0.371964 
1 0.330258 
1 0.922911 
1 0.859373 
0.951718 1 
1 0 
1 0.217626 
1 0.286833 
1 0.532669 
1 0.689636 
1 0.769789 
1 1 
