# Date: 7/7/2013   Time: 21:59
# dimensions 
100 100 
# connectivity 
100
4 1 2 3 4 1 1 
4 5 6 7 8 1 1 
4 9 10 11 12 1 1 
4 13 14 15 16 1 1 
4 17 18 19 20 1 1 
4 21 22 23 24 1 1 
4 25 26 27 28 1 1 
4 29 30 31 32 1 1 
4 33 34 35 36 1 1 
4 37 38 39 40 1 1 
4 41 42 43 44 1 1 
4 45 46 47 48 1 1 
4 49 50 51 52 1 1 
4 53 54 55 56 1 1 
4 57 58 59 60 1 1 
4 61 62 63 64 1 1 
4 65 66 67 68 1 1 
4 69 70 71 72 1 1 
4 73 74 75 76 1 1 
4 77 78 79 80 1 1 
4 81 82 83 84 1 1 
4 85 86 87 88 1 1 
4 89 90 91 92 1 1 
4 93 94 95 96 1 1 
4 97 98 99 100 1 1 
4 101 102 103 104 1 1 
4 105 106 107 108 1 1 
4 109 110 111 112 1 1 
4 113 114 115 116 1 1 
4 117 118 119 120 1 1 
4 121 122 123 124 1 1 
4 125 126 127 128 1 1 
4 129 130 131 132 1 1 
4 133 134 135 136 1 1 
4 137 138 139 140 1 1 
4 141 142 143 144 1 1 
4 145 146 147 148 1 1 
4 149 150 151 152 1 1 
4 153 154 155 156 1 1 
4 157 158 159 160 1 1 
4 161 162 163 164 1 1 
4 165 166 167 168 1 1 
4 169 170 171 172 1 1 
4 173 174 175 176 1 1 
4 177 178 179 180 1 1 
4 181 182 183 184 1 1 
4 185 186 187 188 1 1 
4 189 190 191 192 1 1 
4 193 194 195 196 1 1 
4 197 198 199 200 1 1 
4 201 202 203 204 1 1 
4 205 206 207 208 1 1 
4 209 210 211 212 1 1 
4 213 214 215 216 1 1 
4 217 218 219 220 1 1 
4 221 222 223 224 1 1 
4 225 226 227 228 1 1 
4 229 230 231 232 1 1 
4 233 234 235 236 1 1 
4 237 238 239 240 1 1 
4 241 242 243 244 1 1 
4 245 246 247 248 1 1 
4 249 250 251 252 1 1 
4 253 254 255 256 1 1 
4 257 258 259 260 1 1 
4 261 262 263 264 1 1 
4 265 266 267 268 1 1 
4 269 270 271 272 1 1 
4 273 274 275 276 1 1 
4 277 278 279 280 1 1 
4 281 282 283 284 1 1 
4 285 286 287 288 1 1 
4 289 290 291 292 1 1 
4 293 294 295 296 1 1 
4 297 298 299 300 1 1 
4 301 302 303 304 1 1 
4 305 306 307 308 1 1 
4 309 310 311 312 1 1 
4 313 314 315 316 1 1 
4 317 318 319 320 1 1 
4 321 322 323 324 1 1 
4 325 326 327 328 1 1 
4 329 330 331 332 1 1 
4 333 334 335 336 1 1 
4 337 338 339 340 1 1 
4 341 342 343 344 1 1 
4 345 346 347 348 1 1 
4 349 350 351 352 1 1 
4 353 354 355 356 1 1 
4 357 358 359 360 1 1 
4 361 362 363 364 1 1 
4 365 366 367 368 1 1 
4 369 370 371 372 1 1 
4 373 374 375 376 1 1 
4 377 378 379 380 1 1 
4 381 382 383 384 1 1 
4 385 386 387 388 1 1 
4 389 390 391 392 1 1 
4 393 394 395 396 1 1 
4 397 398 399 400 1 1 
# DG vertices (counter-clockwise) 
400
 0 0 
 8.24787 0 
 8.49783 10.8508 
 0 8.60332 
 0 8.60332 
 8.49783 10.8508 
 10.6366 20.0473 
 0 21.6771 
 0 21.6771 
 10.6366 20.0473 
 10.1735 28.5994 
 0 31.9432 
 0 31.9432 
 10.1735 28.5994 
 8.96199 38.5256 
 0 39.973 
 0 39.973 
 8.96199 38.5256 
 10.659 51.4862 
 0 49.3664 
 0 49.3664 
 10.659 51.4862 
 8.57226 61.7463 
 0 58.4619 
 0 58.4619 
 8.57226 61.7463 
 11.8691 68.8543 
 0 69.4481 
 0 69.4481 
 11.8691 68.8543 
 10.6735 81.7721 
 0 80.4048 
 0 80.4048 
 10.6735 81.7721 
 11.9297 91.408 
 0 88.0042 
 0 88.0042 
 11.9297 91.408 
 10.8307 100 
 0 100 
 8.24787 0 
 18.7291 0 
 18.7899 8.18535 
 8.49783 10.8508 
 8.49783 10.8508 
 18.7899 8.18535 
 20.2769 18.6779 
 10.6366 20.0473 
 10.6366 20.0473 
 20.2769 18.6779 
 19.4775 29.4825 
 10.1735 28.5994 
 10.1735 28.5994 
 19.4775 29.4825 
 19.712 41.5669 
 8.96199 38.5256 
 8.96199 38.5256 
 19.712 41.5669 
 19.0733 50.3539 
 10.659 51.4862 
 10.659 51.4862 
 19.0733 50.3539 
 18.1196 58.4302 
 8.57226 61.7463 
 8.57226 61.7463 
 18.1196 58.4302 
 20.0366 69.0771 
 11.8691 68.8543 
 11.8691 68.8543 
 20.0366 69.0771 
 21.9687 80.4898 
 10.6735 81.7721 
 10.6735 81.7721 
 21.9687 80.4898 
 20.0759 90.2342 
 11.9297 91.408 
 11.9297 91.408 
 20.0759 90.2342 
 18.3781 100 
 10.8307 100 
 18.7291 0 
 30.423 0 
 28.4867 8.72714 
 18.7899 8.18535 
 18.7899 8.18535 
 28.4867 8.72714 
 29.9262 18.3561 
 20.2769 18.6779 
 20.2769 18.6779 
 29.9262 18.3561 
 31.3853 31.5844 
 19.4775 29.4825 
 19.4775 29.4825 
 31.3853 31.5844 
 31.048 38.9135 
 19.712 41.5669 
 19.712 41.5669 
 31.048 38.9135 
 31.9135 51.0945 
 19.0733 50.3539 
 19.0733 50.3539 
 31.9135 51.0945 
 28.8812 61.5871 
 18.1196 58.4302 
 18.1196 58.4302 
 28.8812 61.5871 
 28.9957 70.7673 
 20.0366 69.0771 
 20.0366 69.0771 
 28.9957 70.7673 
 31.4889 78.1619 
 21.9687 80.4898 
 21.9687 80.4898 
 31.4889 78.1619 
 29.1069 90.7769 
 20.0759 90.2342 
 20.0759 90.2342 
 29.1069 90.7769 
 30.6 100 
 18.3781 100 
 30.423 0 
 38.175 0 
 39.6381 9.339 
 28.4867 8.72714 
 28.4867 8.72714 
 39.6381 9.339 
 40.511 18.6882 
 29.9262 18.3561 
 29.9262 18.3561 
 40.511 18.6882 
 40.8735 31.9674 
 31.3853 31.5844 
 31.3853 31.5844 
 40.8735 31.9674 
 39.169 39.5425 
 31.048 38.9135 
 31.048 38.9135 
 39.169 39.5425 
 39.9189 51.6328 
 31.9135 51.0945 
 31.9135 51.0945 
 39.9189 51.6328 
 39.1596 58.7286 
 28.8812 61.5871 
 28.8812 61.5871 
 39.1596 58.7286 
 38.9433 71.7126 
 28.9957 70.7673 
 28.9957 70.7673 
 38.9433 71.7126 
 41.5966 78.2324 
 31.4889 78.1619 
 31.4889 78.1619 
 41.5966 78.2324 
 38.6664 91.4606 
 29.1069 90.7769 
 29.1069 90.7769 
 38.6664 91.4606 
 39.9922 100 
 30.6 100 
 38.175 0 
 49.4449 0 
 51.4731 11.4365 
 39.6381 9.339 
 39.6381 9.339 
 51.4731 11.4365 
 51.466 19.433 
 40.511 18.6882 
 40.511 18.6882 
 51.466 19.433 
 50.9186 30.5803 
 40.8735 31.9674 
 40.8735 31.9674 
 50.9186 30.5803 
 50.5753 41.4602 
 39.169 39.5425 
 39.169 39.5425 
 50.5753 41.4602 
 48.8638 50.6564 
 39.9189 51.6328 
 39.9189 51.6328 
 48.8638 50.6564 
 51.56 58.4925 
 39.1596 58.7286 
 39.1596 58.7286 
 51.56 58.4925 
 49.2814 68.9467 
 38.9433 71.7126 
 38.9433 71.7126 
 49.2814 68.9467 
 51.0325 78.4289 
 41.5966 78.2324 
 41.5966 78.2324 
 51.0325 78.4289 
 50.4292 89.8425 
 38.6664 91.4606 
 38.6664 91.4606 
 50.4292 89.8425 
 49.0995 100 
 39.9922 100 
 49.4449 0 
 58.4511 0 
 60.1694 11.2817 
 51.4731 11.4365 
 51.4731 11.4365 
 60.1694 11.2817 
 61.1186 20.2218 
 51.466 19.433 
 51.466 19.433 
 61.1186 20.2218 
 61.4521 29.7579 
 50.9186 30.5803 
 50.9186 30.5803 
 61.4521 29.7579 
 61.2874 41.4053 
 50.5753 41.4602 
 50.5753 41.4602 
 61.2874 41.4053 
 60.6997 48.7316 
 48.8638 50.6564 
 48.8638 50.6564 
 60.6997 48.7316 
 59.8003 61.626 
 51.56 58.4925 
 51.56 58.4925 
 59.8003 61.626 
 60.7771 70.3196 
 49.2814 68.9467 
 49.2814 68.9467 
 60.7771 70.3196 
 61.821 78.8687 
 51.0325 78.4289 
 51.0325 78.4289 
 61.821 78.8687 
 61.0154 88.1185 
 50.4292 89.8425 
 50.4292 89.8425 
 61.0154 88.1185 
 60.5593 100 
 49.0995 100 
 58.4511 0 
 71.3374 0 
 68.1969 11.9447 
 60.1694 11.2817 
 60.1694 11.2817 
 68.1969 11.9447 
 71.0015 19.5047 
 61.1186 20.2218 
 61.1186 20.2218 
 71.0015 19.5047 
 68.0456 29.4914 
 61.4521 29.7579 
 61.4521 29.7579 
 68.0456 29.4914 
 70.2941 39.5079 
 61.2874 41.4053 
 61.2874 41.4053 
 70.2941 39.5079 
 68.4215 48.0317 
 60.6997 48.7316 
 60.6997 48.7316 
 68.4215 48.0317 
 69.4534 60.148 
 59.8003 61.626 
 59.8003 61.626 
 69.4534 60.148 
 69.6994 71.0833 
 60.7771 70.3196 
 60.7771 70.3196 
 69.6994 71.0833 
 71.3052 81.4179 
 61.821 78.8687 
 61.821 78.8687 
 71.3052 81.4179 
 68.2847 90.3027 
 61.0154 88.1185 
 61.0154 88.1185 
 68.2847 90.3027 
 69.6483 100 
 60.5593 100 
 71.3374 0 
 80.9232 0 
 79.3192 10.3521 
 68.1969 11.9447 
 68.1969 11.9447 
 79.3192 10.3521 
 80.8835 18.8808 
 71.0015 19.5047 
 71.0015 19.5047 
 80.8835 18.8808 
 78.2117 31.2035 
 68.0456 29.4914 
 68.0456 29.4914 
 78.2117 31.2035 
 79.3679 41.9786 
 70.2941 39.5079 
 70.2941 39.5079 
 79.3679 41.9786 
 80.9737 51.6586 
 68.4215 48.0317 
 68.4215 48.0317 
 80.9737 51.6586 
 80.8011 61.2628 
 69.4534 60.148 
 69.4534 60.148 
 80.8011 61.2628 
 80.4243 71.5464 
 69.6994 71.0833 
 69.6994 71.0833 
 80.4243 71.5464 
 81.9871 80.5295 
 71.3052 81.4179 
 71.3052 81.4179 
 81.9871 80.5295 
 79.8002 89.6811 
 68.2847 90.3027 
 68.2847 90.3027 
 79.8002 89.6811 
 80.354 100 
 69.6483 100 
 80.9232 0 
 91.6948 0 
 88.0516 8.77125 
 79.3192 10.3521 
 79.3192 10.3521 
 88.0516 8.77125 
 88.9072 20.0929 
 80.8835 18.8808 
 80.8835 18.8808 
 88.9072 20.0929 
 89.4334 30.0428 
 78.2117 31.2035 
 78.2117 31.2035 
 89.4334 30.0428 
 91.8192 40.2892 
 79.3679 41.9786 
 79.3679 41.9786 
 91.8192 40.2892 
 89.8121 48.0225 
 80.9737 51.6586 
 80.9737 51.6586 
 89.8121 48.0225 
 88.3033 58.5432 
 80.8011 61.2628 
 80.8011 61.2628 
 88.3033 58.5432 
 89.033 69.8218 
 80.4243 71.5464 
 80.4243 71.5464 
 89.033 69.8218 
 91.4178 79.2229 
 81.9871 80.5295 
 81.9871 80.5295 
 91.4178 79.2229 
 90.4909 91.8624 
 79.8002 89.6811 
 79.8002 89.6811 
 90.4909 91.8624 
 90.4546 100 
 80.354 100 
 91.6948 0 
 100 0 
 100 10.113 
 88.0516 8.77125 
 88.0516 8.77125 
 100 10.113 
 100 19.3331 
 88.9072 20.0929 
 88.9072 20.0929 
 100 19.3331 
 100 29.7848 
 89.4334 30.0428 
 89.4334 30.0428 
 100 29.7848 
 100 40.4578 
 91.8192 40.2892 
 91.8192 40.2892 
 100 40.4578 
 100 50.7211 
 89.8121 48.0225 
 89.8121 48.0225 
 100 50.7211 
 100 60.294 
 88.3033 58.5432 
 88.3033 58.5432 
 100 60.294 
 100 69.8598 
 89.033 69.8218 
 89.033 69.8218 
 100 69.8598 
 100 78.8957 
 91.4178 79.2229 
 91.4178 79.2229 
 100 78.8957 
 100 88.0032 
 90.4909 91.8624 
 90.4909 91.8624 
 100 88.0032 
 100 100 
 90.4546 100 
# grid vertices (counter-clockwise) 
121
0 0 
0 8.60332 
0 21.6771 
0 31.9432 
0 39.973 
0 49.3664 
0 58.4619 
0 69.4481 
0 80.4048 
0 88.0042 
0 100 
8.24787 0 
8.49783 10.8508 
10.6366 20.0473 
10.1735 28.5994 
8.96199 38.5256 
10.659 51.4862 
8.57226 61.7463 
11.8691 68.8543 
10.6735 81.7721 
11.9297 91.408 
10.8307 100 
18.7291 0 
18.7899 8.18535 
20.2769 18.6779 
19.4775 29.4825 
19.712 41.5669 
19.0733 50.3539 
18.1196 58.4302 
20.0366 69.0771 
21.9687 80.4898 
20.0759 90.2342 
18.3781 100 
30.423 0 
28.4867 8.72714 
29.9262 18.3561 
31.3853 31.5844 
31.048 38.9135 
31.9135 51.0945 
28.8812 61.5871 
28.9957 70.7673 
31.4889 78.1619 
29.1069 90.7769 
30.6 100 
38.175 0 
39.6381 9.339 
40.511 18.6882 
40.8735 31.9674 
39.169 39.5425 
39.9189 51.6328 
39.1596 58.7286 
38.9433 71.7126 
41.5966 78.2324 
38.6664 91.4606 
39.9922 100 
49.4449 0 
51.4731 11.4365 
51.466 19.433 
50.9186 30.5803 
50.5753 41.4602 
48.8638 50.6564 
51.56 58.4925 
49.2814 68.9467 
51.0325 78.4289 
50.4292 89.8425 
49.0995 100 
58.4511 0 
60.1694 11.2817 
61.1186 20.2218 
61.4521 29.7579 
61.2874 41.4053 
60.6997 48.7316 
59.8003 61.626 
60.7771 70.3196 
61.821 78.8687 
61.0154 88.1185 
60.5593 100 
71.3374 0 
68.1969 11.9447 
71.0015 19.5047 
68.0456 29.4914 
70.2941 39.5079 
68.4215 48.0317 
69.4534 60.148 
69.6994 71.0833 
71.3052 81.4179 
68.2847 90.3027 
69.6483 100 
80.9232 0 
79.3192 10.3521 
80.8835 18.8808 
78.2117 31.2035 
79.3679 41.9786 
80.9737 51.6586 
80.8011 61.2628 
80.4243 71.5464 
81.9871 80.5295 
79.8002 89.6811 
80.354 100 
91.6948 0 
88.0516 8.77125 
88.9072 20.0929 
89.4334 30.0428 
91.8192 40.2892 
89.8121 48.0225 
88.3033 58.5432 
89.033 69.8218 
91.4178 79.2229 
90.4909 91.8624 
90.4546 100 
100 0 
100 10.113 
100 19.3331 
100 29.7848 
100 40.4578 
100 50.7211 
100 60.294 
100 69.8598 
100 78.8957 
100 88.0032 
100 100 
