# Date: 8/5/2013   Time: 19:34
# dimensions 
1 1 
# connectivity 
16
4 1 2 3 4 1 1 
4 5 6 7 8 1 1 
4 9 10 11 12 1 1 
4 13 14 15 16 1 1 
4 17 18 19 20 1 1 
4 21 22 23 24 1 1 
4 25 26 27 28 1 1 
4 29 30 31 32 1 1 
4 33 34 35 36 1 1 
4 37 38 39 40 1 1 
4 41 42 43 44 1 1 
4 45 46 47 48 1 1 
4 49 50 51 52 1 1 
4 53 54 55 56 1 1 
4 57 58 59 60 1 1 
4 61 62 63 64 1 1 
# DG vertices (counter-clockwise) 
64
 0 0 
 0.248411 0 
 0.249181 0.249049 
 0 0.251186 
 0 0.251186 
 0.249181 0.249049 
 0.251832 0.49793 
 0 0.501488 
 0 0.501488 
 0.251832 0.49793 
 0.250807 0.748442 
 0 0.748391 
 0 0.748391 
 0.250807 0.748442 
 0.251462 1 
 0 1 
 0.248411 0 
 0.502578 0 
 0.49967 0.252183 
 0.249181 0.249049 
 0.249181 0.249049 
 0.49967 0.252183 
 0.500901 0.498307 
 0.251832 0.49793 
 0.251832 0.49793 
 0.500901 0.498307 
 0.498923 0.750893 
 0.250807 0.748442 
 0.250807 0.748442 
 0.498923 0.750893 
 0.499281 1 
 0.251462 1 
 0.502578 0 
 0.747914 0 
 0.749773 0.251268 
 0.49967 0.252183 
 0.49967 0.252183 
 0.749773 0.251268 
 0.749621 0.498769 
 0.500901 0.498307 
 0.500901 0.498307 
 0.749621 0.498769 
 0.747487 0.749768 
 0.498923 0.750893 
 0.498923 0.750893 
 0.747487 0.749768 
 0.748325 1 
 0.499281 1 
 0.747914 0 
 1 0 
 1 0.247784 
 0.749773 0.251268 
 0.749773 0.251268 
 1 0.247784 
 1 0.498742 
 0.749621 0.498769 
 0.749621 0.498769 
 1 0.498742 
 1 0.749439 
 0.747487 0.749768 
 0.747487 0.749768 
 1 0.749439 
 1 1 
 0.748325 1 
# grid vertices (counter-clockwise) 
25
0 0 
0 0.251186 
0 0.501488 
0 0.748391 
0 1 
0.248411 0 
0.249181 0.249049 
0.251832 0.49793 
0.250807 0.748442 
0.251462 1 
0.502578 0 
0.49967 0.252183 
0.500901 0.498307 
0.498923 0.750893 
0.499281 1 
0.747914 0 
0.749773 0.251268 
0.749621 0.498769 
0.747487 0.749768 
0.748325 1 
1 0 
1 0.247784 
1 0.498742 
1 0.749439 
1 1 
