polygon
361
4  0  0  0.023792  0  0.0179221  0.0314194  0  0.0295587    0 0 
6  0  0.0295587  0.0179221  0.0314194  0.0290326  0.0401725  0.0347225  0.0754209  0.0222277  0.0993926  0  0.0972585    0 0 
4  0  0.0972585  0.0222277  0.0993926  0.0319707  0.13629  0  0.142015    0 0 
5  0  0.142015  0.0319707  0.13629  0.0401011  0.146124  0.0324752  0.170942  0  0.188319    0 0 
5  0  0.188319  0.0324752  0.170942  0.0450996  0.199045  0.0375438  0.248892  0  0.23242    0 0 
6  0  0.23242  0.0375438  0.248892  0.0415965  0.254971  0.032068  0.282176  0.000670578  0.307207  0  0.307204    0 0 
5  0  0.307204  0.000670578  0.307207  0.0304228  0.359246  0.0235099  0.367295  0  0.381022    0 0 
5  0  0.381022  0.0235099  0.367295  0.0414752  0.420914  0.023774  0.427927  0  0.417404    0 0 
4  0  0.417404  0.023774  0.427927  0.0207162  0.477615  0  0.477939    0 0 
6  0  0.477939  0.0207162  0.477615  0.0403458  0.489129  0.0382416  0.525615  0.0318298  0.534424  0  0.523823    0 0 
4  0  0.523823  0.0318298  0.534424  0.0212416  0.580674  0  0.58005    0 0 
5  0  0.58005  0.0212416  0.580674  0.0285064  0.587961  0.0322728  0.637363  0  0.65162    0 0 
5  0  0.65162  0.0322728  0.637363  0.0403505  0.644331  0.0313563  0.687442  0  0.695451    0 0 
5  0  0.695451  0.0313563  0.687442  0.049962  0.709224  0.00494107  0.744139  0  0.742236    0 0 
6  0  0.742236  0.00494107  0.744139  0.0260489  0.767281  0.0304964  0.781275  0.021571  0.80361  0  0.814854    0 0 
5  0  0.814854  0.021571  0.80361  0.0597429  0.856757  0.0279513  0.875356  0  0.867308    0 0 
5  0  0.867308  0.0279513  0.875356  0.0281552  0.897474  0.0192508  0.916958  0  0.923158    0 0 
5  0  0.923158  0.0192508  0.916958  0.0414327  0.956117  0.0345719  0.965321  0  0.971239    0 0 
4  0  0.971239  0.0345719  0.965321  0.0479625  1  0  1    0 0 
5  0.023792  0  0.0855296  0  0.0883198  0.0152484  0.0290326  0.0401725  0.0179221  0.0314194    0 0 
6  0.0290326  0.0401725  0.0883198  0.0152484  0.113545  0.0331761  0.0987234  0.0730182  0.0838294  0.0823195  0.0347225  0.0754209    0 0 
6  0.0222277  0.0993926  0.0347225  0.0754209  0.0838294  0.0823195  0.0828062  0.143933  0.0401011  0.146124  0.0319707  0.13629    0 0 
7  0.0401011  0.146124  0.0828062  0.143933  0.0930801  0.14834  0.102983  0.182368  0.0906607  0.200187  0.0450996  0.199045  0.0324752  0.170942    0 0 
5  0.0450996  0.199045  0.0906607  0.200187  0.0894611  0.251472  0.0415965  0.254971  0.0375438  0.248892    0 0 
6  0.0415965  0.254971  0.0894611  0.251472  0.0998812  0.256913  0.0964989  0.303836  0.0713849  0.32087  0.032068  0.282176    0 0 
5  0.000670578  0.307207  0.032068  0.282176  0.0713849  0.32087  0.0670904  0.35796  0.0304228  0.359246    0 0 
7  0.0235099  0.367295  0.0304228  0.359246  0.0670904  0.35796  0.0759128  0.365551  0.0790016  0.402824  0.0674049  0.422255  0.0414752  0.420914    0 0 
7  0.023774  0.427927  0.0414752  0.420914  0.0674049  0.422255  0.0814738  0.46936  0.0813355  0.469622  0.0403458  0.489129  0.0207162  0.477615    0 0 
5  0.0403458  0.489129  0.0813355  0.469622  0.103752  0.514615  0.0822082  0.537329  0.0382416  0.525615    0 0 
6  0.0318298  0.534424  0.0382416  0.525615  0.0822082  0.537329  0.0904571  0.582574  0.0285064  0.587961  0.0212416  0.580674    0 0 
7  0.0285064  0.587961  0.0904571  0.582574  0.103205  0.589174  0.0968188  0.627568  0.078076  0.655524  0.0403505  0.644331  0.0322728  0.637363    0 0 
6  0.0403505  0.644331  0.078076  0.655524  0.0938104  0.68793  0.0756803  0.709391  0.049962  0.709224  0.0313563  0.687442    0 0 
5  0.049962  0.709224  0.0756803  0.709391  0.0776799  0.737502  0.0260489  0.767281  0.00494107  0.744139    0 0 
6  0.0260489  0.767281  0.0776799  0.737502  0.0841114  0.745735  0.0777448  0.791384  0.0775002  0.791559  0.0304964  0.781275    0 0 
5  0.021571  0.80361  0.0304964  0.781275  0.0775002  0.791559  0.0760204  0.856353  0.0597429  0.856757    0 0 
7  0.0279513  0.875356  0.0597429  0.856757  0.0760204  0.856353  0.0848243  0.860587  0.0934198  0.903327  0.07353  0.9286  0.0281552  0.897474    0 0 
5  0.0192508  0.916958  0.0281552  0.897474  0.07353  0.9286  0.0689807  0.945274  0.0414327  0.956117    0 0 
6  0.0345719  0.965321  0.0414327  0.956117  0.0689807  0.945274  0.0895121  0.96414  0.0798512  1  0.0479625  1    0 0 
5  0.0883198  0.0152484  0.0855296  0  0.154893  0  0.142264  0.0299279  0.113545  0.0331761    0 0 
6  0.113545  0.0331761  0.142264  0.0299279  0.154242  0.0409544  0.152642  0.0980594  0.138514  0.113765  0.0987234  0.0730182    0 0 
6  0.0838294  0.0823195  0.0987234  0.0730182  0.138514  0.113765  0.136455  0.126211  0.0930801  0.14834  0.0828062  0.143933    0 0 
6  0.0930801  0.14834  0.136455  0.126211  0.162317  0.148554  0.145807  0.199775  0.145626  0.199991  0.102983  0.182368    0 0 
7  0.0906607  0.200187  0.102983  0.182368  0.145626  0.199991  0.151825  0.244511  0.144106  0.252267  0.0998812  0.256913  0.0894611  0.251472    0 0 
5  0.0998812  0.256913  0.144106  0.252267  0.155777  0.313433  0.140531  0.330777  0.0964989  0.303836    0 0 
6  0.0713849  0.32087  0.0964989  0.303836  0.140531  0.330777  0.136231  0.353009  0.0759128  0.365551  0.0670904  0.35796    0 0 
5  0.0759128  0.365551  0.136231  0.353009  0.147441  0.370303  0.129639  0.413861  0.0790016  0.402824    0 0 
6  0.0674049  0.422255  0.0790016  0.402824  0.129639  0.413861  0.141137  0.445147  0.141086  0.450805  0.0814738  0.46936    0 0 
6  0.0813355  0.469622  0.0814738  0.46936  0.141086  0.450805  0.154352  0.463536  0.142627  0.526133  0.103752  0.514615    0 0 
8  0.0822082  0.537329  0.103752  0.514615  0.142627  0.526133  0.145921  0.531213  0.13215  0.571185  0.114961  0.58607  0.103205  0.589174  0.0904571  0.582574    0 0 
5  0.103205  0.589174  0.114961  0.58607  0.154544  0.628723  0.143976  0.646724  0.0968188  0.627568    0 0 
6  0.078076  0.655524  0.0968188  0.627568  0.143976  0.646724  0.142923  0.674357  0.119761  0.691557  0.0938104  0.68793    0 0 
7  0.0756803  0.709391  0.0938104  0.68793  0.119761  0.691557  0.147514  0.748979  0.143236  0.759348  0.0841114  0.745735  0.0776799  0.737502    0 0 
5  0.0841114  0.745735  0.143236  0.759348  0.144009  0.785557  0.140514  0.7886  0.0777448  0.791384    0 0 
6  0.0775002  0.791559  0.0777448  0.791384  0.140514  0.7886  0.117326  0.848861  0.0848243  0.860587  0.0760204  0.856353    0 0 
6  0.0848243  0.860587  0.117326  0.848861  0.147553  0.864352  0.159551  0.905565  0.136689  0.923526  0.0934198  0.903327    0 0 
6  0.07353  0.9286  0.0934198  0.903327  0.136689  0.923526  0.135049  0.964851  0.0895121  0.96414  0.0689807  0.945274    0 0 
5  0.0895121  0.96414  0.135049  0.964851  0.143951  0.977065  0.136467  1  0.0798512  1    0 0 
6  0.154893  0  0.206847  0  0.204207  0.0295172  0.182286  0.0468358  0.154242  0.0409544  0.142264  0.0299279    0 0 
5  0.154242  0.0409544  0.182286  0.0468358  0.207133  0.0786269  0.198157  0.0982058  0.152642  0.0980594    0 0 
7  0.138514  0.113765  0.152642  0.0980594  0.198157  0.0982058  0.20996  0.140521  0.198971  0.148325  0.162317  0.148554  0.136455  0.126211    0 0 
4  0.162317  0.148554  0.198971  0.148325  0.197743  0.188612  0.145807  0.199775    0 0 
6  0.145626  0.199991  0.145807  0.199775  0.197743  0.188612  0.211754  0.210378  0.194103  0.244693  0.151825  0.244511    0 0 
7  0.144106  0.252267  0.151825  0.244511  0.194103  0.244693  0.199011  0.249723  0.217127  0.298745  0.18632  0.314535  0.155777  0.313433    0 0 
7  0.140531  0.330777  0.155777  0.313433  0.18632  0.314535  0.201605  0.369902  0.194194  0.384246  0.147441  0.370303  0.136231  0.353009    0 0 
5  0.147441  0.370303  0.194194  0.384246  0.198328  0.393328  0.141137  0.445147  0.129639  0.413861    0 0 
7  0.198328  0.393328  0.217335  0.412185  0.194867  0.463265  0.191247  0.465957  0.154352  0.463536  0.141086  0.450805  0.141137  0.445147    0 0 
6  0.154352  0.463536  0.191247  0.465957  0.207602  0.527442  0.193461  0.535362  0.145921  0.531213  0.142627  0.526133    0 0 
5  0.145921  0.531213  0.193461  0.535362  0.190104  0.592445  0.187558  0.595316  0.13215  0.571185    0 0 
5  0.114961  0.58607  0.13215  0.571185  0.187558  0.595316  0.184134  0.619466  0.154544  0.628723    0 0 
6  0.143976  0.646724  0.154544  0.628723  0.184134  0.619466  0.209717  0.649146  0.198798  0.685307  0.142923  0.674357    0 0 
6  0.119761  0.691557  0.142923  0.674357  0.198798  0.685307  0.205217  0.701489  0.19732  0.724193  0.147514  0.748979    0 0 
7  0.143236  0.759348  0.147514  0.748979  0.19732  0.724193  0.205072  0.736013  0.194632  0.802796  0.184575  0.806075  0.144009  0.785557    0 0 
6  0.140514  0.7886  0.144009  0.785557  0.184575  0.806075  0.183089  0.843686  0.147553  0.864352  0.117326  0.848861    0 0 
5  0.147553  0.864352  0.183089  0.843686  0.189328  0.849466  0.195376  0.910198  0.159551  0.905565    0 0 
8  0.136689  0.923526  0.159551  0.905565  0.195376  0.910198  0.199011  0.912072  0.195111  0.974799  0.193711  0.976297  0.143951  0.977065  0.135049  0.964851    0 0 
4  0.143951  0.977065  0.193711  0.976297  0.198897  1  0.136467  1    0 0 
4  0.206847  0  0.237875  0  0.249337  0.039911  0.204207  0.0295172    0 0 
6  0.182286  0.0468358  0.204207  0.0295172  0.249337  0.039911  0.250151  0.0408132  0.241753  0.0706349  0.207133  0.0786269    0 0 
7  0.198157  0.0982058  0.207133  0.0786269  0.241753  0.0706349  0.259954  0.0942235  0.245555  0.142845  0.244187  0.143742  0.20996  0.140521    0 0 
6  0.198971  0.148325  0.20996  0.140521  0.244187  0.143742  0.250109  0.200967  0.211754  0.210378  0.197743  0.188612    0 0 
6  0.211754  0.210378  0.250109  0.200967  0.268459  0.214445  0.264741  0.246541  0.199011  0.249723  0.194103  0.244693    0 0 
5  0.199011  0.249723  0.264741  0.246541  0.266735  0.252034  0.235239  0.305131  0.217127  0.298745    0 0 
6  0.18632  0.314535  0.217127  0.298745  0.235239  0.305131  0.239846  0.310838  0.238421  0.343889  0.201605  0.369902    0 0 
7  0.201605  0.369902  0.238421  0.343889  0.267734  0.372567  0.221007  0.412429  0.217335  0.412185  0.198328  0.393328  0.194194  0.384246    0 0 
5  0.217335  0.412185  0.221007  0.412429  0.259698  0.4379  0.254011  0.475621  0.194867  0.463265    0 0 
7  0.191247  0.465957  0.194867  0.463265  0.254011  0.475621  0.2578  0.484244  0.235467  0.529053  0.233362  0.530077  0.207602  0.527442    0 0 
5  0.193461  0.535362  0.207602  0.527442  0.233362  0.530077  0.23895  0.587598  0.190104  0.592445    0 0 
8  0.187558  0.595316  0.190104  0.592445  0.23895  0.587598  0.258672  0.606001  0.261436  0.618873  0.249199  0.634377  0.209717  0.649146  0.184134  0.619466    0 0 
6  0.209717  0.649146  0.249199  0.634377  0.272664  0.69905  0.265217  0.704412  0.205217  0.701489  0.198798  0.685307    0 0 
6  0.19732  0.724193  0.205217  0.701489  0.265217  0.704412  0.262367  0.743026  0.238097  0.761272  0.205072  0.736013    0 0 
4  0.205072  0.736013  0.238097  0.761272  0.23842  0.802147  0.194632  0.802796    0 0 
8  0.184575  0.806075  0.194632  0.802796  0.23842  0.802147  0.240681  0.803924  0.24919  0.855535  0.245137  0.860345  0.189328  0.849466  0.183089  0.843686    0 0 
5  0.189328  0.849466  0.245137  0.860345  0.233969  0.902751  0.199011  0.912072  0.195376  0.910198    0 0 
6  0.199011  0.912072  0.233969  0.902751  0.249514  0.916412  0.263324  0.964573  0.257642  0.969122  0.195111  0.974799    0 0 
5  0.193711  0.976297  0.195111  0.974799  0.257642  0.969122  0.252555  1  0.198897  1    0 0 
5  0.237875  0  0.304263  0  0.307095  0.0255927  0.250151  0.0408132  0.249337  0.039911    0 0 
7  0.250151  0.0408132  0.307095  0.0255927  0.308276  0.0268323  0.316472  0.0660054  0.303047  0.0894955  0.259954  0.0942235  0.241753  0.0706349    0 0 
5  0.259954  0.0942235  0.303047  0.0894955  0.318407  0.134278  0.304125  0.150358  0.245555  0.142845    0 0 
7  0.244187  0.143742  0.245555  0.142845  0.304125  0.150358  0.308388  0.188965  0.301399  0.202436  0.268459  0.214445  0.250109  0.200967    0 0 
6  0.268459  0.214445  0.301399  0.202436  0.33775  0.247905  0.303073  0.273314  0.266735  0.252034  0.264741  0.246541    0 0 
6  0.266735  0.252034  0.303073  0.273314  0.302475  0.297235  0.288238  0.313859  0.239846  0.310838  0.235239  0.305131    0 0 
6  0.238421  0.343889  0.239846  0.310838  0.288238  0.313859  0.303915  0.368807  0.296629  0.376066  0.267734  0.372567    0 0 
5  0.267734  0.372567  0.296629  0.376066  0.297049  0.422211  0.259698  0.4379  0.221007  0.412429    0 0 
7  0.259698  0.4379  0.297049  0.422211  0.309654  0.433143  0.315821  0.466454  0.290586  0.488832  0.2578  0.484244  0.254011  0.475621    0 0 
5  0.2578  0.484244  0.290586  0.488832  0.308934  0.536733  0.299763  0.550091  0.235467  0.529053    0 0 
6  0.233362  0.530077  0.235467  0.529053  0.299763  0.550091  0.299829  0.550966  0.258672  0.606001  0.23895  0.587598    0 0 
5  0.299829  0.550966  0.334169  0.594921  0.312953  0.632572  0.261436  0.618873  0.258672  0.606001    0 0 
7  0.249199  0.634377  0.261436  0.618873  0.312953  0.632572  0.318271  0.644312  0.300976  0.689036  0.287787  0.697611  0.272664  0.69905    0 0 
6  0.265217  0.704412  0.272664  0.69905  0.287787  0.697611  0.310275  0.741798  0.292294  0.763941  0.262367  0.743026    0 0 
6  0.238097  0.761272  0.262367  0.743026  0.292294  0.763941  0.295032  0.791571  0.240681  0.803924  0.23842  0.802147    0 0 
6  0.240681  0.803924  0.295032  0.791571  0.318087  0.80713  0.303722  0.850066  0.29778  0.85807  0.24919  0.855535    0 0 
6  0.245137  0.860345  0.24919  0.855535  0.29778  0.85807  0.312389  0.899532  0.249514  0.916412  0.233969  0.902751    0 0 
6  0.249514  0.916412  0.312389  0.899532  0.324811  0.909795  0.297875  0.963307  0.291517  0.968544  0.263324  0.964573    0 0 
5  0.257642  0.969122  0.263324  0.964573  0.291517  0.968544  0.304621  1  0.252555  1    0 0 
5  0.304263  0  0.362597  0  0.349253  0.0231652  0.308276  0.0268323  0.307095  0.0255927    0 0 
5  0.308276  0.0268323  0.349253  0.0231652  0.37901  0.0385037  0.36754  0.0813839  0.316472  0.0660054    0 0 
7  0.303047  0.0894955  0.316472  0.0660054  0.36754  0.0813839  0.372579  0.0889458  0.371379  0.132633  0.369698  0.134021  0.318407  0.134278    0 0 
5  0.304125  0.150358  0.318407  0.134278  0.369698  0.134021  0.366269  0.187596  0.308388  0.188965    0 0 
7  0.301399  0.202436  0.308388  0.188965  0.366269  0.187596  0.375647  0.202675  0.370472  0.241504  0.3558  0.249136  0.33775  0.247905    0 0 
6  0.303073  0.273314  0.33775  0.247905  0.3558  0.249136  0.356963  0.316305  0.354775  0.317746  0.302475  0.297235    0 0 
5  0.288238  0.313859  0.302475  0.297235  0.354775  0.317746  0.335394  0.363002  0.303915  0.368807    0 0 
8  0.296629  0.376066  0.303915  0.368807  0.335394  0.363002  0.349461  0.373632  0.375135  0.41739  0.373932  0.418614  0.309654  0.433143  0.297049  0.422211    0 0 
5  0.309654  0.433143  0.373932  0.418614  0.35885  0.487912  0.358652  0.488188  0.315821  0.466454    0 0 
5  0.290586  0.488832  0.315821  0.466454  0.358652  0.488188  0.361465  0.516612  0.308934  0.536733    0 0 
8  0.299829  0.550966  0.299763  0.550091  0.308934  0.536733  0.361465  0.516612  0.378314  0.531159  0.373774  0.568313  0.33882  0.593981  0.334169  0.594921    0 0 
6  0.334169  0.594921  0.33882  0.593981  0.378011  0.624901  0.349935  0.65458  0.318271  0.644312  0.312953  0.632572    0 0 
5  0.318271  0.644312  0.349935  0.65458  0.369576  0.679848  0.357123  0.713129  0.300976  0.689036    0 0 
6  0.287787  0.697611  0.300976  0.689036  0.357123  0.713129  0.359842  0.724319  0.349987  0.74173  0.310275  0.741798    0 0 
6  0.292294  0.763941  0.310275  0.741798  0.349987  0.74173  0.355773  0.79826  0.318087  0.80713  0.295032  0.791571    0 0 
6  0.318087  0.80713  0.355773  0.79826  0.362484  0.801625  0.374067  0.836865  0.364809  0.86197  0.303722  0.850066    0 0 
7  0.29778  0.85807  0.303722  0.850066  0.364809  0.86197  0.36569  0.902464  0.352796  0.910123  0.324811  0.909795  0.312389  0.899532    0 0 
4  0.324811  0.909795  0.352796  0.910123  0.360659  0.970917  0.297875  0.963307    0 0 
6  0.291517  0.968544  0.297875  0.963307  0.360659  0.970917  0.368749  0.982335  0.359399  1  0.304621  1    0 0 
6  0.362597  0  0.418052  0  0.418226  0.000807419  0.401497  0.0277629  0.37901  0.0385037  0.349253  0.0231652    0 0 
5  0.37901  0.0385037  0.401497  0.0277629  0.422782  0.075965  0.372579  0.0889458  0.36754  0.0813839    0 0 
5  0.372579  0.0889458  0.422782  0.075965  0.44475  0.084801  0.398568  0.136539  0.371379  0.132633    0 0 
7  0.369698  0.134021  0.371379  0.132633  0.398568  0.136539  0.430523  0.159941  0.430269  0.187304  0.375647  0.202675  0.366269  0.187596    0 0 
6  0.375647  0.202675  0.430269  0.187304  0.441956  0.201357  0.413917  0.256956  0.409488  0.258641  0.370472  0.241504    0 0 
5  0.3558  0.249136  0.370472  0.241504  0.409488  0.258641  0.406796  0.320488  0.356963  0.316305    0 0 
7  0.354775  0.317746  0.356963  0.316305  0.406796  0.320488  0.410255  0.32408  0.410828  0.349052  0.349461  0.373632  0.335394  0.363002    0 0 
5  0.349461  0.373632  0.410828  0.349052  0.413155  0.354642  0.395256  0.416205  0.375135  0.41739    0 0 
6  0.373932  0.418614  0.375135  0.41739  0.395256  0.416205  0.426771  0.432706  0.426306  0.463516  0.35885  0.487912    0 0 
8  0.358652  0.488188  0.35885  0.487912  0.426306  0.463516  0.432513  0.476599  0.432508  0.522901  0.422752  0.526993  0.378314  0.531159  0.361465  0.516612    0 0 
5  0.378314  0.531159  0.422752  0.526993  0.418341  0.602163  0.413374  0.60734  0.373774  0.568313    0 0 
5  0.33882  0.593981  0.373774  0.568313  0.413374  0.60734  0.411846  0.620572  0.378011  0.624901    0 0 
6  0.378011  0.624901  0.411846  0.620572  0.421202  0.639671  0.419003  0.666392  0.369576  0.679848  0.349935  0.65458    0 0 
6  0.369576  0.679848  0.419003  0.666392  0.438605  0.694479  0.409349  0.733236  0.359842  0.724319  0.357123  0.713129    0 0 
8  0.349987  0.74173  0.359842  0.724319  0.409349  0.733236  0.420958  0.77441  0.419109  0.781535  0.418902  0.781764  0.362484  0.801625  0.355773  0.79826    0 0 
5  0.362484  0.801625  0.418902  0.781764  0.435534  0.854438  0.435107  0.854631  0.374067  0.836865    0 0 
5  0.364809  0.86197  0.374067  0.836865  0.435107  0.854631  0.399855  0.908067  0.36569  0.902464    0 0 
8  0.352796  0.910123  0.36569  0.902464  0.399855  0.908067  0.422263  0.934348  0.428891  0.96487  0.420557  0.975925  0.368749  0.982335  0.360659  0.970917    0 0 
4  0.368749  0.982335  0.420557  0.975925  0.42373  1  0.359399  1    0 0 
4  0.418226  0.000807419  0.418052  0  0.47832  0  0.46873  0.0325516    0 0 
8  0.401497  0.0277629  0.418226  0.000807419  0.46873  0.0325516  0.477279  0.0447806  0.469634  0.0772881  0.465576  0.084125  0.44475  0.084801  0.422782  0.075965    0 0 
6  0.44475  0.084801  0.465576  0.084125  0.475228  0.114755  0.454242  0.144299  0.430523  0.159941  0.398568  0.136539    0 0 
6  0.430523  0.159941  0.454242  0.144299  0.492633  0.190098  0.475121  0.209579  0.441956  0.201357  0.430269  0.187304    0 0 
5  0.441956  0.201357  0.475121  0.209579  0.484956  0.24138  0.467932  0.268404  0.413917  0.256956    0 0 
7  0.409488  0.258641  0.413917  0.256956  0.467932  0.268404  0.478043  0.310828  0.47669  0.312221  0.410255  0.32408  0.406796  0.320488    0 0 
6  0.410255  0.32408  0.47669  0.312221  0.473182  0.364886  0.464345  0.381153  0.413155  0.354642  0.410828  0.349052    0 0 
6  0.413155  0.354642  0.464345  0.381153  0.46813  0.411067  0.465381  0.413733  0.426771  0.432706  0.395256  0.416205    0 0 
6  0.426771  0.432706  0.465381  0.413733  0.481691  0.471625  0.476243  0.475057  0.432513  0.476599  0.426306  0.463516    0 0 
5  0.432513  0.476599  0.476243  0.475057  0.470357  0.524364  0.455642  0.532231  0.432508  0.522901    0 0 
5  0.422752  0.526993  0.432508  0.522901  0.455642  0.532231  0.470452  0.576988  0.418341  0.602163    0 0 
7  0.413374  0.60734  0.418341  0.602163  0.470452  0.576988  0.489146  0.589195  0.480631  0.629201  0.421202  0.639671  0.411846  0.620572    0 0 
7  0.419003  0.666392  0.421202  0.639671  0.480631  0.629201  0.493658  0.650444  0.471047  0.698289  0.467502  0.700691  0.438605  0.694479    0 0 
6  0.438605  0.694479  0.467502  0.700691  0.473564  0.724022  0.461936  0.753724  0.420958  0.77441  0.409349  0.733236    0 0 
5  0.419109  0.781535  0.420958  0.77441  0.461936  0.753724  0.502909  0.799233  0.481947  0.806236    0 0 
5  0.418902  0.781764  0.419109  0.781535  0.481947  0.806236  0.444732  0.855227  0.435534  0.854438    0 0 
7  0.435107  0.854631  0.435534  0.854438  0.444732  0.855227  0.457897  0.865676  0.470729  0.898545  0.422263  0.934348  0.399855  0.908067    0 0 
6  0.422263  0.934348  0.470729  0.898545  0.494642  0.911145  0.474711  0.962685  0.465099  0.966848  0.428891  0.96487    0 0 
5  0.420557  0.975925  0.428891  0.96487  0.465099  0.966848  0.476343  1  0.42373  1    0 0 
5  0.47832  0  0.528046  0  0.527929  0.0263943  0.477279  0.0447806  0.46873  0.0325516    0 0 
5  0.477279  0.0447806  0.527929  0.0263943  0.529506  0.0273736  0.547142  0.0858091  0.469634  0.0772881    0 0 
6  0.465576  0.084125  0.469634  0.0772881  0.547142  0.0858091  0.556512  0.0954807  0.504665  0.13194  0.475228  0.114755    0 0 
5  0.454242  0.144299  0.475228  0.114755  0.504665  0.13194  0.522568  0.173356  0.492633  0.190098    0 0 
7  0.492633  0.190098  0.522568  0.173356  0.523428  0.173639  0.541005  0.206203  0.512027  0.245279  0.484956  0.24138  0.475121  0.209579    0 0 
7  0.467932  0.268404  0.484956  0.24138  0.512027  0.245279  0.527666  0.259764  0.524924  0.308637  0.521246  0.312977  0.478043  0.310828    0 0 
6  0.47669  0.312221  0.478043  0.310828  0.521246  0.312977  0.53829  0.349953  0.532035  0.363535  0.473182  0.364886    0 0 
6  0.464345  0.381153  0.473182  0.364886  0.532035  0.363535  0.530894  0.398435  0.510455  0.416834  0.46813  0.411067    0 0 
6  0.465381  0.413733  0.46813  0.411067  0.510455  0.416834  0.53115  0.468909  0.526877  0.480003  0.481691  0.471625    0 0 
6  0.476243  0.475057  0.481691  0.471625  0.526877  0.480003  0.52943  0.504339  0.519041  0.514256  0.470357  0.524364    0 0 
7  0.455642  0.532231  0.470357  0.524364  0.519041  0.514256  0.515234  0.583152  0.514613  0.583519  0.489146  0.589195  0.470452  0.576988    0 0 
5  0.489146  0.589195  0.514613  0.583519  0.532487  0.651711  0.493658  0.650444  0.480631  0.629201    0 0 
6  0.493658  0.650444  0.532487  0.651711  0.538237  0.654172  0.536862  0.68955  0.523808  0.701564  0.471047  0.698289    0 0 
6  0.467502  0.700691  0.471047  0.698289  0.523808  0.701564  0.532887  0.755889  0.528167  0.761537  0.473564  0.724022    0 0 
6  0.461936  0.753724  0.473564  0.724022  0.528167  0.761537  0.521989  0.789585  0.510452  0.799355  0.502909  0.799233    0 0 
6  0.481947  0.806236  0.502909  0.799233  0.510452  0.799355  0.51858  0.851882  0.457897  0.865676  0.444732  0.855227    0 0 
7  0.457897  0.865676  0.51858  0.851882  0.529499  0.865896  0.528468  0.897063  0.520862  0.905663  0.494642  0.911145  0.470729  0.898545    0 0 
5  0.494642  0.911145  0.520862  0.905663  0.535109  0.957446  0.516643  0.973874  0.474711  0.962685    0 0 
5  0.465099  0.966848  0.474711  0.962685  0.516643  0.973874  0.51958  1  0.476343  1    0 0 
5  0.528046  0  0.583801  0  0.569759  0.028072  0.529506  0.0273736  0.527929  0.0263943    0 0 
7  0.529506  0.0273736  0.569759  0.028072  0.585703  0.0441864  0.580267  0.086456  0.565808  0.0977943  0.556512  0.0954807  0.547142  0.0858091    0 0 
7  0.504665  0.13194  0.556512  0.0954807  0.565808  0.0977943  0.579578  0.144553  0.577666  0.149852  0.523428  0.173639  0.522568  0.173356    0 0 
5  0.523428  0.173639  0.577666  0.149852  0.603382  0.196751  0.575994  0.225586  0.541005  0.206203    0 0 
5  0.541005  0.206203  0.575994  0.225586  0.576492  0.24752  0.527666  0.259764  0.512027  0.245279    0 0 
5  0.527666  0.259764  0.576492  0.24752  0.586265  0.262971  0.590595  0.288156  0.524924  0.308637    0 0 
7  0.521246  0.312977  0.524924  0.308637  0.590595  0.288156  0.605473  0.30347  0.606859  0.306709  0.58012  0.351446  0.53829  0.349953    0 0 
6  0.532035  0.363535  0.53829  0.349953  0.58012  0.351446  0.584819  0.360568  0.572092  0.408633  0.530894  0.398435    0 0 
6  0.510455  0.416834  0.530894  0.398435  0.572092  0.408633  0.585775  0.424101  0.573574  0.451082  0.53115  0.468909    0 0 
7  0.526877  0.480003  0.53115  0.468909  0.573574  0.451082  0.60477  0.489137  0.59188  0.51174  0.566904  0.522689  0.52943  0.504339    0 0 
5  0.519041  0.514256  0.52943  0.504339  0.566904  0.522689  0.571693  0.585184  0.515234  0.583152    0 0 
7  0.514613  0.583519  0.515234  0.583152  0.571693  0.585184  0.574171  0.587337  0.570094  0.640159  0.538237  0.654172  0.532487  0.651711    0 0 
6  0.538237  0.654172  0.570094  0.640159  0.591089  0.655856  0.587011  0.708505  0.584433  0.712959  0.536862  0.68955    0 0 
5  0.523808  0.701564  0.536862  0.68955  0.584433  0.712959  0.585109  0.734739  0.532887  0.755889    0 0 
7  0.528167  0.761537  0.532887  0.755889  0.585109  0.734739  0.597206  0.745423  0.601552  0.802484  0.585204  0.812725  0.521989  0.789585    0 0 
6  0.510452  0.799355  0.521989  0.789585  0.585204  0.812725  0.578849  0.847118  0.529499  0.865896  0.51858  0.851882    0 0 
6  0.529499  0.865896  0.578849  0.847118  0.597962  0.871811  0.599046  0.892021  0.571015  0.907656  0.528468  0.897063    0 0 
6  0.520862  0.905663  0.528468  0.897063  0.571015  0.907656  0.576322  0.952268  0.564879  0.962173  0.535109  0.957446    0 0 
5  0.516643  0.973874  0.535109  0.957446  0.564879  0.962173  0.57289  1  0.51958  1    0 0 
5  0.583801  0  0.625185  0  0.633415  0.03216  0.585703  0.0441864  0.569759  0.028072    0 0 
5  0.585703  0.0441864  0.633415  0.03216  0.63898  0.0370197  0.61979  0.0879327  0.580267  0.086456    0 0 
6  0.565808  0.0977943  0.580267  0.086456  0.61979  0.0879327  0.633623  0.102843  0.626514  0.133267  0.579578  0.144553    0 0 
6  0.577666  0.149852  0.579578  0.144553  0.626514  0.133267  0.650746  0.158409  0.627166  0.197893  0.603382  0.196751    0 0 
7  0.575994  0.225586  0.603382  0.196751  0.627166  0.197893  0.643095  0.216006  0.640866  0.238829  0.586265  0.262971  0.576492  0.24752    0 0 
5  0.586265  0.262971  0.640866  0.238829  0.651962  0.260188  0.605473  0.30347  0.590595  0.288156    0 0 
5  0.606859  0.306709  0.630358  0.319048  0.638431  0.386839  0.584819  0.360568  0.58012  0.351446    0 0 
7  0.584819  0.360568  0.638431  0.386839  0.63845  0.386868  0.641815  0.402258  0.634976  0.416831  0.585775  0.424101  0.572092  0.408633    0 0 
6  0.573574  0.451082  0.585775  0.424101  0.634976  0.416831  0.648136  0.454116  0.628976  0.480729  0.60477  0.489137    0 0 
5  0.59188  0.51174  0.60477  0.489137  0.628976  0.480729  0.660116  0.5328  0.638726  0.553661    0 0 
7  0.566904  0.522689  0.59188  0.51174  0.638726  0.553661  0.638552  0.554304  0.607415  0.583902  0.574171  0.587337  0.571693  0.585184    0 0 
6  0.574171  0.587337  0.607415  0.583902  0.648196  0.638498  0.640089  0.650019  0.591089  0.655856  0.570094  0.640159    0 0 
4  0.591089  0.655856  0.640089  0.650019  0.647788  0.690632  0.587011  0.708505    0 0 
8  0.584433  0.712959  0.587011  0.708505  0.647788  0.690632  0.656862  0.702213  0.643567  0.731421  0.62841  0.742079  0.597206  0.745423  0.585109  0.734739    0 0 
5  0.597206  0.745423  0.62841  0.742079  0.656935  0.791177  0.627558  0.808367  0.601552  0.802484    0 0 
6  0.585204  0.812725  0.601552  0.802484  0.627558  0.808367  0.641823  0.848146  0.597962  0.871811  0.578849  0.847118    0 0 
6  0.597962  0.871811  0.641823  0.848146  0.653526  0.855629  0.659907  0.895187  0.627906  0.912516  0.599046  0.892021    0 0 
5  0.571015  0.907656  0.599046  0.892021  0.627906  0.912516  0.625071  0.951787  0.576322  0.952268    0 0 
6  0.564879  0.962173  0.576322  0.952268  0.625071  0.951787  0.63291  0.962964  0.626837  1  0.57289  1    0 0 
5  0.625185  0  0.690161  0  0.678456  0.0437587  0.63898  0.0370197  0.633415  0.03216    0 0 
6  0.63898  0.0370197  0.678456  0.0437587  0.679899  0.0454914  0.679581  0.0958589  0.633623  0.102843  0.61979  0.0879327    0 0 
7  0.633623  0.102843  0.679581  0.0958589  0.688688  0.106986  0.687027  0.137608  0.674003  0.154312  0.650746  0.158409  0.626514  0.133267    0 0 
6  0.650746  0.158409  0.674003  0.154312  0.69917  0.20225  0.692594  0.212614  0.643095  0.216006  0.627166  0.197893    0 0 
6  0.640866  0.238829  0.643095  0.216006  0.692594  0.212614  0.700834  0.250566  0.67514  0.270369  0.651962  0.260188    0 0 
6  0.651962  0.260188  0.67514  0.270369  0.676559  0.314234  0.630358  0.319048  0.606859  0.306709  0.605473  0.30347    0 0 
6  0.630358  0.319048  0.676559  0.314234  0.693714  0.327434  0.694073  0.330723  0.63845  0.386868  0.638431  0.386839    0 0 
5  0.694073  0.330723  0.705347  0.351475  0.686392  0.399022  0.641815  0.402258  0.63845  0.386868    0 0 
7  0.634976  0.416831  0.641815  0.402258  0.686392  0.399022  0.712463  0.416912  0.702542  0.452259  0.676767  0.463513  0.648136  0.454116    0 0 
5  0.628976  0.480729  0.648136  0.454116  0.676767  0.463513  0.691992  0.525327  0.660116  0.5328    0 0 
7  0.638552  0.554304  0.638726  0.553661  0.660116  0.5328  0.691992  0.525327  0.69306  0.525694  0.695012  0.60224  0.686504  0.610266    0 0 
5  0.607415  0.583902  0.638552  0.554304  0.686504  0.610266  0.681708  0.62485  0.648196  0.638498    0 0 
8  0.640089  0.650019  0.648196  0.638498  0.681708  0.62485  0.697134  0.641004  0.695033  0.695717  0.678206  0.704502  0.656862  0.702213  0.647788  0.690632    0 0 
5  0.643567  0.731421  0.656862  0.702213  0.678206  0.704502  0.698028  0.762449  0.691669  0.771366    0 0 
6  0.62841  0.742079  0.643567  0.731421  0.691669  0.771366  0.688232  0.782913  0.682998  0.787876  0.656935  0.791177    0 0 
6  0.627558  0.808367  0.656935  0.791177  0.682998  0.787876  0.688766  0.837719  0.653526  0.855629  0.641823  0.848146    0 0 
5  0.653526  0.855629  0.688766  0.837719  0.72422  0.860607  0.675603  0.900608  0.659907  0.895187    0 0 
7  0.627906  0.912516  0.659907  0.895187  0.675603  0.900608  0.678778  0.905763  0.689232  0.957998  0.63291  0.962964  0.625071  0.951787    0 0 
5  0.63291  0.962964  0.689232  0.957998  0.700332  0.964721  0.69575  1  0.626837  1    0 0 
6  0.690161  0  0.737824  0  0.734166  0.0398342  0.726378  0.0477688  0.679899  0.0454914  0.678456  0.0437587    0 0 
6  0.679899  0.0454914  0.726378  0.0477688  0.746869  0.095424  0.743313  0.0981749  0.688688  0.106986  0.679581  0.0958589    0 0 
5  0.688688  0.106986  0.743313  0.0981749  0.737324  0.144906  0.730562  0.153388  0.687027  0.137608    0 0 
5  0.674003  0.154312  0.687027  0.137608  0.730562  0.153388  0.738074  0.190639  0.69917  0.20225    0 0 
7  0.692594  0.212614  0.69917  0.20225  0.738074  0.190639  0.76036  0.200487  0.741419  0.252625  0.730184  0.262207  0.700834  0.250566    0 0 
6  0.67514  0.270369  0.700834  0.250566  0.730184  0.262207  0.737913  0.300308  0.693714  0.327434  0.676559  0.314234    0 0 
6  0.694073  0.330723  0.693714  0.327434  0.737913  0.300308  0.757638  0.308506  0.737904  0.368474  0.705347  0.351475    0 0 
6  0.705347  0.351475  0.737904  0.368474  0.742648  0.373925  0.731897  0.41027  0.712463  0.416912  0.686392  0.399022    0 0 
6  0.712463  0.416912  0.731897  0.41027  0.75291  0.424655  0.756328  0.47276  0.749481  0.48296  0.702542  0.452259    0 0 
7  0.676767  0.463513  0.702542  0.452259  0.749481  0.48296  0.749467  0.49773  0.729289  0.523435  0.69306  0.525694  0.691992  0.525327    0 0 
5  0.69306  0.525694  0.729289  0.523435  0.746756  0.560759  0.732802  0.589941  0.695012  0.60224    0 0 
7  0.686504  0.610266  0.695012  0.60224  0.732802  0.589941  0.77191  0.636334  0.749425  0.655404  0.697134  0.641004  0.681708  0.62485    0 0 
4  0.697134  0.641004  0.749425  0.655404  0.743794  0.70653  0.695033  0.695717    0 0 
7  0.678206  0.704502  0.695033  0.695717  0.743794  0.70653  0.748088  0.713963  0.745156  0.731707  0.740249  0.740978  0.698028  0.762449    0 0 
6  0.691669  0.771366  0.698028  0.762449  0.740249  0.740978  0.759699  0.784871  0.736685  0.807142  0.688232  0.782913    0 0 
6  0.682998  0.787876  0.688232  0.782913  0.736685  0.807142  0.744753  0.861278  0.72422  0.860607  0.688766  0.837719    0 0 
7  0.72422  0.860607  0.744753  0.861278  0.750893  0.86499  0.751212  0.907871  0.742043  0.917839  0.678778  0.905763  0.675603  0.900608    0 0 
5  0.678778  0.905763  0.742043  0.917839  0.723301  0.95798  0.700332  0.964721  0.689232  0.957998    0 0 
5  0.700332  0.964721  0.723301  0.95798  0.740403  0.969764  0.743195  1  0.69575  1    0 0 
5  0.737824  0  0.784237  0  0.797274  0.0265824  0.791501  0.0395624  0.734166  0.0398342    0 0 
6  0.726378  0.0477688  0.734166  0.0398342  0.791501  0.0395624  0.79296  0.0672071  0.773544  0.0952228  0.746869  0.095424    0 0 
6  0.743313  0.0981749  0.746869  0.095424  0.773544  0.0952228  0.790399  0.12327  0.783444  0.144798  0.737324  0.144906    0 0 
7  0.730562  0.153388  0.737324  0.144906  0.783444  0.144798  0.787797  0.184966  0.778004  0.197888  0.76036  0.200487  0.738074  0.190639    0 0 
5  0.76036  0.200487  0.778004  0.197888  0.809487  0.244412  0.799826  0.264453  0.741419  0.252625    0 0 
7  0.730184  0.262207  0.741419  0.252625  0.799826  0.264453  0.798343  0.302559  0.787993  0.311345  0.757638  0.308506  0.737913  0.300308    0 0 
6  0.757638  0.308506  0.787993  0.311345  0.790893  0.360733  0.786626  0.369475  0.742648  0.373925  0.737904  0.368474    0 0 
6  0.742648  0.373925  0.786626  0.369475  0.79962  0.407503  0.79728  0.410145  0.75291  0.424655  0.731897  0.41027    0 0 
4  0.75291  0.424655  0.79728  0.410145  0.792469  0.458436  0.756328  0.47276    0 0 
6  0.749481  0.48296  0.756328  0.47276  0.792469  0.458436  0.836583  0.47983  0.784548  0.510527  0.749467  0.49773    0 0 
7  0.729289  0.523435  0.749467  0.49773  0.784548  0.510527  0.806146  0.551032  0.800595  0.563601  0.795065  0.568297  0.746756  0.560759    0 0 
6  0.732802  0.589941  0.746756  0.560759  0.795065  0.568297  0.792354  0.628351  0.785498  0.634208  0.77191  0.636334    0 0 
7  0.749425  0.655404  0.77191  0.636334  0.785498  0.634208  0.812988  0.696962  0.799226  0.707071  0.748088  0.713963  0.743794  0.70653    0 0 
4  0.748088  0.713963  0.799226  0.707071  0.805461  0.762285  0.745156  0.731707    0 0 
6  0.740249  0.740978  0.745156  0.731707  0.805461  0.762285  0.809338  0.768477  0.79832  0.793451  0.759699  0.784871    0 0 
7  0.736685  0.807142  0.759699  0.784871  0.79832  0.793451  0.80805  0.825209  0.798448  0.8493  0.750893  0.86499  0.744753  0.861278    0 0 
6  0.750893  0.86499  0.798448  0.8493  0.805026  0.856335  0.821702  0.921636  0.795852  0.935856  0.751212  0.907871    0 0 
6  0.742043  0.917839  0.751212  0.907871  0.795852  0.935856  0.789805  0.974337  0.740403  0.969764  0.723301  0.95798    0 0 
5  0.740403  0.969764  0.789805  0.974337  0.795318  0.984345  0.791583  1  0.743195  1    0 0 
4  0.784237  0  0.852263  0  0.845412  0.0190864  0.797274  0.0265824    0 0 
6  0.791501  0.0395624  0.797274  0.0265824  0.845412  0.0190864  0.856766  0.0350613  0.842827  0.0826335  0.79296  0.0672071    0 0 
6  0.773544  0.0952228  0.79296  0.0672071  0.842827  0.0826335  0.848063  0.0917562  0.846741  0.126276  0.790399  0.12327    0 0 
6  0.783444  0.144798  0.790399  0.12327  0.846741  0.126276  0.852914  0.134777  0.843945  0.173587  0.787797  0.184966    0 0 
6  0.778004  0.197888  0.787797  0.184966  0.843945  0.173587  0.863811  0.203143  0.859961  0.235657  0.809487  0.244412    0 0 
7  0.799826  0.264453  0.809487  0.244412  0.859961  0.235657  0.86198  0.237975  0.863482  0.304475  0.852814  0.312646  0.798343  0.302559    0 0 
6  0.787993  0.311345  0.798343  0.302559  0.852814  0.312646  0.854123  0.354156  0.851312  0.358947  0.790893  0.360733    0 0 
5  0.786626  0.369475  0.790893  0.360733  0.851312  0.358947  0.854021  0.416888  0.79962  0.407503    0 0 
8  0.79728  0.410145  0.79962  0.407503  0.854021  0.416888  0.859445  0.4223  0.851528  0.465932  0.843428  0.479852  0.836583  0.47983  0.792469  0.458436    0 0 
5  0.836583  0.47983  0.843428  0.479852  0.858605  0.523045  0.806146  0.551032  0.784548  0.510527    0 0 
6  0.806146  0.551032  0.858605  0.523045  0.874399  0.53371  0.86712  0.585688  0.86049  0.596086  0.800595  0.563601    0 0 
5  0.795065  0.568297  0.800595  0.563601  0.86049  0.596086  0.856976  0.62707  0.792354  0.628351    0 0 
6  0.785498  0.634208  0.792354  0.628351  0.856976  0.62707  0.867679  0.640629  0.846883  0.699646  0.812988  0.696962    0 0 
8  0.799226  0.707071  0.812988  0.696962  0.846883  0.699646  0.851433  0.706008  0.854234  0.741593  0.841997  0.756938  0.809338  0.768477  0.805461  0.762285    0 0 
5  0.809338  0.768477  0.841997  0.756938  0.867773  0.813118  0.80805  0.825209  0.79832  0.793451    0 0 
7  0.80805  0.825209  0.867773  0.813118  0.875813  0.815366  0.877232  0.85691  0.861613  0.872895  0.805026  0.856335  0.798448  0.8493    0 0 
5  0.805026  0.856335  0.861613  0.872895  0.865197  0.919211  0.851666  0.927149  0.821702  0.921636    0 0 
7  0.795852  0.935856  0.821702  0.921636  0.851666  0.927149  0.851105  0.975474  0.847901  0.984439  0.795318  0.984345  0.789805  0.974337    0 0 
4  0.795318  0.984345  0.847901  0.984439  0.856301  1  0.791583  1    0 0 
6  0.845412  0.0190864  0.852263  0  0.90763  0  0.922891  0.0264276  0.900898  0.0465184  0.856766  0.0350613    0 0 
5  0.856766  0.0350613  0.900898  0.0465184  0.900833  0.0759188  0.848063  0.0917562  0.842827  0.0826335    0 0 
6  0.848063  0.0917562  0.900833  0.0759188  0.911033  0.0908813  0.895268  0.133551  0.852914  0.134777  0.846741  0.126276    0 0 
6  0.852914  0.134777  0.895268  0.133551  0.919413  0.155598  0.918479  0.181483  0.863811  0.203143  0.843945  0.173587    0 0 
6  0.863811  0.203143  0.918479  0.181483  0.937833  0.203426  0.914684  0.248796  0.86198  0.237975  0.859961  0.235657    0 0 
5  0.86198  0.237975  0.914684  0.248796  0.917504  0.253608  0.919695  0.309485  0.863482  0.304475    0 0 
7  0.852814  0.312646  0.863482  0.304475  0.919695  0.309485  0.920498  0.310209  0.922916  0.353256  0.917847  0.361603  0.854123  0.354156    0 0 
7  0.851312  0.358947  0.854123  0.354156  0.917847  0.361603  0.914293  0.407897  0.907638  0.413327  0.859445  0.4223  0.854021  0.416888    0 0 
4  0.859445  0.4223  0.907638  0.413327  0.924273  0.479334  0.851528  0.465932    0 0 
8  0.843428  0.479852  0.851528  0.465932  0.924273  0.479334  0.925829  0.481189  0.882815  0.53265  0.882613  0.53277  0.874399  0.53371  0.858605  0.523045    0 0 
5  0.874399  0.53371  0.882613  0.53277  0.94012  0.585882  0.933733  0.591536  0.86712  0.585688    0 0 
7  0.86049  0.596086  0.86712  0.585688  0.933733  0.591536  0.916282  0.627463  0.884204  0.642411  0.867679  0.640629  0.856976  0.62707    0 0 
6  0.867679  0.640629  0.884204  0.642411  0.930508  0.702593  0.927308  0.706513  0.851433  0.706008  0.846883  0.699646    0 0 
5  0.851433  0.706008  0.927308  0.706513  0.920345  0.75039  0.906335  0.763196  0.854234  0.741593    0 0 
6  0.841997  0.756938  0.854234  0.741593  0.906335  0.763196  0.901249  0.802616  0.875813  0.815366  0.867773  0.813118    0 0 
6  0.875813  0.815366  0.901249  0.802616  0.908985  0.807046  0.918536  0.867485  0.912257  0.871054  0.877232  0.85691    0 0 
6  0.861613  0.872895  0.877232  0.85691  0.912257  0.871054  0.905926  0.910486  0.89287  0.92291  0.865197  0.919211    0 0 
5  0.851666  0.927149  0.865197  0.919211  0.89287  0.92291  0.914242  0.961348  0.851105  0.975474    0 0 
6  0.851105  0.975474  0.914242  0.961348  0.922145  0.969019  0.906744  1  0.856301  1  0.847901  0.984439    0 0 
4  0.90763  0  0.965906  0  0.960987  0.0268085  0.922891  0.0264276    0 0 
7  0.900898  0.0465184  0.922891  0.0264276  0.960987  0.0268085  0.963947  0.0299559  0.958078  0.0942289  0.911033  0.0908813  0.900833  0.0759188    0 0 
6  0.911033  0.0908813  0.958078  0.0942289  0.973137  0.114347  0.97072  0.128239  0.919413  0.155598  0.895268  0.133551    0 0 
6  0.919413  0.155598  0.97072  0.128239  0.980075  0.143492  0.953037  0.204938  0.937833  0.203426  0.918479  0.181483    0 0 
7  0.937833  0.203426  0.953037  0.204938  0.966007  0.211256  0.989034  0.252003  0.983471  0.258204  0.917504  0.253608  0.914684  0.248796    0 0 
5  0.917504  0.253608  0.983471  0.258204  0.969611  0.299877  0.920498  0.310209  0.919695  0.309485    0 0 
6  0.920498  0.310209  0.969611  0.299877  0.976594  0.307179  0.988608  0.352214  0.978504  0.361462  0.922916  0.353256    0 0 
6  0.917847  0.361603  0.922916  0.353256  0.978504  0.361462  0.976371  0.419315  0.97527  0.420098  0.914293  0.407897    0 0 
7  0.907638  0.413327  0.914293  0.407897  0.97527  0.420098  0.971029  0.461527  0.949842  0.486216  0.925829  0.481189  0.924273  0.479334    0 0 
5  0.925829  0.481189  0.949842  0.486216  0.966184  0.525915  0.96195  0.53178  0.882815  0.53265    0 0 
6  0.882613  0.53277  0.882815  0.53265  0.96195  0.53178  0.950137  0.578905  0.944472  0.584686  0.94012  0.585882    0 0 
6  0.933733  0.591536  0.94012  0.585882  0.944472  0.584686  0.982238  0.641227  0.964203  0.665285  0.916282  0.627463    0 0 
5  0.884204  0.642411  0.916282  0.627463  0.964203  0.665285  0.960146  0.690224  0.930508  0.702593    0 0 
7  0.927308  0.706513  0.930508  0.702593  0.960146  0.690224  0.977497  0.702476  0.98432  0.736075  0.962551  0.767694  0.920345  0.75039    0 0 
7  0.906335  0.763196  0.920345  0.75039  0.962551  0.767694  0.980505  0.811038  0.970512  0.822105  0.908985  0.807046  0.901249  0.802616    0 0 
5  0.908985  0.807046  0.970512  0.822105  0.967326  0.856209  0.962319  0.862372  0.918536  0.867485    0 0 
5  0.912257  0.871054  0.918536  0.867485  0.962319  0.862372  0.95974  0.910318  0.905926  0.910486    0 0 
7  0.89287  0.92291  0.905926  0.910486  0.95974  0.910318  0.963815  0.917272  0.949243  0.966586  0.922145  0.969019  0.914242  0.961348    0 0 
5  0.922145  0.969019  0.949243  0.966586  0.970184  0.982665  0.967786  1  0.906744  1    0 0 
5  0.965906  0  1  0  1  0.0363451  0.963947  0.0299559  0.960987  0.0268085    0 0 
5  0.963947  0.0299559  1  0.0363451  1  0.103313  0.973137  0.114347  0.958078  0.0942289    0 0 
5  0.97072  0.128239  0.973137  0.114347  1  0.103313  1  0.159479  0.980075  0.143492    0 0 
5  0.980075  0.143492  1  0.159479  1  0.187079  0.966007  0.211256  0.953037  0.204938    0 0 
4  0.966007  0.211256  1  0.187079  1  0.251208  0.989034  0.252003    0 0 
6  0.983471  0.258204  0.989034  0.252003  1  0.251208  1  0.307185  0.976594  0.307179  0.969611  0.299877    0 0 
4  0.976594  0.307179  1  0.307185  1  0.352735  0.988608  0.352214    0 0 
5  0.978504  0.361462  0.988608  0.352214  1  0.352735  1  0.418635  0.976371  0.419315    0 0 
5  0.97527  0.420098  0.976371  0.419315  1  0.418635  1  0.473648  0.971029  0.461527    0 0 
5  0.949842  0.486216  0.971029  0.461527  1  0.473648  1  0.527007  0.966184  0.525915    0 0 
5  0.96195  0.53178  0.966184  0.525915  1  0.527007  1  0.584685  0.950137  0.578905    0 0 
5  0.944472  0.584686  0.950137  0.578905  1  0.584685  1  0.635149  0.982238  0.641227    0 0 
6  0.964203  0.665285  0.982238  0.641227  1  0.635149  1  0.700576  0.977497  0.702476  0.960146  0.690224    0 0 
4  0.977497  0.702476  1  0.700576  1  0.745324  0.98432  0.736075    0 0 
5  0.962551  0.767694  0.98432  0.736075  1  0.745324  1  0.806332  0.980505  0.811038    0 0 
5  0.970512  0.822105  0.980505  0.811038  1  0.806332  1  0.871538  0.967326  0.856209    0 0 
6  0.962319  0.862372  0.967326  0.856209  1  0.871538  1  0.921354  0.963815  0.917272  0.95974  0.910318    0 0 
5  0.963815  0.917272  1  0.921354  1  0.978309  0.970184  0.982665  0.949243  0.966586    0 0 
4  0.970184  0.982665  1  0.978309  1  1  0.967786  1    0 0 
