# Date: 7/7/2013   Time: 22:1
# dimensions 
100 100 
# connectivity 
100
4 1 2 3 4 1 1 
4 5 6 7 8 1 1 
4 9 10 11 12 1 1 
4 13 14 15 16 1 1 
4 17 18 19 20 1 1 
4 21 22 23 24 1 1 
4 25 26 27 28 1 1 
4 29 30 31 32 1 1 
4 33 34 35 36 1 1 
4 37 38 39 40 1 1 
4 41 42 43 44 1 1 
4 45 46 47 48 1 1 
4 49 50 51 52 1 1 
4 53 54 55 56 1 1 
4 57 58 59 60 1 1 
4 61 62 63 64 1 1 
4 65 66 67 68 1 1 
4 69 70 71 72 1 1 
4 73 74 75 76 1 1 
4 77 78 79 80 1 1 
4 81 82 83 84 1 1 
4 85 86 87 88 1 1 
4 89 90 91 92 1 1 
4 93 94 95 96 1 1 
4 97 98 99 100 1 1 
4 101 102 103 104 1 1 
4 105 106 107 108 1 1 
4 109 110 111 112 1 1 
4 113 114 115 116 1 1 
4 117 118 119 120 1 1 
4 121 122 123 124 1 1 
4 125 126 127 128 1 1 
4 129 130 131 132 1 1 
4 133 134 135 136 1 1 
4 137 138 139 140 1 1 
4 141 142 143 144 1 1 
4 145 146 147 148 1 1 
4 149 150 151 152 1 1 
4 153 154 155 156 1 1 
4 157 158 159 160 1 1 
4 161 162 163 164 1 1 
4 165 166 167 168 1 1 
4 169 170 171 172 1 1 
4 173 174 175 176 1 1 
4 177 178 179 180 1 1 
4 181 182 183 184 1 1 
4 185 186 187 188 1 1 
4 189 190 191 192 1 1 
4 193 194 195 196 1 1 
4 197 198 199 200 1 1 
4 201 202 203 204 1 1 
4 205 206 207 208 1 1 
4 209 210 211 212 1 1 
4 213 214 215 216 1 1 
4 217 218 219 220 1 1 
4 221 222 223 224 1 1 
4 225 226 227 228 1 1 
4 229 230 231 232 1 1 
4 233 234 235 236 1 1 
4 237 238 239 240 1 1 
4 241 242 243 244 1 1 
4 245 246 247 248 1 1 
4 249 250 251 252 1 1 
4 253 254 255 256 1 1 
4 257 258 259 260 1 1 
4 261 262 263 264 1 1 
4 265 266 267 268 1 1 
4 269 270 271 272 1 1 
4 273 274 275 276 1 1 
4 277 278 279 280 1 1 
4 281 282 283 284 1 1 
4 285 286 287 288 1 1 
4 289 290 291 292 1 1 
4 293 294 295 296 1 1 
4 297 298 299 300 1 1 
4 301 302 303 304 1 1 
4 305 306 307 308 1 1 
4 309 310 311 312 1 1 
4 313 314 315 316 1 1 
4 317 318 319 320 1 1 
4 321 322 323 324 1 1 
4 325 326 327 328 1 1 
4 329 330 331 332 1 1 
4 333 334 335 336 1 1 
4 337 338 339 340 1 1 
4 341 342 343 344 1 1 
4 345 346 347 348 1 1 
4 349 350 351 352 1 1 
4 353 354 355 356 1 1 
4 357 358 359 360 1 1 
4 361 362 363 364 1 1 
4 365 366 367 368 1 1 
4 369 370 371 372 1 1 
4 373 374 375 376 1 1 
4 377 378 379 380 1 1 
4 381 382 383 384 1 1 
4 385 386 387 388 1 1 
4 389 390 391 392 1 1 
4 393 394 395 396 1 1 
4 397 398 399 400 1 1 
# DG vertices (counter-clockwise) 
400
 0 0 
 12.2946 0 
 9.84385 7.7794 
 0 8.26531 
 0 8.26531 
 9.84385 7.7794 
 8.52182 20.1279 
 0 22.1931 
 0 22.1931 
 8.52182 20.1279 
 7.53126 28.1946 
 0 32.7904 
 0 32.7904 
 7.53126 28.1946 
 10.4956 41.6504 
 0 42.1382 
 0 42.1382 
 10.4956 41.6504 
 6.91684 50 
 0 50 
 0 50 
 6.91684 50 
 6.73048 57.3494 
 0 59.1636 
 0 59.1636 
 6.73048 57.3494 
 12.0597 69.7788 
 0 68.1335 
 0 68.1335 
 12.0597 69.7788 
 7.71086 78.7226 
 0 78.3297 
 0 78.3297 
 7.71086 78.7226 
 11.1871 92.0001 
 0 92.0311 
 0 92.0311 
 11.1871 92.0001 
 9.33282 100 
 0 100 
 12.2946 0 
 21.8302 0 
 18.255 7.53986 
 9.84385 7.7794 
 9.84385 7.7794 
 18.255 7.53986 
 17.1175 20.2472 
 8.52182 20.1279 
 8.52182 20.1279 
 17.1175 20.2472 
 22.5383 31.0665 
 7.53126 28.1946 
 7.53126 28.1946 
 22.5383 31.0665 
 20.196 41.644 
 10.4956 41.6504 
 10.4956 41.6504 
 20.196 41.644 
 21.1171 50 
 6.91684 50 
 6.91684 50 
 21.1171 50 
 20.3935 63.0461 
 6.73048 57.3494 
 6.73048 57.3494 
 20.3935 63.0461 
 18.081 67.299 
 12.0597 69.7788 
 12.0597 69.7788 
 18.081 67.299 
 18.4123 81.9666 
 7.71086 78.7226 
 7.71086 78.7226 
 18.4123 81.9666 
 21.5714 88.6937 
 11.1871 92.0001 
 11.1871 92.0001 
 21.5714 88.6937 
 18.6615 100 
 9.33282 100 
 21.8302 0 
 33.2781 0 
 30.0252 8.33316 
 18.255 7.53986 
 18.255 7.53986 
 30.0252 8.33316 
 28.9479 17.5336 
 17.1175 20.2472 
 17.1175 20.2472 
 28.9479 17.5336 
 28.4877 29.6594 
 22.5383 31.0665 
 22.5383 31.0665 
 28.4877 29.6594 
 31.6998 38.7762 
 20.196 41.644 
 20.196 41.644 
 31.6998 38.7762 
 31.6349 50 
 21.1171 50 
 21.1171 50 
 31.6349 50 
 31.8532 58.7324 
 20.3935 63.0461 
 20.3935 63.0461 
 31.8532 58.7324 
 28.7696 69.9602 
 18.081 67.299 
 18.081 67.299 
 28.7696 69.9602 
 31.3119 78.4621 
 18.4123 81.9666 
 18.4123 81.9666 
 31.3119 78.4621 
 33.2821 87.7843 
 21.5714 88.6937 
 21.5714 88.6937 
 33.2821 87.7843 
 33.0196 100 
 18.6615 100 
 33.2781 0 
 37.129 0 
 37.6665 7.26154 
 30.0252 8.33316 
 30.0252 8.33316 
 37.6665 7.26154 
 36.8664 22.0508 
 28.9479 17.5336 
 28.9479 17.5336 
 36.8664 22.0508 
 42.2265 31.7053 
 28.4877 29.6594 
 28.4877 29.6594 
 42.2265 31.7053 
 41.4491 40.2851 
 31.6998 38.7762 
 31.6998 38.7762 
 41.4491 40.2851 
 39.1998 50 
 31.6349 50 
 31.6349 50 
 39.1998 50 
 41.8782 61.2173 
 31.8532 58.7324 
 31.8532 58.7324 
 41.8782 61.2173 
 42.2063 69.2589 
 28.7696 69.9602 
 28.7696 69.9602 
 42.2063 69.2589 
 41.2157 78.9572 
 31.3119 78.4621 
 31.3119 78.4621 
 41.2157 78.9572 
 39.9196 89.4852 
 33.2821 87.7843 
 33.2821 87.7843 
 39.9196 89.4852 
 37.4126 100 
 33.0196 100 
 37.129 0 
 50 0 
 50 13.2757 
 37.6665 7.26154 
 37.6665 7.26154 
 50 13.2757 
 50 19.6947 
 36.8664 22.0508 
 36.8664 22.0508 
 50 19.6947 
 50 27.0569 
 42.2265 31.7053 
 42.2265 31.7053 
 50 27.0569 
 50 38.7797 
 41.4491 40.2851 
 41.4491 40.2851 
 50 38.7797 
 50 50 
 39.1998 50 
 39.1998 50 
 50 50 
 50 59.8517 
 41.8782 61.2173 
 41.8782 61.2173 
 50 59.8517 
 50 73.1329 
 42.2063 69.2589 
 42.2063 69.2589 
 50 73.1329 
 50 82.012 
 41.2157 78.9572 
 41.2157 78.9572 
 50 82.012 
 50 87.3456 
 39.9196 89.4852 
 39.9196 89.4852 
 50 87.3456 
 50 100 
 37.4126 100 
 50 0 
 60.5848 0 
 56.9022 8.85087 
 50 13.2757 
 50 13.2757 
 56.9022 8.85087 
 59.5457 20.7156 
 50 19.6947 
 50 19.6947 
 59.5457 20.7156 
 59.87 27.9456 
 50 27.0569 
 50 27.0569 
 59.87 27.9456 
 63.2799 36.9427 
 50 38.7797 
 50 38.7797 
 63.2799 36.9427 
 61.1575 50 
 50 50 
 50 50 
 61.1575 50 
 60.2354 63.1518 
 50 59.8517 
 50 59.8517 
 60.2354 63.1518 
 61.7108 67.1677 
 50 73.1329 
 50 73.1329 
 61.7108 67.1677 
 56.8102 77.8298 
 50 82.012 
 50 82.012 
 56.8102 77.8298 
 56.715 90.8698 
 50 87.3456 
 50 87.3456 
 56.715 90.8698 
 57.4608 100 
 50 100 
 60.5848 0 
 70.2145 0 
 72.9019 11.891 
 56.9022 8.85087 
 56.9022 8.85087 
 72.9019 11.891 
 68.2278 17.7297 
 59.5457 20.7156 
 59.5457 20.7156 
 68.2278 17.7297 
 66.7638 28.1871 
 59.87 27.9456 
 59.87 27.9456 
 66.7638 28.1871 
 73.1692 37.58 
 63.2799 36.9427 
 63.2799 36.9427 
 73.1692 37.58 
 72.3272 50 
 61.1575 50 
 61.1575 50 
 72.3272 50 
 73.093 57.0255 
 60.2354 63.1518 
 60.2354 63.1518 
 73.093 57.0255 
 72.3982 67.5643 
 61.7108 67.1677 
 61.7108 67.1677 
 72.3982 67.5643 
 71.3438 78.7044 
 56.8102 77.8298 
 56.8102 77.8298 
 71.3438 78.7044 
 69.0879 89.1026 
 56.715 90.8698 
 56.715 90.8698 
 69.0879 89.1026 
 71.6302 100 
 57.4608 100 
 70.2145 0 
 78.6291 0 
 78.1688 10.0323 
 72.9019 11.891 
 72.9019 11.891 
 78.1688 10.0323 
 77.1441 19.2837 
 68.2278 17.7297 
 68.2278 17.7297 
 77.1441 19.2837 
 78.1505 29.2123 
 66.7638 28.1871 
 66.7638 28.1871 
 78.1505 29.2123 
 79.8416 37.6558 
 73.1692 37.58 
 73.1692 37.58 
 79.8416 37.6558 
 78.7788 50 
 72.3272 50 
 72.3272 50 
 78.7788 50 
 79.3636 61.4573 
 73.093 57.0255 
 73.093 57.0255 
 79.3636 61.4573 
 77.0714 69.8415 
 72.3982 67.5643 
 72.3982 67.5643 
 77.0714 69.8415 
 82.9574 82.0639 
 71.3438 78.7044 
 71.3438 78.7044 
 82.9574 82.0639 
 77.4101 93.0051 
 69.0879 89.1026 
 69.0879 89.1026 
 77.4101 93.0051 
 78.3386 100 
 71.6302 100 
 78.6291 0 
 87.9411 0 
 90.345 10.1401 
 78.1688 10.0323 
 78.1688 10.0323 
 90.345 10.1401 
 91.6639 22.6346 
 77.1441 19.2837 
 77.1441 19.2837 
 91.6639 22.6346 
 92.2776 29.5187 
 78.1505 29.2123 
 78.1505 29.2123 
 92.2776 29.5187 
 88.0702 42.4652 
 79.8416 37.6558 
 79.8416 37.6558 
 88.0702 42.4652 
 92.6284 50 
 78.7788 50 
 78.7788 50 
 92.6284 50 
 90.8375 59.4622 
 79.3636 61.4573 
 79.3636 61.4573 
 90.8375 59.4622 
 93.1149 72.6972 
 77.0714 69.8415 
 77.0714 69.8415 
 93.1149 72.6972 
 91.9293 82.8282 
 82.9574 82.0639 
 82.9574 82.0639 
 91.9293 82.8282 
 88.2716 88.7505 
 77.4101 93.0051 
 77.4101 93.0051 
 88.2716 88.7505 
 90.2508 100 
 78.3386 100 
 87.9411 0 
 100 0 
 100 7.36712 
 90.345 10.1401 
 90.345 10.1401 
 100 7.36712 
 100 18.7304 
 91.6639 22.6346 
 91.6639 22.6346 
 100 18.7304 
 100 32.2265 
 92.2776 29.5187 
 92.2776 29.5187 
 100 32.2265 
 100 39.4494 
 88.0702 42.4652 
 88.0702 42.4652 
 100 39.4494 
 100 50 
 92.6284 50 
 92.6284 50 
 100 50 
 100 61.1853 
 90.8375 59.4622 
 90.8375 59.4622 
 100 61.1853 
 100 68.1028 
 93.1149 72.6972 
 93.1149 72.6972 
 100 68.1028 
 100 82.5829 
 91.9293 82.8282 
 91.9293 82.8282 
 100 82.5829 
 100 87.6455 
 88.2716 88.7505 
 88.2716 88.7505 
 100 87.6455 
 100 100 
 90.2508 100 
# grid vertices (counter-clockwise) 
121
0 0 
0 8.26531 
0 22.1931 
0 32.7904 
0 42.1382 
0 50 
0 59.1636 
0 68.1335 
0 78.3297 
0 92.0311 
0 100 
12.2946 0 
9.84385 7.7794 
8.52182 20.1279 
7.53126 28.1946 
10.4956 41.6504 
6.91684 50 
6.73048 57.3494 
12.0597 69.7788 
7.71086 78.7226 
11.1871 92.0001 
9.33282 100 
21.8302 0 
18.255 7.53986 
17.1175 20.2472 
22.5383 31.0665 
20.196 41.644 
21.1171 50 
20.3935 63.0461 
18.081 67.299 
18.4123 81.9666 
21.5714 88.6937 
18.6615 100 
33.2781 0 
30.0252 8.33316 
28.9479 17.5336 
28.4877 29.6594 
31.6998 38.7762 
31.6349 50 
31.8532 58.7324 
28.7696 69.9602 
31.3119 78.4621 
33.2821 87.7843 
33.0196 100 
37.129 0 
37.6665 7.26154 
36.8664 22.0508 
42.2265 31.7053 
41.4491 40.2851 
39.1998 50 
41.8782 61.2173 
42.2063 69.2589 
41.2157 78.9572 
39.9196 89.4852 
37.4126 100 
50 0 
50 13.2757 
50 19.6947 
50 27.0569 
50 38.7797 
50 50 
50 59.8517 
50 73.1329 
50 82.012 
50 87.3456 
50 100 
60.5848 0 
56.9022 8.85087 
59.5457 20.7156 
59.87 27.9456 
63.2799 36.9427 
61.1575 50 
60.2354 63.1518 
61.7108 67.1677 
56.8102 77.8298 
56.715 90.8698 
57.4608 100 
70.2145 0 
72.9019 11.891 
68.2278 17.7297 
66.7638 28.1871 
73.1692 37.58 
72.3272 50 
73.093 57.0255 
72.3982 67.5643 
71.3438 78.7044 
69.0879 89.1026 
71.6302 100 
78.6291 0 
78.1688 10.0323 
77.1441 19.2837 
78.1505 29.2123 
79.8416 37.6558 
78.7788 50 
79.3636 61.4573 
77.0714 69.8415 
82.9574 82.0639 
77.4101 93.0051 
78.3386 100 
87.9411 0 
90.345 10.1401 
91.6639 22.6346 
92.2776 29.5187 
88.0702 42.4652 
92.6284 50 
90.8375 59.4622 
93.1149 72.6972 
91.9293 82.8282 
88.2716 88.7505 
90.2508 100 
100 0 
100 7.36712 
100 18.7304 
100 32.2265 
100 39.4494 
100 50 
100 61.1853 
100 68.1028 
100 82.5829 
100 87.6455 
100 100 
