# Date: 8/3/2013   Time: 23:6
# dimensions 
1 1 
# connectivity 
289
4  1  2  3  4    1 1 
4  5  6  7  8    1 1 
4  9  10  11  12    1 1 
4  13  14  15  16    1 1 
4  17  18  19  20    1 1 
6  21  22  23  24  25  26    1 1 
5  27  28  29  30  31    1 1 
5  32  33  34  35  36    1 1 
4  37  38  39  40    1 1 
4  41  42  43  44    1 1 
5  45  46  47  48  49    1 1 
5  50  51  52  53  54    1 1 
5  55  56  57  58  59    1 1 
5  60  61  62  63  64    1 1 
4  65  66  67  68    1 1 
4  69  70  71  72    1 1 
4  73  74  75  76    1 1 
6  77  78  79  80  81  82    1 1 
6  83  84  85  86  87  88    1 1 
8  89  90  91  92  93  94  95  96    1 1 
5  97  98  99  100  101    1 1 
5  102  103  104  105  106    1 1 
7  107  108  109  110  111  112  113    1 1 
5  114  115  116  117  118    1 1 
7  119  120  121  122  123  124  125    1 1 
6  126  127  128  129  130  131    1 1 
6  132  133  134  135  136  137    1 1 
5  138  139  140  141  142    1 1 
5  143  144  145  146  147    1 1 
7  148  149  150  151  152  153  154    1 1 
7  155  156  157  158  159  160  161    1 1 
8  162  163  164  165  166  167  168  169    1 1 
5  170  171  172  173  174    1 1 
5  175  176  177  178  179    1 1 
5  180  181  182  183  184    1 1 
6  185  186  187  188  189  190    1 1 
10  191  192  193  194  195  196  197  198  199  200    1 1 
5  201  202  203  204  205    1 1 
6  206  207  208  209  210  211    1 1 
6  212  213  214  215  216  217    1 1 
5  218  219  220  221  222    1 1 
5  223  224  225  226  227    1 1 
7  228  229  230  231  232  233  234    1 1 
6  235  236  237  238  239  240    1 1 
7  241  242  243  244  245  246  247    1 1 
4  248  249  250  251    1 1 
6  252  253  254  255  256  257    1 1 
7  258  259  260  261  262  263  264    1 1 
5  265  266  267  268  269    1 1 
5  270  271  272  273  274    1 1 
5  275  276  277  278  279    1 1 
3  280  281  282    1 1 
7  283  284  285  286  287  288  289    1 1 
9  290  291  292  293  294  295  296  297  298    1 1 
5  299  300  301  302  303    1 1 
4  304  305  306  307    1 1 
7  308  309  310  311  312  313  314    1 1 
7  315  316  317  318  319  320  321    1 1 
5  322  323  324  325  326    1 1 
6  327  328  329  330  331  332    1 1 
7  333  334  335  336  337  338  339    1 1 
5  340  341  342  343  344    1 1 
8  345  346  347  348  349  350  351  352    1 1 
7  353  354  355  356  357  358  359    1 1 
4  360  361  362  363    1 1 
5  364  365  366  367  368    1 1 
9  369  370  371  372  373  374  375  376  377    1 1 
4  378  379  380  381    1 1 
4  382  383  384  385    1 1 
4  386  387  388  389    1 1 
4  390  391  392  393    1 1 
7  394  395  396  397  398  399  400    1 1 
6  401  402  403  404  405  406    1 1 
6  407  408  409  410  411  412    1 1 
6  413  414  415  416  417  418    1 1 
8  419  420  421  422  423  424  425  426    1 1 
10  427  428  429  430  431  432  433  434  435  436    1 1 
6  437  438  439  440  441  442    1 1 
6  443  444  445  446  447  448    1 1 
5  449  450  451  452  453    1 1 
5  454  455  456  457  458    1 1 
6  459  460  461  462  463  464    1 1 
6  465  466  467  468  469  470    1 1 
8  471  472  473  474  475  476  477  478    1 1 
4  479  480  481  482    1 1 
5  483  484  485  486  487    1 1 
6  488  489  490  491  492  493    1 1 
6  494  495  496  497  498  499    1 1 
5  500  501  502  503  504    1 1 
6  505  506  507  508  509  510    1 1 
7  511  512  513  514  515  516  517    1 1 
6  518  519  520  521  522  523    1 1 
5  524  525  526  527  528    1 1 
5  529  530  531  532  533    1 1 
4  534  535  536  537    1 1 
6  538  539  540  541  542  543    1 1 
8  544  545  546  547  548  549  550  551    1 1 
9  552  553  554  555  556  557  558  559  560    1 1 
6  561  562  563  564  565  566    1 1 
5  567  568  569  570  571    1 1 
5  572  573  574  575  576    1 1 
5  577  578  579  580  581    1 1 
5  582  583  584  585  586    1 1 
6  587  588  589  590  591  592    1 1 
8  593  594  595  596  597  598  599  600    1 1 
4  601  602  603  604    1 1 
6  605  606  607  608  609  610    1 1 
4  611  612  613  614    1 1 
6  615  616  617  618  619  620    1 1 
6  621  622  623  624  625  626    1 1 
4  627  628  629  630    1 1 
5  631  632  633  634  635    1 1 
6  636  637  638  639  640  641    1 1 
7  642  643  644  645  646  647  648    1 1 
3  649  650  651    1 1 
7  652  653  654  655  656  657  658    1 1 
7  659  660  661  662  663  664  665    1 1 
4  666  667  668  669    1 1 
4  670  671  672  673    1 1 
4  674  675  676  677    1 1 
7  678  679  680  681  682  683  684    1 1 
7  685  686  687  688  689  690  691    1 1 
7  692  693  694  695  696  697  698    1 1 
5  699  700  701  702  703    1 1 
7  704  705  706  707  708  709  710    1 1 
5  711  712  713  714  715    1 1 
6  716  717  718  719  720  721    1 1 
8  722  723  724  725  726  727  728  729    1 1 
5  730  731  732  733  734    1 1 
4  735  736  737  738    1 1 
6  739  740  741  742  743  744    1 1 
5  745  746  747  748  749    1 1 
5  750  751  752  753  754    1 1 
6  755  756  757  758  759  760    1 1 
7  761  762  763  764  765  766  767    1 1 
4  768  769  770  771    1 1 
6  772  773  774  775  776  777    1 1 
6  778  779  780  781  782  783    1 1 
4  784  785  786  787    1 1 
6  788  789  790  791  792  793    1 1 
6  794  795  796  797  798  799    1 1 
5  800  801  802  803  804    1 1 
7  805  806  807  808  809  810  811    1 1 
5  812  813  814  815  816    1 1 
6  817  818  819  820  821  822    1 1 
9  823  824  825  826  827  828  829  830  831    1 1 
6  832  833  834  835  836  837    1 1 
7  838  839  840  841  842  843  844    1 1 
7  845  846  847  848  849  850  851    1 1 
7  852  853  854  855  856  857  858    1 1 
6  859  860  861  862  863  864    1 1 
7  865  866  867  868  869  870  871    1 1 
5  872  873  874  875  876    1 1 
5  877  878  879  880  881    1 1 
5  882  883  884  885  886    1 1 
6  887  888  889  890  891  892    1 1 
6  893  894  895  896  897  898    1 1 
5  899  900  901  902  903    1 1 
6  904  905  906  907  908  909    1 1 
8  910  911  912  913  914  915  916  917    1 1 
5  918  919  920  921  922    1 1 
7  923  924  925  926  927  928  929    1 1 
8  930  931  932  933  934  935  936  937    1 1 
6  938  939  940  941  942  943    1 1 
6  944  945  946  947  948  949    1 1 
6  950  951  952  953  954  955    1 1 
7  956  957  958  959  960  961  962    1 1 
4  963  964  965  966    1 1 
8  967  968  969  970  971  972  973  974    1 1 
5  975  976  977  978  979    1 1 
5  980  981  982  983  984    1 1 
8  985  986  987  988  989  990  991  992    1 1 
7  993  994  995  996  997  998  999    1 1 
5  1000  1001  1002  1003  1004    1 1 
6  1005  1006  1007  1008  1009  1010    1 1 
6  1011  1012  1013  1014  1015  1016    1 1 
7  1017  1018  1019  1020  1021  1022  1023    1 1 
5  1024  1025  1026  1027  1028    1 1 
7  1029  1030  1031  1032  1033  1034  1035    1 1 
4  1036  1037  1038  1039    1 1 
5  1040  1041  1042  1043  1044    1 1 
4  1045  1046  1047  1048    1 1 
8  1049  1050  1051  1052  1053  1054  1055  1056    1 1 
4  1057  1058  1059  1060    1 1 
7  1061  1062  1063  1064  1065  1066  1067    1 1 
7  1068  1069  1070  1071  1072  1073  1074    1 1 
4  1075  1076  1077  1078    1 1 
3  1079  1080  1081    1 1 
5  1082  1083  1084  1085  1086    1 1 
8  1087  1088  1089  1090  1091  1092  1093  1094    1 1 
7  1095  1096  1097  1098  1099  1100  1101    1 1 
6  1102  1103  1104  1105  1106  1107    1 1 
7  1108  1109  1110  1111  1112  1113  1114    1 1 
7  1115  1116  1117  1118  1119  1120  1121    1 1 
6  1122  1123  1124  1125  1126  1127    1 1 
8  1128  1129  1130  1131  1132  1133  1134  1135    1 1 
5  1136  1137  1138  1139  1140    1 1 
5  1141  1142  1143  1144  1145    1 1 
6  1146  1147  1148  1149  1150  1151    1 1 
6  1152  1153  1154  1155  1156  1157    1 1 
6  1158  1159  1160  1161  1162  1163    1 1 
7  1164  1165  1166  1167  1168  1169  1170    1 1 
5  1171  1172  1173  1174  1175    1 1 
5  1176  1177  1178  1179  1180    1 1 
4  1181  1182  1183  1184    1 1 
5  1185  1186  1187  1188  1189    1 1 
6  1190  1191  1192  1193  1194  1195    1 1 
5  1196  1197  1198  1199  1200    1 1 
5  1201  1202  1203  1204  1205    1 1 
5  1206  1207  1208  1209  1210    1 1 
5  1211  1212  1213  1214  1215    1 1 
6  1216  1217  1218  1219  1220  1221    1 1 
5  1222  1223  1224  1225  1226    1 1 
6  1227  1228  1229  1230  1231  1232    1 1 
7  1233  1234  1235  1236  1237  1238  1239    1 1 
7  1240  1241  1242  1243  1244  1245  1246    1 1 
5  1247  1248  1249  1250  1251    1 1 
5  1252  1253  1254  1255  1256    1 1 
5  1257  1258  1259  1260  1261    1 1 
7  1262  1263  1264  1265  1266  1267  1268    1 1 
4  1269  1270  1271  1272    1 1 
4  1273  1274  1275  1276    1 1 
5  1277  1278  1279  1280  1281    1 1 
7  1282  1283  1284  1285  1286  1287  1288    1 1 
6  1289  1290  1291  1292  1293  1294    1 1 
6  1295  1296  1297  1298  1299  1300    1 1 
5  1301  1302  1303  1304  1305    1 1 
6  1306  1307  1308  1309  1310  1311    1 1 
7  1312  1313  1314  1315  1316  1317  1318    1 1 
8  1319  1320  1321  1322  1323  1324  1325  1326    1 1 
7  1327  1328  1329  1330  1331  1332  1333    1 1 
5  1334  1335  1336  1337  1338    1 1 
5  1339  1340  1341  1342  1343    1 1 
7  1344  1345  1346  1347  1348  1349  1350    1 1 
5  1351  1352  1353  1354  1355    1 1 
8  1356  1357  1358  1359  1360  1361  1362  1363    1 1 
5  1364  1365  1366  1367  1368    1 1 
5  1369  1370  1371  1372  1373    1 1 
4  1374  1375  1376  1377    1 1 
6  1378  1379  1380  1381  1382  1383    1 1 
6  1384  1385  1386  1387  1388  1389    1 1 
7  1390  1391  1392  1393  1394  1395  1396    1 1 
8  1397  1398  1399  1400  1401  1402  1403  1404    1 1 
8  1405  1406  1407  1408  1409  1410  1411  1412    1 1 
5  1413  1414  1415  1416  1417    1 1 
5  1418  1419  1420  1421  1422    1 1 
5  1423  1424  1425  1426  1427    1 1 
5  1428  1429  1430  1431  1432    1 1 
5  1433  1434  1435  1436  1437    1 1 
6  1438  1439  1440  1441  1442  1443    1 1 
6  1444  1445  1446  1447  1448  1449    1 1 
7  1450  1451  1452  1453  1454  1455  1456    1 1 
6  1457  1458  1459  1460  1461  1462    1 1 
7  1463  1464  1465  1466  1467  1468  1469    1 1 
4  1470  1471  1472  1473    1 1 
7  1474  1475  1476  1477  1478  1479  1480    1 1 
5  1481  1482  1483  1484  1485    1 1 
6  1486  1487  1488  1489  1490  1491    1 1 
4  1492  1493  1494  1495    1 1 
6  1496  1497  1498  1499  1500  1501    1 1 
4  1502  1503  1504  1505    1 1 
8  1506  1507  1508  1509  1510  1511  1512  1513    1 1 
4  1514  1515  1516  1517    1 1 
7  1518  1519  1520  1521  1522  1523  1524    1 1 
6  1525  1526  1527  1528  1529  1530    1 1 
6  1531  1532  1533  1534  1535  1536    1 1 
9  1537  1538  1539  1540  1541  1542  1543  1544  1545    1 1 
4  1546  1547  1548  1549    1 1 
5  1550  1551  1552  1553  1554    1 1 
5  1555  1556  1557  1558  1559    1 1 
5  1560  1561  1562  1563  1564    1 1 
6  1565  1566  1567  1568  1569  1570    1 1 
4  1571  1572  1573  1574    1 1 
4  1575  1576  1577  1578    1 1 
7  1579  1580  1581  1582  1583  1584  1585    1 1 
5  1586  1587  1588  1589  1590    1 1 
4  1591  1592  1593  1594    1 1 
4  1595  1596  1597  1598    1 1 
5  1599  1600  1601  1602  1603    1 1 
4  1604  1605  1606  1607    1 1 
5  1608  1609  1610  1611  1612    1 1 
6  1613  1614  1615  1616  1617  1618    1 1 
6  1619  1620  1621  1622  1623  1624    1 1 
4  1625  1626  1627  1628    1 1 
3  1629  1630  1631    1 1 
4  1632  1633  1634  1635    1 1 
7  1636  1637  1638  1639  1640  1641  1642    1 1 
5  1643  1644  1645  1646  1647    1 1 
4  1648  1649  1650  1651    1 1 
# DG vertices (counter-clockwise) 
1651
0  0  
0.0362209  0  
0.0362209  0.0142643  
0  0.0142643  
0  0.0142643  
0.0362209  0.0142643  
0.0447549  0.0359343  
0  0.0756633  
0  0.111478  
0.0246651  0.12491  
0.0281829  0.181704  
0  0.181704  
0  0.181704  
0.0281829  0.181704  
0.0350246  0.193186  
0  0.207562  
0  0.224425  
0.0433121  0.24114  
0.0463655  0.249386  
0  0.249386  
0  0.249386  
0.0463655  0.249386  
0.0616447  0.270345  
0.0549248  0.289105  
0.0146877  0.323085  
0  0.323085  
0  0.323085  
0.0146877  0.323085  
0.0282044  0.350127  
0.0401818  0.414443  
0  0.414443  
0  0.414443  
0.0401818  0.414443  
0.0402352  0.414492  
0.0159467  0.460693  
0  0.460693  
0  0.460693  
0.0159467  0.460693  
0.022167  0.481765  
0  0.49162  
0  0.547792  
0.0191336  0.550147  
0.00910632  0.619505  
0  0.619505  
0  0.619505  
0.00910632  0.619505  
0.0430248  0.638029  
0.0370852  0.65832  
0  0.65832  
0  0.65832  
0.0370852  0.65832  
0.0417779  0.713817  
0.0232604  0.734676  
0  0.734676  
0  0.734676  
0.0232604  0.734676  
0.0409494  0.768167  
0.0495635  0.810925  
0  0.810925  
0  0.835142  
0.0621265  0.835142  
0.0714019  0.847657  
0.0521893  0.874777  
0  0.874777  
0  0.810925  
0.0495635  0.810925  
0.0621265  0.835142  
0  0.835142  
0  0.874777  
0.0521893  0.874777  
0.0480374  0.916324  
0  0.937089  
0  0.972752  
0.038203  0.995169  
0.038203  1  
0  1  
0.0362209  0.0142643  
0.0362209  0  
0.0984648  0  
0.0984648  0.0342314  
0.0452933  0.0361042  
0.0447549  0.0359343  
0  0.0756633  
0.0447549  0.0359343  
0.0452933  0.0361042  
0.0782501  0.120006  
0.0246651  0.12491  
0  0.111478  
0.0246651  0.12491  
0.0782501  0.120006  
0.114956  0.128065  
0.112832  0.147266  
0.082432  0.178839  
0.0389498  0.1967  
0.0350246  0.193186  
0.0281829  0.181704  
0  0.207562  
0.0350246  0.193186  
0.0389498  0.1967  
0.0433121  0.24114  
0  0.224425  
0.082432  0.178839  
0.112832  0.147266  
0.127421  0.180092  
0.0937232  0.256922  
0.0914467  0.257291  
0.0549248  0.289105  
0.0616447  0.270345  
0.0914467  0.257291  
0.0937232  0.256922  
0.126492  0.262152  
0.170967  0.353994  
0.132801  0.363436  
0.0282044  0.350127  
0.118693  0.37077  
0.0561338  0.419383  
0.0402352  0.414492  
0.0401818  0.414443  
0.0159467  0.460693  
0.0402352  0.414492  
0.0561338  0.419383  
0.0788096  0.454269  
0.0785601  0.504113  
0.0637183  0.511365  
0.022167  0.481765  
0  0.49162  
0.022167  0.481765  
0.0637183  0.511365  
0.0343259  0.548055  
0.0191336  0.550147  
0  0.547792  
0.0191336  0.550147  
0.0343259  0.548055  
0.0569198  0.583171  
0.0641495  0.622008  
0.0430248  0.638029  
0.00910632  0.619505  
0.0569198  0.583171  
0.116573  0.564203  
0.144898  0.619312  
0.0857139  0.626422  
0.0641495  0.622008  
0.0857139  0.626422  
0.144898  0.619312  
0.162748  0.627082  
0.108233  0.686743  
0.088809  0.663433  
0.0417779  0.713817  
0.042608  0.713703  
0.0994248  0.71332  
0.114229  0.72424  
0.121033  0.762037  
0.0409494  0.768167  
0.0232604  0.734676  
0.0409494  0.768167  
0.121033  0.762037  
0.144059  0.796522  
0.0856975  0.846842  
0.0714019  0.847657  
0.0621265  0.835142  
0.0495635  0.810925  
0.0521893  0.874777  
0.0714019  0.847657  
0.0856975  0.846842  
0.123527  0.881593  
0.140716  0.939888  
0.0937798  0.958767  
0.0706268  0.953082  
0.0480374  0.916324  
0  0.937089  
0.0480374  0.916324  
0.0706268  0.953082  
0.038203  0.995169  
0  0.972752  
0.0706268  0.953082  
0.0937798  0.958767  
0.103191  1  
0.038203  1  
0.038203  0.995169  
0.0984648  0  
0.134937  0  
0.134937  0.0208067  
0.124573  0.0526659  
0.0984648  0.0342314  
0.0452933  0.0361042  
0.0984648  0.0342314  
0.124573  0.0526659  
0.155003  0.0935468  
0.114956  0.128065  
0.0782501  0.120006  
0.112832  0.147266  
0.114956  0.128065  
0.155003  0.0935468  
0.162403  0.0930725  
0.197877  0.135303  
0.202668  0.179793  
0.201458  0.212551  
0.199663  0.214304  
0.143611  0.194632  
0.127421  0.180092  
0.127421  0.180092  
0.143611  0.194632  
0.131887  0.258611  
0.126492  0.262152  
0.0937232  0.256922  
0.0389498  0.1967  
0.082432  0.178839  
0.0914467  0.257291  
0.0616447  0.270345  
0.0463655  0.249386  
0.0433121  0.24114  
0.0146877  0.323085  
0.0549248  0.289105  
0.132801  0.363436  
0.130876  0.365236  
0.118693  0.37077  
0.0282044  0.350127  
0.118693  0.37077  
0.130876  0.365236  
0.123121  0.439844  
0.0788096  0.454269  
0.0561338  0.419383  
0.153599  0.458484  
0.191325  0.441224  
0.206497  0.451894  
0.173015  0.495168  
0.132521  0.509809  
0.0788096  0.454269  
0.123121  0.439844  
0.153599  0.458484  
0.132521  0.509809  
0.130955  0.512341  
0.114376  0.517499  
0.0785601  0.504113  
0.0637183  0.511365  
0.0785601  0.504113  
0.114376  0.517499  
0.116573  0.564203  
0.0569198  0.583171  
0.0343259  0.548055  
0.0370852  0.65832  
0.0430248  0.638029  
0.0641495  0.622008  
0.0857139  0.626422  
0.088809  0.663433  
0.042608  0.713703  
0.0417779  0.713817  
0.088809  0.663433  
0.108233  0.686743  
0.0994248  0.71332  
0.042608  0.713703  
0.114229  0.72424  
0.176901  0.70231  
0.181305  0.71945  
0.161737  0.79567  
0.144059  0.796522  
0.121033  0.762037  
0.144059  0.796522  
0.161737  0.79567  
0.173519  0.801181  
0.201787  0.86172  
0.197953  0.865094  
0.123527  0.881593  
0.0856975  0.846842  
0.123527  0.881593  
0.197953  0.865094  
0.166514  0.948295  
0.161345  0.947774  
0.140716  0.939888  
0.0937798  0.958767  
0.140716  0.939888  
0.161345  0.947774  
0.137217  1  
0.103191  1  
0.161345  0.947774  
0.166514  0.948295  
0.182893  0.9578  
0.182893  1  
0.137217  1  
0.134937  0  
0.155515  0  
0.134937  0.0208067  
0.134937  0.0208067  
0.155515  0  
0.174774  0  
0.180403  0.0774072  
0.162403  0.0930725  
0.155003  0.0935468  
0.124573  0.0526659  
0.180403  0.0774072  
0.227409  0.0555135  
0.236636  0.0527667  
0.264909  0.0576344  
0.277664  0.0832141  
0.275617  0.136021  
0.26861  0.142899  
0.197877  0.135303  
0.162403  0.0930725  
0.202668  0.179793  
0.268633  0.168556  
0.275479  0.208363  
0.266547  0.21468  
0.201458  0.212551  
0.143611  0.194632  
0.199663  0.214304  
0.19206  0.240373  
0.131887  0.258611  
0.126492  0.262152  
0.131887  0.258611  
0.19206  0.240373  
0.217268  0.300543  
0.220269  0.332287  
0.173773  0.354415  
0.170967  0.353994  
0.130876  0.365236  
0.132801  0.363436  
0.170967  0.353994  
0.173773  0.354415  
0.191325  0.441224  
0.153599  0.458484  
0.123121  0.439844  
0.206497  0.451894  
0.232347  0.466329  
0.250925  0.481076  
0.225444  0.513831  
0.173015  0.495168  
0.130955  0.512341  
0.132521  0.509809  
0.173015  0.495168  
0.225444  0.513831  
0.218832  0.524048  
0.184876  0.540879  
0.116573  0.564203  
0.114376  0.517499  
0.130955  0.512341  
0.184876  0.540879  
0.167159  0.627641  
0.162748  0.627082  
0.144898  0.619312  
0.227009  0.543901  
0.274016  0.584243  
0.262256  0.605886  
0.26114  0.606802  
0.223475  0.623369  
0.162748  0.627082  
0.167159  0.627641  
0.194813  0.646118  
0.195378  0.647909  
0.176901  0.70231  
0.114229  0.72424  
0.0994248  0.71332  
0.108233  0.686743  
0.176901  0.70231  
0.195378  0.647909  
0.260069  0.69362  
0.26959  0.711854  
0.259119  0.763794  
0.255294  0.76439  
0.181305  0.71945  
0.230514  0.818605  
0.2701  0.821177  
0.226451  0.868261  
0.218978  0.86575  
0.173519  0.801181  
0.219333  0.783729  
0.230514  0.818605  
0.218978  0.86575  
0.201787  0.86172  
0.197953  0.865094  
0.201787  0.86172  
0.218978  0.86575  
0.226451  0.868261  
0.262262  0.913787  
0.247436  0.947295  
0.240713  0.952076  
0.182893  0.9578  
0.166514  0.948295  
0.182893  0.9578  
0.240713  0.952076  
0.240713  1  
0.182893  1  
0.201129  0  
0.236636  0  
0.236636  0.0527667  
0.227409  0.0555135  
0.174774  0  
0.201129  0  
0.227409  0.0555135  
0.180403  0.0774072  
0.197877  0.135303  
0.26861  0.142899  
0.268633  0.168556  
0.202668  0.179793  
0.268633  0.168556  
0.26861  0.142899  
0.275617  0.136021  
0.323577  0.144472  
0.32289  0.191708  
0.302848  0.211173  
0.275479  0.208363  
0.199663  0.214304  
0.201458  0.212551  
0.266547  0.21468  
0.264803  0.239881  
0.217268  0.300543  
0.19206  0.240373  
0.217268  0.300543  
0.264803  0.239881  
0.294886  0.290804  
0.249454  0.33885  
0.244268  0.338262  
0.220269  0.332287  
0.173773  0.354415  
0.220269  0.332287  
0.244268  0.338262  
0.232347  0.466329  
0.206497  0.451894  
0.191325  0.441224  
0.244268  0.338262  
0.249454  0.33885  
0.264529  0.351012  
0.272975  0.358743  
0.279564  0.458793  
0.264503  0.480195  
0.250925  0.481076  
0.232347  0.466329  
0.218832  0.524048  
0.225444  0.513831  
0.250925  0.481076  
0.264503  0.480195  
0.275708  0.491561  
0.303442  0.552307  
0.302964  0.553634  
0.293633  0.567137  
0.274016  0.584243  
0.227009  0.543901  
0.184876  0.540879  
0.218832  0.524048  
0.227009  0.543901  
0.223475  0.623369  
0.194813  0.646118  
0.167159  0.627641  
0.223475  0.623369  
0.26114  0.606802  
0.292507  0.657632  
0.260069  0.69362  
0.195378  0.647909  
0.194813  0.646118  
0.26114  0.606802  
0.262256  0.605886  
0.329604  0.633882  
0.339662  0.641654  
0.292507  0.657632  
0.181305  0.71945  
0.255294  0.76439  
0.219333  0.783729  
0.173519  0.801181  
0.161737  0.79567  
0.219333  0.783729  
0.255294  0.76439  
0.259119  0.763794  
0.293936  0.798798  
0.2701  0.821177  
0.230514  0.818605  
0.2701  0.821177  
0.293936  0.798798  
0.307257  0.803256  
0.298832  0.902173  
0.262262  0.913787  
0.226451  0.868261  
0.262262  0.913787  
0.298832  0.902173  
0.303733  0.903694  
0.341656  0.939925  
0.352888  0.955886  
0.343443  0.980317  
0.284137  0.975823  
0.247436  0.947295  
0.284137  0.975823  
0.343443  0.980317  
0.346086  1  
0.284137  1  
0.236636  0  
0.309224  0  
0.309224  0.0225127  
0.264909  0.0576344  
0.236636  0.0527667  
0.277664  0.0832141  
0.347639  0.102188  
0.350059  0.119958  
0.344945  0.130117  
0.323577  0.144472  
0.275617  0.136021  
0.264909  0.0576344  
0.309224  0.0225127  
0.351201  0.0427568  
0.363993  0.0659736  
0.347639  0.102188  
0.277664  0.0832141  
0.323577  0.144472  
0.344945  0.130117  
0.378373  0.183871  
0.380958  0.193222  
0.32289  0.191708  
0.266547  0.21468  
0.275479  0.208363  
0.302848  0.211173  
0.343874  0.271489  
0.294886  0.290804  
0.264803  0.239881  
0.366329  0.303129  
0.373315  0.313876  
0.366897  0.340339  
0.355537  0.366314  
0.340175  0.372794  
0.272975  0.358743  
0.264529  0.351012  
0.294886  0.290804  
0.343874  0.271489  
0.349807  0.273002  
0.366329  0.303129  
0.264529  0.351012  
0.249454  0.33885  
0.272975  0.358743  
0.340175  0.372794  
0.329116  0.426998  
0.314242  0.442658  
0.279564  0.458793  
0.275708  0.491561  
0.391999  0.497732  
0.412904  0.527504  
0.408071  0.543205  
0.303442  0.552307  
0.274016  0.584243  
0.293633  0.567137  
0.329604  0.633882  
0.262256  0.605886  
0.293633  0.567137  
0.302964  0.553634  
0.354773  0.621359  
0.344033  0.642495  
0.339662  0.641654  
0.329604  0.633882  
0.292507  0.657632  
0.339662  0.641654  
0.344033  0.642495  
0.353845  0.66323  
0.332685  0.681427  
0.273745  0.711444  
0.26959  0.711854  
0.260069  0.69362  
0.26959  0.711854  
0.273745  0.711444  
0.323697  0.724976  
0.370417  0.758184  
0.357604  0.79035  
0.332743  0.798989  
0.307257  0.803256  
0.293936  0.798798  
0.259119  0.763794  
0.332743  0.798989  
0.357604  0.79035  
0.398301  0.830518  
0.395339  0.84296  
0.372555  0.879363  
0.345978  0.880091  
0.307257  0.803256  
0.332743  0.798989  
0.345978  0.880091  
0.303733  0.903694  
0.298832  0.902173  
0.345978  0.880091  
0.372555  0.879363  
0.37363  0.882966  
0.341656  0.939925  
0.303733  0.903694  
0.240713  0.952076  
0.247436  0.947295  
0.284137  0.975823  
0.284137  1  
0.240713  1  
0.309224  0  
0.373571  0  
0.373571  0.0173651  
0.351201  0.0427568  
0.309224  0.0225127  
0.373571  0.0173651  
0.445705  0.0138803  
0.45377  0.0400659  
0.426653  0.0708857  
0.363993  0.0659736  
0.351201  0.0427568  
0.396192  0.12836  
0.420718  0.123392  
0.431815  0.181136  
0.420426  0.205867  
0.411074  0.213093  
0.404431  0.213628  
0.380958  0.193222  
0.378373  0.183871  
0.344945  0.130117  
0.350059  0.119958  
0.396192  0.12836  
0.378373  0.183871  
0.302848  0.211173  
0.32289  0.191708  
0.380958  0.193222  
0.404431  0.213628  
0.349807  0.273002  
0.343874  0.271489  
0.355537  0.366314  
0.366897  0.340339  
0.426403  0.364885  
0.393977  0.401515  
0.340175  0.372794  
0.355537  0.366314  
0.393977  0.401515  
0.40151  0.417694  
0.39026  0.441823  
0.329116  0.426998  
0.279564  0.458793  
0.314242  0.442658  
0.390144  0.490313  
0.391999  0.497732  
0.275708  0.491561  
0.264503  0.480195  
0.314242  0.442658  
0.329116  0.426998  
0.39026  0.441823  
0.390144  0.490313  
0.302964  0.553634  
0.303442  0.552307  
0.408071  0.543205  
0.410704  0.562591  
0.354773  0.621359  
0.354773  0.621359  
0.410704  0.562591  
0.426024  0.581766  
0.384759  0.688424  
0.353845  0.66323  
0.344033  0.642495  
0.332685  0.681427  
0.353845  0.66323  
0.384759  0.688424  
0.396282  0.702191  
0.398311  0.724429  
0.370417  0.758184  
0.323697  0.724976  
0.332685  0.681427  
0.323697  0.724976  
0.273745  0.711444  
0.370417  0.758184  
0.398311  0.724429  
0.43108  0.736942  
0.452885  0.759464  
0.42534  0.830422  
0.398301  0.830518  
0.357604  0.79035  
0.395339  0.84296  
0.398301  0.830518  
0.42534  0.830422  
0.475719  0.84934  
0.478112  0.857711  
0.462582  0.925965  
0.435417  0.931491  
0.37363  0.882966  
0.411419  0.939325  
0.352888  0.955886  
0.341656  0.939925  
0.418771  0.960948  
0.433977  0.99688  
0.433977  1  
0.400539  1  
0.373571  0  
0.445705  0  
0.445705  0.0138803  
0.373571  0.0173651  
0.426653  0.0708857  
0.45377  0.0400659  
0.482919  0.0492654  
0.527646  0.129975  
0.521896  0.141723  
0.520406  0.141807  
0.428513  0.110903  
0.347639  0.102188  
0.363993  0.0659736  
0.426653  0.0708857  
0.428513  0.110903  
0.420718  0.123392  
0.396192  0.12836  
0.350059  0.119958  
0.520406  0.141807  
0.521896  0.141723  
0.523194  0.14637  
0.480238  0.213632  
0.467331  0.214789  
0.420426  0.205867  
0.431815  0.181136  
0.411074  0.213093  
0.420426  0.205867  
0.467331  0.214789  
0.47887  0.29135  
0.457389  0.294429  
0.349807  0.273002  
0.404431  0.213628  
0.411074  0.213093  
0.457389  0.294429  
0.442345  0.309386  
0.373315  0.313876  
0.366329  0.303129  
0.373315  0.313876  
0.442345  0.309386  
0.446509  0.355688  
0.426403  0.364885  
0.366897  0.340339  
0.426403  0.364885  
0.446509  0.355688  
0.482497  0.400817  
0.479588  0.41654  
0.40151  0.417694  
0.393977  0.401515  
0.39026  0.441823  
0.40151  0.417694  
0.479588  0.41654  
0.485184  0.430313  
0.463672  0.50283  
0.412904  0.527504  
0.391999  0.497732  
0.390144  0.490313  
0.435451  0.59013  
0.498927  0.586834  
0.505615  0.600358  
0.479749  0.646949  
0.444924  0.613617  
0.444924  0.613617  
0.479749  0.646949  
0.489364  0.664554  
0.412055  0.689431  
0.426024  0.581766  
0.435451  0.59013  
0.444924  0.613617  
0.412055  0.689431  
0.396282  0.702191  
0.384759  0.688424  
0.43108  0.736942  
0.508276  0.69312  
0.543958  0.719367  
0.513621  0.78197  
0.452885  0.759464  
0.452885  0.759464  
0.513621  0.78197  
0.514649  0.788674  
0.475719  0.84934  
0.42534  0.830422  
0.37363  0.882966  
0.372555  0.879363  
0.395339  0.84296  
0.435417  0.931491  
0.418234  0.939966  
0.411419  0.939325  
0.352888  0.955886  
0.411419  0.939325  
0.418234  0.939966  
0.418771  0.960948  
0.400539  1  
0.346086  1  
0.343443  0.980317  
0.481359  0.986025  
0.481359  1  
0.433977  1  
0.433977  0.99688  
0.445705  0.0138803  
0.445705  0  
0.546248  0  
0.546248  0.0163799  
0.482919  0.0492654  
0.45377  0.0400659  
0.482919  0.0492654  
0.546248  0.0163799  
0.551682  0.0214607  
0.55255  0.106677  
0.543323  0.120813  
0.527646  0.129975  
0.420718  0.123392  
0.428513  0.110903  
0.520406  0.141807  
0.431815  0.181136  
0.467331  0.214789  
0.480238  0.213632  
0.514184  0.24511  
0.50073  0.282861  
0.491942  0.291234  
0.47887  0.29135  
0.523194  0.14637  
0.537552  0.169527  
0.54261  0.195535  
0.537845  0.226458  
0.514184  0.24511  
0.480238  0.213632  
0.514184  0.24511  
0.537845  0.226458  
0.565658  0.244894  
0.570409  0.28651  
0.50073  0.282861  
0.442345  0.309386  
0.457389  0.294429  
0.47887  0.29135  
0.491942  0.291234  
0.528285  0.355761  
0.482497  0.400817  
0.446509  0.355688  
0.531657  0.47521  
0.589326  0.472175  
0.539815  0.536717  
0.534753  0.536066  
0.525693  0.529866  
0.518426  0.438354  
0.600549  0.435916  
0.60028  0.445042  
0.598781  0.461986  
0.589326  0.472175  
0.531657  0.47521  
0.408071  0.543205  
0.412904  0.527504  
0.463672  0.50283  
0.525693  0.529866  
0.534753  0.536066  
0.498927  0.586834  
0.435451  0.59013  
0.426024  0.581766  
0.410704  0.562591  
0.505615  0.600358  
0.529293  0.617096  
0.533092  0.626035  
0.493883  0.667352  
0.489364  0.664554  
0.479749  0.646949  
0.493883  0.667352  
0.533092  0.626035  
0.5858  0.638921  
0.560048  0.713438  
0.553044  0.716794  
0.543958  0.719367  
0.508276  0.69312  
0.412055  0.689431  
0.489364  0.664554  
0.493883  0.667352  
0.508276  0.69312  
0.43108  0.736942  
0.398311  0.724429  
0.396282  0.702191  
0.514649  0.788674  
0.54333  0.806381  
0.546163  0.810138  
0.55486  0.877885  
0.553014  0.879259  
0.478112  0.857711  
0.475719  0.84934  
0.478112  0.857711  
0.553014  0.879259  
0.538887  0.949151  
0.537686  0.949696  
0.489868  0.946858  
0.462582  0.925965  
0.418234  0.939966  
0.435417  0.931491  
0.462582  0.925965  
0.489868  0.946858  
0.481359  0.986025  
0.433977  0.99688  
0.418771  0.960948  
0.489868  0.946858  
0.537686  0.949696  
0.537686  1  
0.481359  1  
0.481359  0.986025  
0.546248  0.0163799  
0.546248  0  
0.621241  0  
0.621241  0.0449172  
0.551682  0.0214607  
0.551682  0.0214607  
0.621241  0.0449172  
0.625128  0.0497528  
0.626813  0.0584151  
0.55255  0.106677  
0.626813  0.0584151  
0.629624  0.061884  
0.623639  0.134784  
0.609168  0.136087  
0.543323  0.120813  
0.55255  0.106677  
0.609168  0.136087  
0.623639  0.134784  
0.650144  0.15739  
0.647606  0.167217  
0.623891  0.203523  
0.589449  0.176608  
0.537552  0.169527  
0.589449  0.176608  
0.623891  0.203523  
0.62145  0.221195  
0.54261  0.195535  
0.491942  0.291234  
0.50073  0.282861  
0.570409  0.28651  
0.576985  0.292341  
0.563307  0.357681  
0.528285  0.355761  
0.482497  0.400817  
0.528285  0.355761  
0.563307  0.357681  
0.621293  0.399684  
0.600549  0.435916  
0.518426  0.438354  
0.485184  0.430313  
0.479588  0.41654  
0.485184  0.430313  
0.518426  0.438354  
0.531657  0.47521  
0.525693  0.529866  
0.463672  0.50283  
0.589326  0.472175  
0.598781  0.461986  
0.609705  0.478153  
0.621611  0.541214  
0.597219  0.575503  
0.559035  0.554898  
0.539815  0.536717  
0.559035  0.554898  
0.597219  0.575503  
0.597657  0.576493  
0.600825  0.605263  
0.60021  0.62672  
0.5858  0.638921  
0.533092  0.626035  
0.529293  0.617096  
0.534753  0.536066  
0.539815  0.536717  
0.559035  0.554898  
0.529293  0.617096  
0.505615  0.600358  
0.498927  0.586834  
0.5858  0.638921  
0.60021  0.62672  
0.613631  0.633521  
0.645286  0.711392  
0.643176  0.733903  
0.560048  0.713438  
0.543958  0.719367  
0.553044  0.716794  
0.590564  0.787725  
0.54333  0.806381  
0.514649  0.788674  
0.513621  0.78197  
0.54333  0.806381  
0.590564  0.787725  
0.659659  0.803517  
0.659374  0.806292  
0.627547  0.834977  
0.561199  0.816761  
0.546163  0.810138  
0.561199  0.816761  
0.627547  0.834977  
0.606456  0.871837  
0.588671  0.87276  
0.553014  0.879259  
0.55486  0.877885  
0.588671  0.87276  
0.606456  0.871837  
0.628291  0.928342  
0.625705  0.945772  
0.606827  0.960347  
0.538887  0.949151  
0.537686  0.949696  
0.538887  0.949151  
0.606827  0.960347  
0.606827  1  
0.537686  1  
0.621241  0  
0.650952  0  
0.650952  0.0311883  
0.625128  0.0497528  
0.621241  0.0449172  
0.650952  0.0311883  
0.697462  0  
0.699584  0  
0.736098  0.057028  
0.677643  0.0816108  
0.629624  0.061884  
0.626813  0.0584151  
0.625128  0.0497528  
0.521896  0.141723  
0.527646  0.129975  
0.543323  0.120813  
0.609168  0.136087  
0.589449  0.176608  
0.537552  0.169527  
0.523194  0.14637  
0.54261  0.195535  
0.62145  0.221195  
0.621955  0.224347  
0.565658  0.244894  
0.537845  0.226458  
0.623891  0.203523  
0.647606  0.167217  
0.696541  0.218207  
0.628  0.233307  
0.621955  0.224347  
0.62145  0.221195  
0.565658  0.244894  
0.621955  0.224347  
0.628  0.233307  
0.636459  0.280212  
0.576985  0.292341  
0.570409  0.28651  
0.576985  0.292341  
0.636459  0.280212  
0.667344  0.309424  
0.674137  0.341596  
0.629797  0.396519  
0.621293  0.399684  
0.563307  0.357681  
0.609705  0.478153  
0.598781  0.461986  
0.60028  0.445042  
0.694169  0.498449  
0.669954  0.507575  
0.600549  0.435916  
0.621293  0.399684  
0.629797  0.396519  
0.673058  0.431665  
0.700733  0.496608  
0.694169  0.498449  
0.60028  0.445042  
0.609705  0.478153  
0.669954  0.507575  
0.651328  0.534277  
0.621611  0.541214  
0.600825  0.605263  
0.687338  0.595744  
0.665768  0.638861  
0.613631  0.633521  
0.60021  0.62672  
0.613631  0.633521  
0.665768  0.638861  
0.675648  0.653564  
0.645286  0.711392  
0.553044  0.716794  
0.560048  0.713438  
0.643176  0.733903  
0.652584  0.744064  
0.666792  0.771362  
0.666953  0.7843  
0.659659  0.803517  
0.590564  0.787725  
0.546163  0.810138  
0.561199  0.816761  
0.588671  0.87276  
0.55486  0.877885  
0.627547  0.834977  
0.659374  0.806292  
0.688855  0.846539  
0.696574  0.864373  
0.679303  0.893837  
0.628291  0.928342  
0.606456  0.871837  
0.628291  0.928342  
0.679303  0.893837  
0.712611  0.955472  
0.712582  0.955505  
0.69012  0.96584  
0.656973  0.958732  
0.625705  0.945772  
0.656973  0.958732  
0.69012  0.96584  
0.69012  1  
0.656973  1  
0.650952  0  
0.697462  0  
0.650952  0.0311883  
0.629624  0.061884  
0.677643  0.0816108  
0.68212  0.143104  
0.650144  0.15739  
0.623639  0.134784  
0.677643  0.0816108  
0.736098  0.057028  
0.756102  0.0641506  
0.765439  0.0720482  
0.771555  0.098968  
0.740231  0.150908  
0.725607  0.155332  
0.68212  0.143104  
0.647606  0.167217  
0.650144  0.15739  
0.68212  0.143104  
0.725607  0.155332  
0.709201  0.201914  
0.698086  0.218528  
0.696541  0.218207  
0.628  0.233307  
0.696541  0.218207  
0.698086  0.218528  
0.713255  0.255042  
0.667344  0.309424  
0.636459  0.280212  
0.713255  0.255042  
0.727716  0.255038  
0.755178  0.271877  
0.760547  0.312102  
0.712222  0.348493  
0.674137  0.341596  
0.667344  0.309424  
0.674137  0.341596  
0.712222  0.348493  
0.750384  0.385117  
0.753045  0.400244  
0.721375  0.428758  
0.673058  0.431665  
0.629797  0.396519  
0.721375  0.428758  
0.753045  0.400244  
0.774644  0.425302  
0.785294  0.441204  
0.756553  0.487845  
0.745781  0.501763  
0.651328  0.534277  
0.669954  0.507575  
0.694169  0.498449  
0.700733  0.496608  
0.725962  0.507248  
0.698953  0.581845  
0.697734  0.582155  
0.684932  0.57599  
0.621611  0.541214  
0.651328  0.534277  
0.684932  0.57599  
0.597657  0.576493  
0.597219  0.575503  
0.597657  0.576493  
0.684932  0.57599  
0.697734  0.582155  
0.687338  0.595744  
0.600825  0.605263  
0.675648  0.653564  
0.710565  0.665272  
0.715268  0.673885  
0.652584  0.744064  
0.643176  0.733903  
0.645286  0.711392  
0.729159  0.734511  
0.781568  0.764648  
0.782253  0.772982  
0.763886  0.797743  
0.666953  0.7843  
0.666792  0.771362  
0.688855  0.846539  
0.766988  0.823125  
0.784768  0.866137  
0.774343  0.877648  
0.716183  0.87456  
0.696574  0.864373  
0.659374  0.806292  
0.659659  0.803517  
0.666953  0.7843  
0.763886  0.797743  
0.766517  0.814388  
0.766988  0.823125  
0.688855  0.846539  
0.716183  0.87456  
0.774343  0.877648  
0.773993  0.922694  
0.761861  0.942882  
0.724085  0.948529  
0.606827  0.960347  
0.625705  0.945772  
0.656973  0.958732  
0.656973  1  
0.606827  1  
0.699584  0  
0.769285  0  
0.756102  0.0641506  
0.736098  0.057028  
0.769285  0  
0.803994  0  
0.782467  0.0617831  
0.765439  0.0720482  
0.756102  0.0641506  
0.740231  0.150908  
0.771555  0.098968  
0.831421  0.127963  
0.816615  0.21378  
0.811804  0.213569  
0.781609  0.202174  
0.725607  0.155332  
0.740231  0.150908  
0.781609  0.202174  
0.755791  0.219748  
0.709201  0.201914  
0.698086  0.218528  
0.709201  0.201914  
0.755791  0.219748  
0.727716  0.255038  
0.713255  0.255042  
0.811804  0.213569  
0.816615  0.21378  
0.841659  0.231317  
0.82527  0.28918  
0.76375  0.267871  
0.750384  0.385117  
0.794289  0.364339  
0.817476  0.374563  
0.774644  0.425302  
0.753045  0.400244  
0.673058  0.431665  
0.721375  0.428758  
0.745781  0.501763  
0.745721  0.501895  
0.725962  0.507248  
0.700733  0.496608  
0.785294  0.441204  
0.827732  0.439486  
0.840317  0.478991  
0.840156  0.485585  
0.756553  0.487845  
0.725962  0.507248  
0.745721  0.501895  
0.804191  0.552638  
0.747141  0.60747  
0.738331  0.607461  
0.698953  0.581845  
0.687338  0.595744  
0.697734  0.582155  
0.698953  0.581845  
0.738331  0.607461  
0.710565  0.665272  
0.675648  0.653564  
0.665768  0.638861  
0.738331  0.607461  
0.747141  0.60747  
0.779177  0.645672  
0.745402  0.692154  
0.743743  0.692556  
0.715268  0.673885  
0.710565  0.665272  
0.715268  0.673885  
0.743743  0.692556  
0.729159  0.734511  
0.666792  0.771362  
0.652584  0.744064  
0.766988  0.823125  
0.766517  0.814388  
0.827135  0.814369  
0.843332  0.858679  
0.784768  0.866137  
0.679303  0.893837  
0.696574  0.864373  
0.716183  0.87456  
0.724085  0.948529  
0.712611  0.955472  
0.712582  0.955505  
0.712611  0.955472  
0.724085  0.948529  
0.761861  0.942882  
0.788289  0.987252  
0.785664  1  
0.7358  1  
0.69012  0.96584  
0.712582  0.955505  
0.7358  1  
0.69012  1  
0.816403  0  
0.848948  0  
0.848948  0.0177357  
0.835551  0.0310498  
0.803994  0  
0.816403  0  
0.835551  0.0310498  
0.831919  0.0429665  
0.782467  0.0617831  
0.765439  0.0720482  
0.782467  0.0617831  
0.831919  0.0429665  
0.871531  0.072107  
0.863553  0.119706  
0.831421  0.127963  
0.771555  0.098968  
0.755791  0.219748  
0.781609  0.202174  
0.811804  0.213569  
0.76375  0.267871  
0.755178  0.271877  
0.727716  0.255038  
0.755178  0.271877  
0.76375  0.267871  
0.82527  0.28918  
0.824837  0.300878  
0.794654  0.318014  
0.760547  0.312102  
0.760547  0.312102  
0.794654  0.318014  
0.794289  0.364339  
0.750384  0.385117  
0.712222  0.348493  
0.794654  0.318014  
0.824837  0.300878  
0.845425  0.319489  
0.821895  0.375734  
0.817476  0.374563  
0.794289  0.364339  
0.817476  0.374563  
0.821895  0.375734  
0.850009  0.406129  
0.849071  0.415857  
0.827732  0.439486  
0.785294  0.441204  
0.774644  0.425302  
0.745721  0.501895  
0.745781  0.501763  
0.756553  0.487845  
0.840156  0.485585  
0.847201  0.540702  
0.845939  0.544554  
0.8343  0.556209  
0.804191  0.552638  
0.804191  0.552638  
0.8343  0.556209  
0.840129  0.578795  
0.839332  0.616088  
0.80652  0.648708  
0.779177  0.645672  
0.747141  0.60747  
0.779177  0.645672  
0.80652  0.648708  
0.824389  0.710042  
0.805448  0.719244  
0.745402  0.692154  
0.743743  0.692556  
0.745402  0.692154  
0.805448  0.719244  
0.781568  0.764648  
0.729159  0.734511  
0.805448  0.719244  
0.824389  0.710042  
0.825722  0.71033  
0.85432  0.767251  
0.821633  0.789659  
0.782253  0.772982  
0.781568  0.764648  
0.763886  0.797743  
0.782253  0.772982  
0.821633  0.789659  
0.827135  0.814369  
0.766517  0.814388  
0.774343  0.877648  
0.784768  0.866137  
0.843332  0.858679  
0.846975  0.859935  
0.863995  0.877825  
0.87461  0.907473  
0.834097  0.934011  
0.773993  0.922694  
0.761861  0.942882  
0.773993  0.922694  
0.834097  0.934011  
0.821208  0.972339  
0.788289  0.987252  
0.788289  0.987252  
0.821208  0.972339  
0.854333  0.991697  
0.854333  1  
0.785664  1  
0.848948  0  
0.892228  0  
0.892228  0.0146212  
0.848948  0.0177357  
0.835551  0.0310498  
0.848948  0.0177357  
0.892228  0.0146212  
0.911168  0.0453231  
0.871531  0.072107  
0.831919  0.0429665  
0.871531  0.072107  
0.911168  0.0453231  
0.953893  0.0520546  
0.953588  0.064922  
0.870442  0.124036  
0.863553  0.119706  
0.831421  0.127963  
0.863553  0.119706  
0.870442  0.124036  
0.888911  0.139274  
0.882412  0.227207  
0.841659  0.231317  
0.816615  0.21378  
0.841659  0.231317  
0.882412  0.227207  
0.901551  0.235374  
0.923685  0.276435  
0.870131  0.326899  
0.845425  0.319489  
0.824837  0.300878  
0.82527  0.28918  
0.870131  0.326899  
0.923685  0.276435  
0.939078  0.285482  
0.962085  0.323063  
0.962759  0.324383  
0.947058  0.367615  
0.943664  0.375431  
0.888155  0.367975  
0.845425  0.319489  
0.870131  0.326899  
0.888155  0.367975  
0.850009  0.406129  
0.821895  0.375734  
0.827732  0.439486  
0.849071  0.415857  
0.925186  0.457136  
0.924142  0.460353  
0.840317  0.478991  
0.840156  0.485585  
0.840317  0.478991  
0.924142  0.460353  
0.922112  0.480144  
0.847201  0.540702  
0.922112  0.480144  
0.958066  0.543178  
0.961191  0.565517  
0.845939  0.544554  
0.847201  0.540702  
0.80652  0.648708  
0.839332  0.616088  
0.912336  0.681248  
0.825722  0.71033  
0.824389  0.710042  
0.825722  0.71033  
0.912336  0.681248  
0.914961  0.68167  
0.914571  0.740356  
0.873515  0.772672  
0.85432  0.767251  
0.873515  0.772672  
0.914571  0.740356  
0.926529  0.753684  
0.953151  0.805352  
0.948439  0.817669  
0.880273  0.80231  
0.821633  0.789659  
0.85432  0.767251  
0.873515  0.772672  
0.880273  0.80231  
0.846975  0.859935  
0.843332  0.858679  
0.827135  0.814369  
0.948756  0.824145  
0.966141  0.852738  
0.953276  0.881961  
0.891094  0.920525  
0.87461  0.907473  
0.863995  0.877825  
0.834097  0.934011  
0.87461  0.907473  
0.891094  0.920525  
0.902236  0.943591  
0.885728  0.962876  
0.854333  0.991697  
0.821208  0.972339  
0.885728  0.962876  
0.885728  1  
0.854333  1  
0.854333  0.991697  
0.892228  0.0146212  
0.892228  0  
0.960125  0  
0.960125  0.00379284  
0.955679  0.0505307  
0.953893  0.0520546  
0.911168  0.0453231  
0.953588  0.064922  
0.955647  0.0876806  
0.91979  0.137752  
0.888911  0.139274  
0.870442  0.124036  
0.888911  0.139274  
0.91979  0.137752  
0.96834  0.183451  
0.968569  0.184029  
0.901551  0.235374  
0.882412  0.227207  
0.955647  0.0876806  
0.982356  0.117575  
0.96834  0.183451  
0.91979  0.137752  
0.901551  0.235374  
0.968569  0.184029  
1  0.195912  
1  0.243136  
0.939078  0.285482  
0.923685  0.276435  
1  0.243136  
1  0.277938  
0.962085  0.323063  
0.939078  0.285482  
0.850009  0.406129  
0.888155  0.367975  
0.943664  0.375431  
0.944127  0.376673  
0.954219  0.415641  
0.944157  0.441322  
0.925186  0.457136  
0.849071  0.415857  
0.968818  0.459517  
1  0.468278  
1  0.497157  
0.983728  0.50302  
0.924142  0.460353  
0.925186  0.457136  
0.944157  0.441322  
0.968818  0.459517  
0.983728  0.50302  
0.958066  0.543178  
0.922112  0.480144  
0.839332  0.616088  
0.840129  0.578795  
0.956892  0.624312  
0.928084  0.673746  
0.914961  0.68167  
0.912336  0.681248  
0.8343  0.556209  
0.845939  0.544554  
0.961191  0.565517  
0.983091  0.596526  
0.956892  0.624312  
0.840129  0.578795  
0.914961  0.68167  
0.928084  0.673746  
0.945999  0.685651  
0.956927  0.694689  
1  0.736388  
1  0.737051  
0.995466  0.741654  
0.926529  0.753684  
0.914571  0.740356  
0.926529  0.753684  
0.995466  0.741654  
0.965154  0.798967  
0.953151  0.805352  
0.880273  0.80231  
0.948439  0.817669  
0.948756  0.824145  
0.863995  0.877825  
0.846975  0.859935  
0.891094  0.920525  
0.953276  0.881961  
0.984316  0.931827  
0.941726  0.971955  
0.902236  0.943591  
0.953276  0.881961  
0.966141  0.852738  
1  0.860782  
1  0.927997  
0.984316  0.931827  
0.885728  0.962876  
0.902236  0.943591  
0.941726  0.971955  
0.945105  0.982642  
0.945105  1  
0.885728  1  
0.960125  0  
1  0  
1  0.00379284  
0.960125  0.00379284  
0.960125  0.00379284  
1  0.00379284  
1  0.0505307  
0.955679  0.0505307  
0.953588  0.064922  
0.953893  0.0520546  
0.955679  0.0505307  
1  0.0505307  
1  0.117575  
0.982356  0.117575  
0.955647  0.0876806  
0.982356  0.117575  
1  0.117575  
1  0.195912  
0.968569  0.184029  
0.96834  0.183451  
1  0.277938  
1  0.324383  
0.962759  0.324383  
0.962085  0.323063  
0.962759  0.324383  
1  0.324383  
1  0.367615  
0.947058  0.367615  
0.947058  0.367615  
1  0.367615  
1  0.376673  
0.944127  0.376673  
0.943664  0.375431  
0.944127  0.376673  
1  0.376673  
1  0.415641  
0.954219  0.415641  
0.954219  0.415641  
1  0.415641  
1  0.468278  
0.968818  0.459517  
0.944157  0.441322  
0.958066  0.543178  
0.983728  0.50302  
1  0.497157  
1  0.596526  
0.983091  0.596526  
0.961191  0.565517  
0.956892  0.624312  
0.983091  0.596526  
1  0.596526  
1  0.685651  
0.945999  0.685651  
0.928084  0.673746  
0.945999  0.685651  
1  0.685651  
1  0.694689  
0.956927  0.694689  
0.956927  0.694689  
1  0.694689  
1  0.736388  
0.995466  0.741654  
1  0.737051  
1  0.798967  
0.965154  0.798967  
0.948439  0.817669  
0.953151  0.805352  
0.965154  0.798967  
1  0.798967  
1  0.860782  
0.966141  0.852738  
0.948756  0.824145  
0.984316  0.931827  
1  0.927997  
1  0.982642  
0.945105  0.982642  
0.941726  0.971955  
0.945105  0.982642  
1  0.982642  
1  1  
0.945105  1  
# grid vertices 
661
0.155003 0.0935468 
0.514184 0.24511 
0.162403 0.0930725 
0.0389498 0.1967 
0.0788096 0.454269 
0.201787 0.86172 
0.740231 0.150908 
0.396282 0.702191 
0.131887 0.258611 
0.0495635 0.810925 
0.230514 0.818605 
0.0706268 0.953082 
0.39026 0.441823 
0.479588 0.41654 
0.273745 0.711444 
0.523194 0.14637 
0.597219 0.575503 
0.652584 0.744064 
0.794654 0.318014 
0.659659 0.803517 
0.956927 0.694689 
0.538887 0.949151 
0.227409 0.0555135 
0.824837 0.300878 
0.264909 0.0576344 
0.537552 0.169527 
0.888155 0.367975 
0.745402 0.692154 
0.0984648 0.0342314 
0.244268 0.338262 
0.609168 0.136087 
0.268633 0.168556 
0.366897 0.340339 
0.236636 0.0527667 
0.197877 0.135303 
0.491942 0.291234 
0.302848 0.211173 
0.667344 0.309424 
0.420426 0.205867 
0.412904 0.527504 
0.26959 0.711854 
0.636459 0.280212 
0.404431 0.213628 
0.508276 0.69312 
0.426024 0.581766 
0.114956 0.128065 
0.114376 0.517499 
0.339662 0.641654 
0.275479 0.208363 
0.250925 0.481076 
0.600549 0.435916 
0.184876 0.540879 
0.0430248 0.638029 
0.0370852 0.65832 
0.197953 0.865094 
0.042608 0.713703 
0.114229 0.72424 
0.262262 0.913787 
0.0714019 0.847657 
0.108233 0.686743 
0.262256 0.605886 
0.0994248 0.71332 
0.194813 0.646118 
0.255294 0.76439 
0.42534 0.830422 
0.341656 0.939925 
0.345978 0.880091 
0.43108 0.736942 
0.643176 0.733903 
0.219333 0.783729 
0.176901 0.70231 
0.384759 0.688424 
0.223475 0.623369 
0.332685 0.681427 
0.353845 0.66323 
0.529293 0.617096 
0.5858 0.638921 
0.489364 0.664554 
0.60021 0.62672 
0.560048 0.713438 
0.995466 0.741654 
0.645286 0.711392 
0.698953 0.581845 
0.54333 0.806381 
0.0937798 0.958767 
0.553014 0.879259 
0.161345 0.947774 
0.666953 0.7843 
0.712611 0.955472 
0.784768 0.866137 
0.69012 0.96584 
0.782253 0.772982 
0.738331 0.607461 
1.13951 0.893929 
0.114443 1.0493 
0.8343 0.556209 
0.824389 0.710042 
0.763886 0.797743 
0.805448 0.719244 
0.839332 0.616088 
0.825722 0.71033 
0.914961 0.68167 
0.621611 0.541214 
0.521896 0.141723 
0.962759 0.324383 
0.781609 0.202174 
0.943664 0.375431 
0.700733 0.496608 
0.479749 0.646949 
0.426403 0.364885 
0.539815 0.536717 
0.47887 0.29135 
0.525693 0.529866 
0.712222 0.348493 
0.609705 0.478153 
0.600825 0.605263 
0.628 0.233307 
0.537845 0.226458 
0.570409 0.28651 
0.623891 0.203523 
0.736098 0.057028 
0.134937 0.0208067 
0.841659 0.231317 
0.755178 0.271877 
0.811804 0.213569 
0.363993 0.0659736 
0.96834 0.183451 
0.771555 0.098968 
0.0452933 0.0361042 
0.0362209 0.0142643 
0.0782501 0.120006 
0.0447549 0.0359343 
-0.0250049 0.0978602 
0.0281829 0.181704 
0.112832 0.147266 
0.0246651 0.12491 
0.082432 0.178839 
0.0616447 0.270345 
0.217268 0.300543 
0.0914467 0.257291 
0.26861 0.142899 
0.202668 0.179793 
0.124573 0.0526659 
0.177945 -0.0489711 
0.173455 -0.0181383 
0.180403 0.0774072 
0.373571 0.0173651 
0.431815 0.181136 
0.323577 0.144472 
0.309224 0.0225127 
0.428513 0.110903 
0.55255 0.106677 
0.351201 0.0427568 
0.45377 0.0400659 
0.445705 0.0138803 
0.629624 0.061884 
0.621241 0.0449172 
0.350059 0.119958 
0.426653 0.0708857 
0.378373 0.183871 
0.420718 0.123392 
0.520406 0.141807 
0.480238 0.213632 
0.275617 0.136021 
0.343874 0.271489 
0.277664 0.0832141 
0.347639 0.102188 
0.32289 0.191708 
0.380958 0.193222 
0.344945 0.130117 
0.396192 0.12836 
0.294886 0.290804 
0.264803 0.239881 
0.349807 0.273002 
0.366329 0.303129 
0.264529 0.351012 
0.272975 0.358743 
0.249454 0.33885 
0.457389 0.294429 
0.373315 0.313876 
0.411074 0.213093 
0.467331 0.214789 
0.463672 0.50283 
0.314242 0.442658 
0.482497 0.400817 
0.354773 0.621359 
0.446509 0.355688 
0.442345 0.309386 
0.355537 0.366314 
0.0785601 0.504113 
0.40151 0.417694 
0.329604 0.633882 
0.329116 0.426998 
0.410704 0.562591 
0.340175 0.372794 
0.393977 0.401515 
0.0937232 0.256922 
0.170967 0.353994 
0.167159 0.627641 
0.173773 0.354415 
0.225444 0.513831 
0.127421 0.180092 
0.220269 0.332287 
0.143611 0.194632 
0.201458 0.212551 
0.126492 0.262152 
0.19206 0.240373 
0.199663 0.214304 
0.266547 0.21468 
-0.0211747 0.216253 
0.0463655 0.249386 
0.0282044 0.350127 
0.0350246 0.193186 
0.0433121 0.24114 
0.0401818 0.414443 
0.0402352 0.414492 
0.0146877 0.323085 
0.130876 0.365236 
0.0549248 0.289105 
0.132801 0.363436 
0.0561338 0.419383 
0.118693 0.37077 
0.00910632 0.619505 
0.123121 0.439844 
0.022167 0.481765 
0.0159467 0.460693 
0.191325 0.441224 
0.132521 0.509809 
0.153599 0.458484 
0.232347 0.466329 
0.130955 0.512341 
0.279564 0.458793 
0.173015 0.495168 
0.206497 0.451894 
0.0569198 0.583171 
0.162748 0.627082 
0.0641495 0.622008 
0.0637183 0.511365 
0.218832 0.524048 
0.274016 0.584243 
-0.098954 0.535613 
0.0191336 0.550147 
0.116573 0.564203 
0.0343259 0.548055 
0.0409494 0.768167 
0.088809 0.663433 
0.144898 0.619312 
0.0857139 0.626422 
0.0417779 0.713817 
0.161737 0.79567 
0.0232604 0.734676 
0.0621265 0.835142 
0.121033 0.762037 
0.0521893 0.874777 
0.038203 0.995169 
-0.0349967 0.952217 
0.140716 0.939888 
0.0480374 0.916324 
0.418234 0.939966 
0.352888 0.955886 
0.182893 0.9578 
0.240713 0.952076 
0.0856975 0.846842 
0.144059 0.796522 
0.166514 0.948295 
0.123527 0.881593 
0.173519 0.801181 
0.181305 0.71945 
0.218978 0.86575 
0.259119 0.763794 
0.226451 0.868261 
0.2701 0.821177 
0.303733 0.903694 
0.323697 0.724976 
0.398301 0.830518 
0.332743 0.798989 
0.247436 0.947295 
0.35825 1.09058 
0.284137 0.975823 
0.298832 0.902173 
0.343443 0.980317 
0.628291 0.928342 
0.411419 0.939325 
0.481359 0.986025 
0.372555 0.879363 
0.418771 0.960948 
0.435417 0.931491 
0.37363 0.882966 
0.489868 0.946858 
0.395339 0.84296 
0.462582 0.925965 
0.433977 0.99688 
0.452885 0.759464 
0.357604 0.79035 
0.412055 0.689431 
0.435451 0.59013 
0.513621 0.78197 
0.475719 0.84934 
0.260069 0.69362 
0.195378 0.647909 
0.292507 0.657632 
0.26114 0.606802 
0.307257 0.803256 
0.293936 0.798798 
0.398311 0.724429 
0.370417 0.758184 
0.264503 0.480195 
0.227009 0.543901 
0.344033 0.642495 
0.293633 0.567137 
0.391999 0.497732 
0.303442 0.552307 
0.390144 0.490313 
0.275708 0.491561 
0.302964 0.553634 
0.408071 0.543205 
0.444924 0.613617 
0.498927 0.586834 
0.493883 0.667352 
0.505615 0.600358 
0.533092 0.626035 
0.559035 0.554898 
0.651328 0.534277 
0.697734 0.582155 
0.597657 0.576493 
0.684932 0.57599 
0.669954 0.507575 
0.747141 0.60747 
0.725962 0.507248 
0.847201 0.540702 
0.804191 0.552638 
0.80652 0.648708 
0.715268 0.673885 
0.743743 0.692556 
0.710565 0.665272 
0.779177 0.645672 
0.781568 0.764648 
0.729159 0.734511 
0.588671 0.87276 
0.543958 0.719367 
0.666792 0.771362 
0.553044 0.716794 
0.613631 0.633521 
0.665768 0.638861 
0.675648 0.653564 
0.687338 0.595744 
0.55486 0.877885 
0.590564 0.787725 
0.606456 0.871837 
0.546163 0.810138 
0.627547 0.834977 
0.561199 0.816761 
0.537686 0.949696 
0.478112 0.857711 
0.514649 0.788674 
0.606827 0.960347 
0.625705 0.945772 
0.656973 0.958732 
0.771553 1.06852 
0.774343 0.877648 
0.788289 0.987252 
0.696574 0.864373 
0.712582 0.955505 
0.679303 0.893837 
0.724085 0.948529 
0.688855 0.846539 
0.659374 0.806292 
0.716183 0.87456 
0.766988 0.823125 
0.863995 0.877825 
0.761861 0.942882 
0.773993 0.922694 
0.834097 0.934011 
0.827135 0.814369 
0.821208 0.972339 
0.854333 0.991697 
0.87461 0.907473 
0.902236 0.943591 
0.885728 0.962876 
0.945105 0.982642 
0.941726 0.971955 
0.843332 0.858679 
0.953151 0.805352 
0.891094 0.920525 
0.948439 0.817669 
0.948756 0.824145 
0.984316 0.931827 
0.953276 0.881961 
0.966141 0.852738 
0.873515 0.772672 
1.00033 0.736712 
0.958066 0.543178 
0.965154 0.798967 
0.821633 0.789659 
0.766517 0.814388 
0.85432 0.767251 
0.846975 0.859935 
0.912336 0.681248 
0.926529 0.753684 
0.880273 0.80231 
0.914571 0.740356 
0.840129 0.578795 
0.928084 0.673746 
0.845939 0.544554 
0.956892 0.624312 
0.924142 0.460353 
0.961191 0.565517 
0.922112 0.480144 
0.983728 0.50302 
0.954219 0.415641 
0.945999 0.685651 
1.04504 0.480932 
0.983091 0.596526 
0.721375 0.428758 
0.944157 0.441322 
0.968818 0.459517 
1.04401 0.212549 
0.816615 0.21378 
0.962085 0.323063 
0.939078 0.285482 
0.944127 0.376673 
0.947058 0.367615 
0.82527 0.28918 
0.850009 0.406129 
0.817476 0.374563 
0.845425 0.319489 
0.923685 0.276435 
0.870131 0.326899 
0.750384 0.385117 
0.821895 0.375734 
0.849071 0.415857 
0.745721 0.501895 
0.827732 0.439486 
0.840156 0.485585 
0.925186 0.457136 
0.840317 0.478991 
0.753045 0.400244 
0.745781 0.501763 
0.621293 0.399684 
0.774644 0.425302 
0.785294 0.441204 
0.756553 0.487845 
0.518426 0.438354 
0.534753 0.536066 
0.60028 0.445042 
0.485184 0.430313 
0.531657 0.47521 
0.589326 0.472175 
0.598781 0.461986 
0.694169 0.498449 
0.528285 0.355761 
0.563307 0.357681 
0.50073 0.282861 
0.54261 0.195535 
0.629797 0.396519 
0.576985 0.292341 
0.621955 0.224347 
0.727716 0.255038 
0.673058 0.431665 
0.674137 0.341596 
0.76375 0.267871 
0.713255 0.255042 
0.760547 0.312102 
0.794289 0.364339 
0.650144 0.15739 
0.709201 0.201914 
0.782467 0.0617831 
0.725607 0.155332 
0.698086 0.218528 
0.755791 0.219748 
0.62145 0.221195 
0.565658 0.244894 
0.527646 0.129975 
0.589449 0.176608 
0.677643 0.0816108 
0.68212 0.143104 
0.647606 0.167217 
0.696541 0.218207 
0.482919 0.0492654 
0.551682 0.0214607 
0.626813 0.0584151 
0.546248 0.0163799 
0.625128 0.0497528 
0.623639 0.134784 
0.543323 0.120813 
0.650952 0.0311883 
0.698946 -0.000995422 
0.756102 0.0641506 
0.848948 0.0177357 
0.789807 -0.0998617 
0.831919 0.0429665 
0.808474 -0.0128587 
0.953588 0.064922 
0.765439 0.0720482 
0.882412 0.227207 
0.835551 0.0310498 
0.863553 0.119706 
0.831421 0.127963 
0.901551 0.235374 
0.892228 0.0146212 
0.871531 0.072107 
0.888911 0.139274 
0.982356 0.117575 
0.91979 0.137752 
0.955647 0.0876806 
1.05453 0.213036 
0.968569 0.184029 
0.911168 0.0453231 
0.870442 0.124036 
0.953893 0.0520546 
0.955679 0.0505307 
0.960125 0.00379284 
0.0362209 -2.07154 
-2.04958 0.0142643 
-2.10054 0.0978602 
-1.95517 0.181704 
-2.0288 0.216253 
-1.88611 0.249386 
-1.91608 0.323085 
-1.84174 0.414443 
-1.88391 0.460693 
-2.11318 0.535613 
-1.91034 0.619505 
-1.86637 0.65832 
-1.92232 0.734676 
-1.9035 0.835142 
-1.91198 0.810925 
-1.94597 0.874777 
-2.14973 0.952217 
0.0984648 -1.99494 
0.038203 3.08647 
0.134937 -1.99582 
0.114443 3.13461 
0.177945 -2.09965 
0.182893 2.92891 
0.236636 -1.88046 
0.284137 2.91253 
0.309224 -1.90589 
0.240713 2.88744 
0.373571 -1.89577 
0.35825 3.11215 
0.445705 -1.88948 
0.433977 2.91234 
0.546248 -1.88366 
0.481359 2.88662 
0.621241 -1.84025 
0.537686 2.81518 
0.650952 -1.87554 
0.656973 2.85779 
0.698946 -1.95426 
0.606827 2.84714 
0.789807 -2.18027 
0.69012 2.8832 
0.848948 -1.99175 
0.771553 3.11277 
0.892228 -2.02364 
0.854333 3.01198 
0.960125 -2.08713 
0.885728 2.97962 
3.05105 0.00379284 
3.00994 0.0505307 
3.01213 0.117575 
3.09313 0.213036 
2.87194 0.324383 
2.82752 0.367615 
2.81927 0.376673 
2.83042 0.415641 
3.00462 0.480932 
2.88994 0.596526 
2.84331 0.685651 
2.86781 0.694689 
2.96805 0.736712 
2.93231 0.798967 
3.30483 0.893929 
3.01587 0.982642 
0.945105 3.05341 
0.0362209 0 
0 0 
0 0.0142643 
0 0.0756633 
0 0.111478 
0 0.181704 
0 0.207562 
0 0.224425 
0 0.249386 
0 0.323085 
0 0.414443 
0 0.460693 
0 0.49162 
0 0.547792 
0 0.619505 
0 0.65832 
0 0.734676 
0 0.810925 
0 0.835142 
0 0.874777 
0 0.937089 
0 0.972752 
0 1 
0.038203 1 
0.0984648 0 
0.103191 1 
0.134937 0 
0.137217 1 
0.182893 1 
0.155515 0 
0.174774 0 
0.240713 1 
0.236636 0 
0.201129 0 
0.284137 1 
0.346086 1 
0.309224 0 
0.373571 0 
0.400539 1 
0.433977 1 
0.445705 0 
0.481359 1 
0.546248 0 
0.537686 1 
0.621241 0 
0.606827 1 
0.650952 0 
0.699584 0 
0.697462 0 
0.656973 1 
0.69012 1 
0.769285 0 
0.803994 0 
0.7358 1 
0.785664 1 
0.848948 0 
0.816403 0 
0.854333 1 
0.892228 0 
0.885728 1 
0.960125 0 
1 0.243136 
1 0.195912 
1 0.277938 
1 0.497157 
1 0.468278 
1 0.737051 
1 0.736388 
1 0.927997 
1 0.860782 
1 0.982642 
1 1 
1 0 
1 0.00379284 
1 0.0505307 
1 0.117575 
1 0.324383 
1 0.367615 
1 0.376673 
1 0.415641 
1 0.596526 
1 0.685651 
1 0.694689 
1 0.798967 
0.945105 1 
