# Date: 7/8/2013   Time: 8:18
# dimensions 
100 100 
# connectivity 
900
4 1 2 3 4 1 1 
4 5 6 7 8 1 1 
4 9 10 11 12 1 1 
4 13 14 15 16 1 1 
4 17 18 19 20 1 1 
4 21 22 23 24 1 1 
4 25 26 27 28 1 1 
4 29 30 31 32 1 1 
4 33 34 35 36 1 1 
4 37 38 39 40 1 1 
4 41 42 43 44 1 1 
4 45 46 47 48 1 1 
4 49 50 51 52 1 1 
4 53 54 55 56 1 1 
4 57 58 59 60 1 1 
4 61 62 63 64 1 1 
4 65 66 67 68 1 1 
4 69 70 71 72 1 1 
4 73 74 75 76 1 1 
4 77 78 79 80 1 1 
4 81 82 83 84 1 1 
4 85 86 87 88 1 1 
4 89 90 91 92 1 1 
4 93 94 95 96 1 1 
4 97 98 99 100 1 1 
4 101 102 103 104 1 1 
4 105 106 107 108 1 1 
4 109 110 111 112 1 1 
4 113 114 115 116 1 1 
4 117 118 119 120 1 1 
4 121 122 123 124 1 1 
4 125 126 127 128 1 1 
4 129 130 131 132 1 1 
4 133 134 135 136 1 1 
4 137 138 139 140 1 1 
4 141 142 143 144 1 1 
4 145 146 147 148 1 1 
4 149 150 151 152 1 1 
4 153 154 155 156 1 1 
4 157 158 159 160 1 1 
4 161 162 163 164 1 1 
4 165 166 167 168 1 1 
4 169 170 171 172 1 1 
4 173 174 175 176 1 1 
4 177 178 179 180 1 1 
4 181 182 183 184 1 1 
4 185 186 187 188 1 1 
4 189 190 191 192 1 1 
4 193 194 195 196 1 1 
4 197 198 199 200 1 1 
4 201 202 203 204 1 1 
4 205 206 207 208 1 1 
4 209 210 211 212 1 1 
4 213 214 215 216 1 1 
4 217 218 219 220 1 1 
4 221 222 223 224 1 1 
4 225 226 227 228 1 1 
4 229 230 231 232 1 1 
4 233 234 235 236 1 1 
4 237 238 239 240 1 1 
4 241 242 243 244 1 1 
4 245 246 247 248 1 1 
4 249 250 251 252 1 1 
4 253 254 255 256 1 1 
4 257 258 259 260 1 1 
4 261 262 263 264 1 1 
4 265 266 267 268 1 1 
4 269 270 271 272 1 1 
4 273 274 275 276 1 1 
4 277 278 279 280 1 1 
4 281 282 283 284 1 1 
4 285 286 287 288 1 1 
4 289 290 291 292 1 1 
4 293 294 295 296 1 1 
4 297 298 299 300 1 1 
4 301 302 303 304 1 1 
4 305 306 307 308 1 1 
4 309 310 311 312 1 1 
4 313 314 315 316 1 1 
4 317 318 319 320 1 1 
4 321 322 323 324 1 1 
4 325 326 327 328 1 1 
4 329 330 331 332 1 1 
4 333 334 335 336 1 1 
4 337 338 339 340 1 1 
4 341 342 343 344 1 1 
4 345 346 347 348 1 1 
4 349 350 351 352 1 1 
4 353 354 355 356 1 1 
4 357 358 359 360 1 1 
4 361 362 363 364 1 1 
4 365 366 367 368 1 1 
4 369 370 371 372 1 1 
4 373 374 375 376 1 1 
4 377 378 379 380 1 1 
4 381 382 383 384 1 1 
4 385 386 387 388 1 1 
4 389 390 391 392 1 1 
4 393 394 395 396 1 1 
4 397 398 399 400 1 1 
4 401 402 403 404 1 1 
4 405 406 407 408 1 1 
4 409 410 411 412 1 1 
4 413 414 415 416 1 1 
4 417 418 419 420 1 1 
4 421 422 423 424 1 1 
4 425 426 427 428 1 1 
4 429 430 431 432 1 1 
4 433 434 435 436 1 1 
4 437 438 439 440 1 1 
4 441 442 443 444 1 1 
4 445 446 447 448 1 1 
4 449 450 451 452 1 1 
4 453 454 455 456 1 1 
4 457 458 459 460 1 1 
4 461 462 463 464 1 1 
4 465 466 467 468 1 1 
4 469 470 471 472 1 1 
4 473 474 475 476 1 1 
4 477 478 479 480 1 1 
4 481 482 483 484 1 1 
4 485 486 487 488 1 1 
4 489 490 491 492 1 1 
4 493 494 495 496 1 1 
4 497 498 499 500 1 1 
4 501 502 503 504 1 1 
4 505 506 507 508 1 1 
4 509 510 511 512 1 1 
4 513 514 515 516 1 1 
4 517 518 519 520 1 1 
4 521 522 523 524 1 1 
4 525 526 527 528 1 1 
4 529 530 531 532 1 1 
4 533 534 535 536 1 1 
4 537 538 539 540 1 1 
4 541 542 543 544 1 1 
4 545 546 547 548 1 1 
4 549 550 551 552 1 1 
4 553 554 555 556 1 1 
4 557 558 559 560 1 1 
4 561 562 563 564 1 1 
4 565 566 567 568 1 1 
4 569 570 571 572 1 1 
4 573 574 575 576 1 1 
4 577 578 579 580 1 1 
4 581 582 583 584 1 1 
4 585 586 587 588 1 1 
4 589 590 591 592 1 1 
4 593 594 595 596 1 1 
4 597 598 599 600 1 1 
4 601 602 603 604 1 1 
4 605 606 607 608 1 1 
4 609 610 611 612 1 1 
4 613 614 615 616 1 1 
4 617 618 619 620 1 1 
4 621 622 623 624 1 1 
4 625 626 627 628 1 1 
4 629 630 631 632 1 1 
4 633 634 635 636 1 1 
4 637 638 639 640 1 1 
4 641 642 643 644 1 1 
4 645 646 647 648 1 1 
4 649 650 651 652 1 1 
4 653 654 655 656 1 1 
4 657 658 659 660 1 1 
4 661 662 663 664 1 1 
4 665 666 667 668 1 1 
4 669 670 671 672 1 1 
4 673 674 675 676 1 1 
4 677 678 679 680 1 1 
4 681 682 683 684 1 1 
4 685 686 687 688 1 1 
4 689 690 691 692 1 1 
4 693 694 695 696 1 1 
4 697 698 699 700 1 1 
4 701 702 703 704 1 1 
4 705 706 707 708 1 1 
4 709 710 711 712 1 1 
4 713 714 715 716 1 1 
4 717 718 719 720 1 1 
4 721 722 723 724 1 1 
4 725 726 727 728 1 1 
4 729 730 731 732 1 1 
4 733 734 735 736 1 1 
4 737 738 739 740 1 1 
4 741 742 743 744 1 1 
4 745 746 747 748 1 1 
4 749 750 751 752 1 1 
4 753 754 755 756 1 1 
4 757 758 759 760 1 1 
4 761 762 763 764 1 1 
4 765 766 767 768 1 1 
4 769 770 771 772 1 1 
4 773 774 775 776 1 1 
4 777 778 779 780 1 1 
4 781 782 783 784 1 1 
4 785 786 787 788 1 1 
4 789 790 791 792 1 1 
4 793 794 795 796 1 1 
4 797 798 799 800 1 1 
4 801 802 803 804 1 1 
4 805 806 807 808 1 1 
4 809 810 811 812 1 1 
4 813 814 815 816 1 1 
4 817 818 819 820 1 1 
4 821 822 823 824 1 1 
4 825 826 827 828 1 1 
4 829 830 831 832 1 1 
4 833 834 835 836 1 1 
4 837 838 839 840 1 1 
4 841 842 843 844 1 1 
4 845 846 847 848 1 1 
4 849 850 851 852 1 1 
4 853 854 855 856 1 1 
4 857 858 859 860 1 1 
4 861 862 863 864 1 1 
4 865 866 867 868 1 1 
4 869 870 871 872 1 1 
4 873 874 875 876 1 1 
4 877 878 879 880 1 1 
4 881 882 883 884 1 1 
4 885 886 887 888 1 1 
4 889 890 891 892 1 1 
4 893 894 895 896 1 1 
4 897 898 899 900 1 1 
4 901 902 903 904 1 1 
4 905 906 907 908 1 1 
4 909 910 911 912 1 1 
4 913 914 915 916 1 1 
4 917 918 919 920 1 1 
4 921 922 923 924 1 1 
4 925 926 927 928 1 1 
4 929 930 931 932 1 1 
4 933 934 935 936 1 1 
4 937 938 939 940 1 1 
4 941 942 943 944 1 1 
4 945 946 947 948 1 1 
4 949 950 951 952 1 1 
4 953 954 955 956 1 1 
4 957 958 959 960 1 1 
4 961 962 963 964 1 1 
4 965 966 967 968 1 1 
4 969 970 971 972 1 1 
4 973 974 975 976 1 1 
4 977 978 979 980 1 1 
4 981 982 983 984 1 1 
4 985 986 987 988 1 1 
4 989 990 991 992 1 1 
4 993 994 995 996 1 1 
4 997 998 999 1000 1 1 
4 1001 1002 1003 1004 1 1 
4 1005 1006 1007 1008 1 1 
4 1009 1010 1011 1012 1 1 
4 1013 1014 1015 1016 1 1 
4 1017 1018 1019 1020 1 1 
4 1021 1022 1023 1024 1 1 
4 1025 1026 1027 1028 1 1 
4 1029 1030 1031 1032 1 1 
4 1033 1034 1035 1036 1 1 
4 1037 1038 1039 1040 1 1 
4 1041 1042 1043 1044 1 1 
4 1045 1046 1047 1048 1 1 
4 1049 1050 1051 1052 1 1 
4 1053 1054 1055 1056 1 1 
4 1057 1058 1059 1060 1 1 
4 1061 1062 1063 1064 1 1 
4 1065 1066 1067 1068 1 1 
4 1069 1070 1071 1072 1 1 
4 1073 1074 1075 1076 1 1 
4 1077 1078 1079 1080 1 1 
4 1081 1082 1083 1084 1 1 
4 1085 1086 1087 1088 1 1 
4 1089 1090 1091 1092 1 1 
4 1093 1094 1095 1096 1 1 
4 1097 1098 1099 1100 1 1 
4 1101 1102 1103 1104 1 1 
4 1105 1106 1107 1108 1 1 
4 1109 1110 1111 1112 1 1 
4 1113 1114 1115 1116 1 1 
4 1117 1118 1119 1120 1 1 
4 1121 1122 1123 1124 1 1 
4 1125 1126 1127 1128 1 1 
4 1129 1130 1131 1132 1 1 
4 1133 1134 1135 1136 1 1 
4 1137 1138 1139 1140 1 1 
4 1141 1142 1143 1144 1 1 
4 1145 1146 1147 1148 1 1 
4 1149 1150 1151 1152 1 1 
4 1153 1154 1155 1156 1 1 
4 1157 1158 1159 1160 1 1 
4 1161 1162 1163 1164 1 1 
4 1165 1166 1167 1168 1 1 
4 1169 1170 1171 1172 1 1 
4 1173 1174 1175 1176 1 1 
4 1177 1178 1179 1180 1 1 
4 1181 1182 1183 1184 1 1 
4 1185 1186 1187 1188 1 1 
4 1189 1190 1191 1192 1 1 
4 1193 1194 1195 1196 1 1 
4 1197 1198 1199 1200 1 1 
4 1201 1202 1203 1204 1 1 
4 1205 1206 1207 1208 1 1 
4 1209 1210 1211 1212 1 1 
4 1213 1214 1215 1216 1 1 
4 1217 1218 1219 1220 1 1 
4 1221 1222 1223 1224 1 1 
4 1225 1226 1227 1228 1 1 
4 1229 1230 1231 1232 1 1 
4 1233 1234 1235 1236 1 1 
4 1237 1238 1239 1240 1 1 
4 1241 1242 1243 1244 1 1 
4 1245 1246 1247 1248 1 1 
4 1249 1250 1251 1252 1 1 
4 1253 1254 1255 1256 1 1 
4 1257 1258 1259 1260 1 1 
4 1261 1262 1263 1264 1 1 
4 1265 1266 1267 1268 1 1 
4 1269 1270 1271 1272 1 1 
4 1273 1274 1275 1276 1 1 
4 1277 1278 1279 1280 1 1 
4 1281 1282 1283 1284 1 1 
4 1285 1286 1287 1288 1 1 
4 1289 1290 1291 1292 1 1 
4 1293 1294 1295 1296 1 1 
4 1297 1298 1299 1300 1 1 
4 1301 1302 1303 1304 1 1 
4 1305 1306 1307 1308 1 1 
4 1309 1310 1311 1312 1 1 
4 1313 1314 1315 1316 1 1 
4 1317 1318 1319 1320 1 1 
4 1321 1322 1323 1324 1 1 
4 1325 1326 1327 1328 1 1 
4 1329 1330 1331 1332 1 1 
4 1333 1334 1335 1336 1 1 
4 1337 1338 1339 1340 1 1 
4 1341 1342 1343 1344 1 1 
4 1345 1346 1347 1348 1 1 
4 1349 1350 1351 1352 1 1 
4 1353 1354 1355 1356 1 1 
4 1357 1358 1359 1360 1 1 
4 1361 1362 1363 1364 1 1 
4 1365 1366 1367 1368 1 1 
4 1369 1370 1371 1372 1 1 
4 1373 1374 1375 1376 1 1 
4 1377 1378 1379 1380 1 1 
4 1381 1382 1383 1384 1 1 
4 1385 1386 1387 1388 1 1 
4 1389 1390 1391 1392 1 1 
4 1393 1394 1395 1396 1 1 
4 1397 1398 1399 1400 1 1 
4 1401 1402 1403 1404 1 1 
4 1405 1406 1407 1408 1 1 
4 1409 1410 1411 1412 1 1 
4 1413 1414 1415 1416 1 1 
4 1417 1418 1419 1420 1 1 
4 1421 1422 1423 1424 1 1 
4 1425 1426 1427 1428 1 1 
4 1429 1430 1431 1432 1 1 
4 1433 1434 1435 1436 1 1 
4 1437 1438 1439 1440 1 1 
4 1441 1442 1443 1444 1 1 
4 1445 1446 1447 1448 1 1 
4 1449 1450 1451 1452 1 1 
4 1453 1454 1455 1456 1 1 
4 1457 1458 1459 1460 1 1 
4 1461 1462 1463 1464 1 1 
4 1465 1466 1467 1468 1 1 
4 1469 1470 1471 1472 1 1 
4 1473 1474 1475 1476 1 1 
4 1477 1478 1479 1480 1 1 
4 1481 1482 1483 1484 1 1 
4 1485 1486 1487 1488 1 1 
4 1489 1490 1491 1492 1 1 
4 1493 1494 1495 1496 1 1 
4 1497 1498 1499 1500 1 1 
4 1501 1502 1503 1504 1 1 
4 1505 1506 1507 1508 1 1 
4 1509 1510 1511 1512 1 1 
4 1513 1514 1515 1516 1 1 
4 1517 1518 1519 1520 1 1 
4 1521 1522 1523 1524 1 1 
4 1525 1526 1527 1528 1 1 
4 1529 1530 1531 1532 1 1 
4 1533 1534 1535 1536 1 1 
4 1537 1538 1539 1540 1 1 
4 1541 1542 1543 1544 1 1 
4 1545 1546 1547 1548 1 1 
4 1549 1550 1551 1552 1 1 
4 1553 1554 1555 1556 1 1 
4 1557 1558 1559 1560 1 1 
4 1561 1562 1563 1564 1 1 
4 1565 1566 1567 1568 1 1 
4 1569 1570 1571 1572 1 1 
4 1573 1574 1575 1576 1 1 
4 1577 1578 1579 1580 1 1 
4 1581 1582 1583 1584 1 1 
4 1585 1586 1587 1588 1 1 
4 1589 1590 1591 1592 1 1 
4 1593 1594 1595 1596 1 1 
4 1597 1598 1599 1600 1 1 
4 1601 1602 1603 1604 1 1 
4 1605 1606 1607 1608 1 1 
4 1609 1610 1611 1612 1 1 
4 1613 1614 1615 1616 1 1 
4 1617 1618 1619 1620 1 1 
4 1621 1622 1623 1624 1 1 
4 1625 1626 1627 1628 1 1 
4 1629 1630 1631 1632 1 1 
4 1633 1634 1635 1636 1 1 
4 1637 1638 1639 1640 1 1 
4 1641 1642 1643 1644 1 1 
4 1645 1646 1647 1648 1 1 
4 1649 1650 1651 1652 1 1 
4 1653 1654 1655 1656 1 1 
4 1657 1658 1659 1660 1 1 
4 1661 1662 1663 1664 1 1 
4 1665 1666 1667 1668 1 1 
4 1669 1670 1671 1672 1 1 
4 1673 1674 1675 1676 1 1 
4 1677 1678 1679 1680 1 1 
4 1681 1682 1683 1684 1 1 
4 1685 1686 1687 1688 1 1 
4 1689 1690 1691 1692 1 1 
4 1693 1694 1695 1696 1 1 
4 1697 1698 1699 1700 1 1 
4 1701 1702 1703 1704 1 1 
4 1705 1706 1707 1708 1 1 
4 1709 1710 1711 1712 1 1 
4 1713 1714 1715 1716 1 1 
4 1717 1718 1719 1720 1 1 
4 1721 1722 1723 1724 1 1 
4 1725 1726 1727 1728 1 1 
4 1729 1730 1731 1732 1 1 
4 1733 1734 1735 1736 1 1 
4 1737 1738 1739 1740 1 1 
4 1741 1742 1743 1744 1 1 
4 1745 1746 1747 1748 1 1 
4 1749 1750 1751 1752 1 1 
4 1753 1754 1755 1756 1 1 
4 1757 1758 1759 1760 1 1 
4 1761 1762 1763 1764 1 1 
4 1765 1766 1767 1768 1 1 
4 1769 1770 1771 1772 1 1 
4 1773 1774 1775 1776 1 1 
4 1777 1778 1779 1780 1 1 
4 1781 1782 1783 1784 1 1 
4 1785 1786 1787 1788 1 1 
4 1789 1790 1791 1792 1 1 
4 1793 1794 1795 1796 1 1 
4 1797 1798 1799 1800 1 1 
4 1801 1802 1803 1804 1 1 
4 1805 1806 1807 1808 1 1 
4 1809 1810 1811 1812 1 1 
4 1813 1814 1815 1816 1 1 
4 1817 1818 1819 1820 1 1 
4 1821 1822 1823 1824 1 1 
4 1825 1826 1827 1828 1 1 
4 1829 1830 1831 1832 1 1 
4 1833 1834 1835 1836 1 1 
4 1837 1838 1839 1840 1 1 
4 1841 1842 1843 1844 1 1 
4 1845 1846 1847 1848 1 1 
4 1849 1850 1851 1852 1 1 
4 1853 1854 1855 1856 1 1 
4 1857 1858 1859 1860 1 1 
4 1861 1862 1863 1864 1 1 
4 1865 1866 1867 1868 1 1 
4 1869 1870 1871 1872 1 1 
4 1873 1874 1875 1876 1 1 
4 1877 1878 1879 1880 1 1 
4 1881 1882 1883 1884 1 1 
4 1885 1886 1887 1888 1 1 
4 1889 1890 1891 1892 1 1 
4 1893 1894 1895 1896 1 1 
4 1897 1898 1899 1900 1 1 
4 1901 1902 1903 1904 1 1 
4 1905 1906 1907 1908 1 1 
4 1909 1910 1911 1912 1 1 
4 1913 1914 1915 1916 1 1 
4 1917 1918 1919 1920 1 1 
4 1921 1922 1923 1924 1 1 
4 1925 1926 1927 1928 1 1 
4 1929 1930 1931 1932 1 1 
4 1933 1934 1935 1936 1 1 
4 1937 1938 1939 1940 1 1 
4 1941 1942 1943 1944 1 1 
4 1945 1946 1947 1948 1 1 
4 1949 1950 1951 1952 1 1 
4 1953 1954 1955 1956 1 1 
4 1957 1958 1959 1960 1 1 
4 1961 1962 1963 1964 1 1 
4 1965 1966 1967 1968 1 1 
4 1969 1970 1971 1972 1 1 
4 1973 1974 1975 1976 1 1 
4 1977 1978 1979 1980 1 1 
4 1981 1982 1983 1984 1 1 
4 1985 1986 1987 1988 1 1 
4 1989 1990 1991 1992 1 1 
4 1993 1994 1995 1996 1 1 
4 1997 1998 1999 2000 1 1 
4 2001 2002 2003 2004 1 1 
4 2005 2006 2007 2008 1 1 
4 2009 2010 2011 2012 1 1 
4 2013 2014 2015 2016 1 1 
4 2017 2018 2019 2020 1 1 
4 2021 2022 2023 2024 1 1 
4 2025 2026 2027 2028 1 1 
4 2029 2030 2031 2032 1 1 
4 2033 2034 2035 2036 1 1 
4 2037 2038 2039 2040 1 1 
4 2041 2042 2043 2044 1 1 
4 2045 2046 2047 2048 1 1 
4 2049 2050 2051 2052 1 1 
4 2053 2054 2055 2056 1 1 
4 2057 2058 2059 2060 1 1 
4 2061 2062 2063 2064 1 1 
4 2065 2066 2067 2068 1 1 
4 2069 2070 2071 2072 1 1 
4 2073 2074 2075 2076 1 1 
4 2077 2078 2079 2080 1 1 
4 2081 2082 2083 2084 1 1 
4 2085 2086 2087 2088 1 1 
4 2089 2090 2091 2092 1 1 
4 2093 2094 2095 2096 1 1 
4 2097 2098 2099 2100 1 1 
4 2101 2102 2103 2104 1 1 
4 2105 2106 2107 2108 1 1 
4 2109 2110 2111 2112 1 1 
4 2113 2114 2115 2116 1 1 
4 2117 2118 2119 2120 1 1 
4 2121 2122 2123 2124 1 1 
4 2125 2126 2127 2128 1 1 
4 2129 2130 2131 2132 1 1 
4 2133 2134 2135 2136 1 1 
4 2137 2138 2139 2140 1 1 
4 2141 2142 2143 2144 1 1 
4 2145 2146 2147 2148 1 1 
4 2149 2150 2151 2152 1 1 
4 2153 2154 2155 2156 1 1 
4 2157 2158 2159 2160 1 1 
4 2161 2162 2163 2164 1 1 
4 2165 2166 2167 2168 1 1 
4 2169 2170 2171 2172 1 1 
4 2173 2174 2175 2176 1 1 
4 2177 2178 2179 2180 1 1 
4 2181 2182 2183 2184 1 1 
4 2185 2186 2187 2188 1 1 
4 2189 2190 2191 2192 1 1 
4 2193 2194 2195 2196 1 1 
4 2197 2198 2199 2200 1 1 
4 2201 2202 2203 2204 1 1 
4 2205 2206 2207 2208 1 1 
4 2209 2210 2211 2212 1 1 
4 2213 2214 2215 2216 1 1 
4 2217 2218 2219 2220 1 1 
4 2221 2222 2223 2224 1 1 
4 2225 2226 2227 2228 1 1 
4 2229 2230 2231 2232 1 1 
4 2233 2234 2235 2236 1 1 
4 2237 2238 2239 2240 1 1 
4 2241 2242 2243 2244 1 1 
4 2245 2246 2247 2248 1 1 
4 2249 2250 2251 2252 1 1 
4 2253 2254 2255 2256 1 1 
4 2257 2258 2259 2260 1 1 
4 2261 2262 2263 2264 1 1 
4 2265 2266 2267 2268 1 1 
4 2269 2270 2271 2272 1 1 
4 2273 2274 2275 2276 1 1 
4 2277 2278 2279 2280 1 1 
4 2281 2282 2283 2284 1 1 
4 2285 2286 2287 2288 1 1 
4 2289 2290 2291 2292 1 1 
4 2293 2294 2295 2296 1 1 
4 2297 2298 2299 2300 1 1 
4 2301 2302 2303 2304 1 1 
4 2305 2306 2307 2308 1 1 
4 2309 2310 2311 2312 1 1 
4 2313 2314 2315 2316 1 1 
4 2317 2318 2319 2320 1 1 
4 2321 2322 2323 2324 1 1 
4 2325 2326 2327 2328 1 1 
4 2329 2330 2331 2332 1 1 
4 2333 2334 2335 2336 1 1 
4 2337 2338 2339 2340 1 1 
4 2341 2342 2343 2344 1 1 
4 2345 2346 2347 2348 1 1 
4 2349 2350 2351 2352 1 1 
4 2353 2354 2355 2356 1 1 
4 2357 2358 2359 2360 1 1 
4 2361 2362 2363 2364 1 1 
4 2365 2366 2367 2368 1 1 
4 2369 2370 2371 2372 1 1 
4 2373 2374 2375 2376 1 1 
4 2377 2378 2379 2380 1 1 
4 2381 2382 2383 2384 1 1 
4 2385 2386 2387 2388 1 1 
4 2389 2390 2391 2392 1 1 
4 2393 2394 2395 2396 1 1 
4 2397 2398 2399 2400 1 1 
4 2401 2402 2403 2404 1 1 
4 2405 2406 2407 2408 1 1 
4 2409 2410 2411 2412 1 1 
4 2413 2414 2415 2416 1 1 
4 2417 2418 2419 2420 1 1 
4 2421 2422 2423 2424 1 1 
4 2425 2426 2427 2428 1 1 
4 2429 2430 2431 2432 1 1 
4 2433 2434 2435 2436 1 1 
4 2437 2438 2439 2440 1 1 
4 2441 2442 2443 2444 1 1 
4 2445 2446 2447 2448 1 1 
4 2449 2450 2451 2452 1 1 
4 2453 2454 2455 2456 1 1 
4 2457 2458 2459 2460 1 1 
4 2461 2462 2463 2464 1 1 
4 2465 2466 2467 2468 1 1 
4 2469 2470 2471 2472 1 1 
4 2473 2474 2475 2476 1 1 
4 2477 2478 2479 2480 1 1 
4 2481 2482 2483 2484 1 1 
4 2485 2486 2487 2488 1 1 
4 2489 2490 2491 2492 1 1 
4 2493 2494 2495 2496 1 1 
4 2497 2498 2499 2500 1 1 
4 2501 2502 2503 2504 1 1 
4 2505 2506 2507 2508 1 1 
4 2509 2510 2511 2512 1 1 
4 2513 2514 2515 2516 1 1 
4 2517 2518 2519 2520 1 1 
4 2521 2522 2523 2524 1 1 
4 2525 2526 2527 2528 1 1 
4 2529 2530 2531 2532 1 1 
4 2533 2534 2535 2536 1 1 
4 2537 2538 2539 2540 1 1 
4 2541 2542 2543 2544 1 1 
4 2545 2546 2547 2548 1 1 
4 2549 2550 2551 2552 1 1 
4 2553 2554 2555 2556 1 1 
4 2557 2558 2559 2560 1 1 
4 2561 2562 2563 2564 1 1 
4 2565 2566 2567 2568 1 1 
4 2569 2570 2571 2572 1 1 
4 2573 2574 2575 2576 1 1 
4 2577 2578 2579 2580 1 1 
4 2581 2582 2583 2584 1 1 
4 2585 2586 2587 2588 1 1 
4 2589 2590 2591 2592 1 1 
4 2593 2594 2595 2596 1 1 
4 2597 2598 2599 2600 1 1 
4 2601 2602 2603 2604 1 1 
4 2605 2606 2607 2608 1 1 
4 2609 2610 2611 2612 1 1 
4 2613 2614 2615 2616 1 1 
4 2617 2618 2619 2620 1 1 
4 2621 2622 2623 2624 1 1 
4 2625 2626 2627 2628 1 1 
4 2629 2630 2631 2632 1 1 
4 2633 2634 2635 2636 1 1 
4 2637 2638 2639 2640 1 1 
4 2641 2642 2643 2644 1 1 
4 2645 2646 2647 2648 1 1 
4 2649 2650 2651 2652 1 1 
4 2653 2654 2655 2656 1 1 
4 2657 2658 2659 2660 1 1 
4 2661 2662 2663 2664 1 1 
4 2665 2666 2667 2668 1 1 
4 2669 2670 2671 2672 1 1 
4 2673 2674 2675 2676 1 1 
4 2677 2678 2679 2680 1 1 
4 2681 2682 2683 2684 1 1 
4 2685 2686 2687 2688 1 1 
4 2689 2690 2691 2692 1 1 
4 2693 2694 2695 2696 1 1 
4 2697 2698 2699 2700 1 1 
4 2701 2702 2703 2704 1 1 
4 2705 2706 2707 2708 1 1 
4 2709 2710 2711 2712 1 1 
4 2713 2714 2715 2716 1 1 
4 2717 2718 2719 2720 1 1 
4 2721 2722 2723 2724 1 1 
4 2725 2726 2727 2728 1 1 
4 2729 2730 2731 2732 1 1 
4 2733 2734 2735 2736 1 1 
4 2737 2738 2739 2740 1 1 
4 2741 2742 2743 2744 1 1 
4 2745 2746 2747 2748 1 1 
4 2749 2750 2751 2752 1 1 
4 2753 2754 2755 2756 1 1 
4 2757 2758 2759 2760 1 1 
4 2761 2762 2763 2764 1 1 
4 2765 2766 2767 2768 1 1 
4 2769 2770 2771 2772 1 1 
4 2773 2774 2775 2776 1 1 
4 2777 2778 2779 2780 1 1 
4 2781 2782 2783 2784 1 1 
4 2785 2786 2787 2788 1 1 
4 2789 2790 2791 2792 1 1 
4 2793 2794 2795 2796 1 1 
4 2797 2798 2799 2800 1 1 
4 2801 2802 2803 2804 1 1 
4 2805 2806 2807 2808 1 1 
4 2809 2810 2811 2812 1 1 
4 2813 2814 2815 2816 1 1 
4 2817 2818 2819 2820 1 1 
4 2821 2822 2823 2824 1 1 
4 2825 2826 2827 2828 1 1 
4 2829 2830 2831 2832 1 1 
4 2833 2834 2835 2836 1 1 
4 2837 2838 2839 2840 1 1 
4 2841 2842 2843 2844 1 1 
4 2845 2846 2847 2848 1 1 
4 2849 2850 2851 2852 1 1 
4 2853 2854 2855 2856 1 1 
4 2857 2858 2859 2860 1 1 
4 2861 2862 2863 2864 1 1 
4 2865 2866 2867 2868 1 1 
4 2869 2870 2871 2872 1 1 
4 2873 2874 2875 2876 1 1 
4 2877 2878 2879 2880 1 1 
4 2881 2882 2883 2884 1 1 
4 2885 2886 2887 2888 1 1 
4 2889 2890 2891 2892 1 1 
4 2893 2894 2895 2896 1 1 
4 2897 2898 2899 2900 1 1 
4 2901 2902 2903 2904 1 1 
4 2905 2906 2907 2908 1 1 
4 2909 2910 2911 2912 1 1 
4 2913 2914 2915 2916 1 1 
4 2917 2918 2919 2920 1 1 
4 2921 2922 2923 2924 1 1 
4 2925 2926 2927 2928 1 1 
4 2929 2930 2931 2932 1 1 
4 2933 2934 2935 2936 1 1 
4 2937 2938 2939 2940 1 1 
4 2941 2942 2943 2944 1 1 
4 2945 2946 2947 2948 1 1 
4 2949 2950 2951 2952 1 1 
4 2953 2954 2955 2956 1 1 
4 2957 2958 2959 2960 1 1 
4 2961 2962 2963 2964 1 1 
4 2965 2966 2967 2968 1 1 
4 2969 2970 2971 2972 1 1 
4 2973 2974 2975 2976 1 1 
4 2977 2978 2979 2980 1 1 
4 2981 2982 2983 2984 1 1 
4 2985 2986 2987 2988 1 1 
4 2989 2990 2991 2992 1 1 
4 2993 2994 2995 2996 1 1 
4 2997 2998 2999 3000 1 1 
4 3001 3002 3003 3004 1 1 
4 3005 3006 3007 3008 1 1 
4 3009 3010 3011 3012 1 1 
4 3013 3014 3015 3016 1 1 
4 3017 3018 3019 3020 1 1 
4 3021 3022 3023 3024 1 1 
4 3025 3026 3027 3028 1 1 
4 3029 3030 3031 3032 1 1 
4 3033 3034 3035 3036 1 1 
4 3037 3038 3039 3040 1 1 
4 3041 3042 3043 3044 1 1 
4 3045 3046 3047 3048 1 1 
4 3049 3050 3051 3052 1 1 
4 3053 3054 3055 3056 1 1 
4 3057 3058 3059 3060 1 1 
4 3061 3062 3063 3064 1 1 
4 3065 3066 3067 3068 1 1 
4 3069 3070 3071 3072 1 1 
4 3073 3074 3075 3076 1 1 
4 3077 3078 3079 3080 1 1 
4 3081 3082 3083 3084 1 1 
4 3085 3086 3087 3088 1 1 
4 3089 3090 3091 3092 1 1 
4 3093 3094 3095 3096 1 1 
4 3097 3098 3099 3100 1 1 
4 3101 3102 3103 3104 1 1 
4 3105 3106 3107 3108 1 1 
4 3109 3110 3111 3112 1 1 
4 3113 3114 3115 3116 1 1 
4 3117 3118 3119 3120 1 1 
4 3121 3122 3123 3124 1 1 
4 3125 3126 3127 3128 1 1 
4 3129 3130 3131 3132 1 1 
4 3133 3134 3135 3136 1 1 
4 3137 3138 3139 3140 1 1 
4 3141 3142 3143 3144 1 1 
4 3145 3146 3147 3148 1 1 
4 3149 3150 3151 3152 1 1 
4 3153 3154 3155 3156 1 1 
4 3157 3158 3159 3160 1 1 
4 3161 3162 3163 3164 1 1 
4 3165 3166 3167 3168 1 1 
4 3169 3170 3171 3172 1 1 
4 3173 3174 3175 3176 1 1 
4 3177 3178 3179 3180 1 1 
4 3181 3182 3183 3184 1 1 
4 3185 3186 3187 3188 1 1 
4 3189 3190 3191 3192 1 1 
4 3193 3194 3195 3196 1 1 
4 3197 3198 3199 3200 1 1 
4 3201 3202 3203 3204 1 1 
4 3205 3206 3207 3208 1 1 
4 3209 3210 3211 3212 1 1 
4 3213 3214 3215 3216 1 1 
4 3217 3218 3219 3220 1 1 
4 3221 3222 3223 3224 1 1 
4 3225 3226 3227 3228 1 1 
4 3229 3230 3231 3232 1 1 
4 3233 3234 3235 3236 1 1 
4 3237 3238 3239 3240 1 1 
4 3241 3242 3243 3244 1 1 
4 3245 3246 3247 3248 1 1 
4 3249 3250 3251 3252 1 1 
4 3253 3254 3255 3256 1 1 
4 3257 3258 3259 3260 1 1 
4 3261 3262 3263 3264 1 1 
4 3265 3266 3267 3268 1 1 
4 3269 3270 3271 3272 1 1 
4 3273 3274 3275 3276 1 1 
4 3277 3278 3279 3280 1 1 
4 3281 3282 3283 3284 1 1 
4 3285 3286 3287 3288 1 1 
4 3289 3290 3291 3292 1 1 
4 3293 3294 3295 3296 1 1 
4 3297 3298 3299 3300 1 1 
4 3301 3302 3303 3304 1 1 
4 3305 3306 3307 3308 1 1 
4 3309 3310 3311 3312 1 1 
4 3313 3314 3315 3316 1 1 
4 3317 3318 3319 3320 1 1 
4 3321 3322 3323 3324 1 1 
4 3325 3326 3327 3328 1 1 
4 3329 3330 3331 3332 1 1 
4 3333 3334 3335 3336 1 1 
4 3337 3338 3339 3340 1 1 
4 3341 3342 3343 3344 1 1 
4 3345 3346 3347 3348 1 1 
4 3349 3350 3351 3352 1 1 
4 3353 3354 3355 3356 1 1 
4 3357 3358 3359 3360 1 1 
4 3361 3362 3363 3364 1 1 
4 3365 3366 3367 3368 1 1 
4 3369 3370 3371 3372 1 1 
4 3373 3374 3375 3376 1 1 
4 3377 3378 3379 3380 1 1 
4 3381 3382 3383 3384 1 1 
4 3385 3386 3387 3388 1 1 
4 3389 3390 3391 3392 1 1 
4 3393 3394 3395 3396 1 1 
4 3397 3398 3399 3400 1 1 
4 3401 3402 3403 3404 1 1 
4 3405 3406 3407 3408 1 1 
4 3409 3410 3411 3412 1 1 
4 3413 3414 3415 3416 1 1 
4 3417 3418 3419 3420 1 1 
4 3421 3422 3423 3424 1 1 
4 3425 3426 3427 3428 1 1 
4 3429 3430 3431 3432 1 1 
4 3433 3434 3435 3436 1 1 
4 3437 3438 3439 3440 1 1 
4 3441 3442 3443 3444 1 1 
4 3445 3446 3447 3448 1 1 
4 3449 3450 3451 3452 1 1 
4 3453 3454 3455 3456 1 1 
4 3457 3458 3459 3460 1 1 
4 3461 3462 3463 3464 1 1 
4 3465 3466 3467 3468 1 1 
4 3469 3470 3471 3472 1 1 
4 3473 3474 3475 3476 1 1 
4 3477 3478 3479 3480 1 1 
4 3481 3482 3483 3484 1 1 
4 3485 3486 3487 3488 1 1 
4 3489 3490 3491 3492 1 1 
4 3493 3494 3495 3496 1 1 
4 3497 3498 3499 3500 1 1 
4 3501 3502 3503 3504 1 1 
4 3505 3506 3507 3508 1 1 
4 3509 3510 3511 3512 1 1 
4 3513 3514 3515 3516 1 1 
4 3517 3518 3519 3520 1 1 
4 3521 3522 3523 3524 1 1 
4 3525 3526 3527 3528 1 1 
4 3529 3530 3531 3532 1 1 
4 3533 3534 3535 3536 1 1 
4 3537 3538 3539 3540 1 1 
4 3541 3542 3543 3544 1 1 
4 3545 3546 3547 3548 1 1 
4 3549 3550 3551 3552 1 1 
4 3553 3554 3555 3556 1 1 
4 3557 3558 3559 3560 1 1 
4 3561 3562 3563 3564 1 1 
4 3565 3566 3567 3568 1 1 
4 3569 3570 3571 3572 1 1 
4 3573 3574 3575 3576 1 1 
4 3577 3578 3579 3580 1 1 
4 3581 3582 3583 3584 1 1 
4 3585 3586 3587 3588 1 1 
4 3589 3590 3591 3592 1 1 
4 3593 3594 3595 3596 1 1 
4 3597 3598 3599 3600 1 1 
# DG vertices (counter-clockwise) 
3600
 0 0 
 3.33333 0 
 3.33333 3.33333 
 0 3.33333 
 0 3.33333 
 3.33333 3.33333 
 3.33333 6.66667 
 0 6.66667 
 0 6.66667 
 3.33333 6.66667 
 3.33333 10 
 0 10 
 0 10 
 3.33333 10 
 3.33333 13.3333 
 0 13.3333 
 0 13.3333 
 3.33333 13.3333 
 3.33333 16.6667 
 0 16.6667 
 0 16.6667 
 3.33333 16.6667 
 3.33333 20 
 0 20 
 0 20 
 3.33333 20 
 3.33333 23.3333 
 0 23.3333 
 0 23.3333 
 3.33333 23.3333 
 3.33333 26.6667 
 0 26.6667 
 0 26.6667 
 3.33333 26.6667 
 3.33333 30 
 0 30 
 0 30 
 3.33333 30 
 3.33333 33.3333 
 0 33.3333 
 0 33.3333 
 3.33333 33.3333 
 3.33333 36.6667 
 0 36.6667 
 0 36.6667 
 3.33333 36.6667 
 3.33333 40 
 0 40 
 0 40 
 3.33333 40 
 3.33333 43.3333 
 0 43.3333 
 0 43.3333 
 3.33333 43.3333 
 3.33333 46.6667 
 0 46.6667 
 0 46.6667 
 3.33333 46.6667 
 3.33333 50 
 0 50 
 0 50 
 3.33333 50 
 3.33333 53.3333 
 0 53.3333 
 0 53.3333 
 3.33333 53.3333 
 3.33333 56.6667 
 0 56.6667 
 0 56.6667 
 3.33333 56.6667 
 3.33333 60 
 0 60 
 0 60 
 3.33333 60 
 3.33333 63.3333 
 0 63.3333 
 0 63.3333 
 3.33333 63.3333 
 3.33333 66.6667 
 0 66.6667 
 0 66.6667 
 3.33333 66.6667 
 3.33333 70 
 0 70 
 0 70 
 3.33333 70 
 3.33333 73.3333 
 0 73.3333 
 0 73.3333 
 3.33333 73.3333 
 3.33333 76.6667 
 0 76.6667 
 0 76.6667 
 3.33333 76.6667 
 3.33333 80 
 0 80 
 0 80 
 3.33333 80 
 3.33333 83.3333 
 0 83.3333 
 0 83.3333 
 3.33333 83.3333 
 3.33333 86.6667 
 0 86.6667 
 0 86.6667 
 3.33333 86.6667 
 3.33333 90 
 0 90 
 0 90 
 3.33333 90 
 3.33333 93.3333 
 0 93.3333 
 0 93.3333 
 3.33333 93.3333 
 3.33333 96.6667 
 0 96.6667 
 0 96.6667 
 3.33333 96.6667 
 3.33333 100 
 0 100 
 3.33333 0 
 6.66667 0 
 6.66667 3.33333 
 3.33333 3.33333 
 3.33333 3.33333 
 6.66667 3.33333 
 6.66667 6.66667 
 3.33333 6.66667 
 3.33333 6.66667 
 6.66667 6.66667 
 6.66667 10 
 3.33333 10 
 3.33333 10 
 6.66667 10 
 6.66667 13.3333 
 3.33333 13.3333 
 3.33333 13.3333 
 6.66667 13.3333 
 6.66667 16.6667 
 3.33333 16.6667 
 3.33333 16.6667 
 6.66667 16.6667 
 6.66667 20 
 3.33333 20 
 3.33333 20 
 6.66667 20 
 6.66667 23.3333 
 3.33333 23.3333 
 3.33333 23.3333 
 6.66667 23.3333 
 6.66667 26.6667 
 3.33333 26.6667 
 3.33333 26.6667 
 6.66667 26.6667 
 6.66667 30 
 3.33333 30 
 3.33333 30 
 6.66667 30 
 6.66667 33.3333 
 3.33333 33.3333 
 3.33333 33.3333 
 6.66667 33.3333 
 6.66667 36.6667 
 3.33333 36.6667 
 3.33333 36.6667 
 6.66667 36.6667 
 6.66667 40 
 3.33333 40 
 3.33333 40 
 6.66667 40 
 6.66667 43.3333 
 3.33333 43.3333 
 3.33333 43.3333 
 6.66667 43.3333 
 6.66667 46.6667 
 3.33333 46.6667 
 3.33333 46.6667 
 6.66667 46.6667 
 6.66667 50 
 3.33333 50 
 3.33333 50 
 6.66667 50 
 6.66667 53.3333 
 3.33333 53.3333 
 3.33333 53.3333 
 6.66667 53.3333 
 6.66667 56.6667 
 3.33333 56.6667 
 3.33333 56.6667 
 6.66667 56.6667 
 6.66667 60 
 3.33333 60 
 3.33333 60 
 6.66667 60 
 6.66667 63.3333 
 3.33333 63.3333 
 3.33333 63.3333 
 6.66667 63.3333 
 6.66667 66.6667 
 3.33333 66.6667 
 3.33333 66.6667 
 6.66667 66.6667 
 6.66667 70 
 3.33333 70 
 3.33333 70 
 6.66667 70 
 6.66667 73.3333 
 3.33333 73.3333 
 3.33333 73.3333 
 6.66667 73.3333 
 6.66667 76.6667 
 3.33333 76.6667 
 3.33333 76.6667 
 6.66667 76.6667 
 6.66667 80 
 3.33333 80 
 3.33333 80 
 6.66667 80 
 6.66667 83.3333 
 3.33333 83.3333 
 3.33333 83.3333 
 6.66667 83.3333 
 6.66667 86.6667 
 3.33333 86.6667 
 3.33333 86.6667 
 6.66667 86.6667 
 6.66667 90 
 3.33333 90 
 3.33333 90 
 6.66667 90 
 6.66667 93.3333 
 3.33333 93.3333 
 3.33333 93.3333 
 6.66667 93.3333 
 6.66667 96.6667 
 3.33333 96.6667 
 3.33333 96.6667 
 6.66667 96.6667 
 6.66667 100 
 3.33333 100 
 6.66667 0 
 10 0 
 10 3.33333 
 6.66667 3.33333 
 6.66667 3.33333 
 10 3.33333 
 10 6.66667 
 6.66667 6.66667 
 6.66667 6.66667 
 10 6.66667 
 10 10 
 6.66667 10 
 6.66667 10 
 10 10 
 10 13.3333 
 6.66667 13.3333 
 6.66667 13.3333 
 10 13.3333 
 10 16.6667 
 6.66667 16.6667 
 6.66667 16.6667 
 10 16.6667 
 10 20 
 6.66667 20 
 6.66667 20 
 10 20 
 10 23.3333 
 6.66667 23.3333 
 6.66667 23.3333 
 10 23.3333 
 10 26.6667 
 6.66667 26.6667 
 6.66667 26.6667 
 10 26.6667 
 10 30 
 6.66667 30 
 6.66667 30 
 10 30 
 10 33.3333 
 6.66667 33.3333 
 6.66667 33.3333 
 10 33.3333 
 10 36.6667 
 6.66667 36.6667 
 6.66667 36.6667 
 10 36.6667 
 10 40 
 6.66667 40 
 6.66667 40 
 10 40 
 10 43.3333 
 6.66667 43.3333 
 6.66667 43.3333 
 10 43.3333 
 10 46.6667 
 6.66667 46.6667 
 6.66667 46.6667 
 10 46.6667 
 10 50 
 6.66667 50 
 6.66667 50 
 10 50 
 10 53.3333 
 6.66667 53.3333 
 6.66667 53.3333 
 10 53.3333 
 10 56.6667 
 6.66667 56.6667 
 6.66667 56.6667 
 10 56.6667 
 10 60 
 6.66667 60 
 6.66667 60 
 10 60 
 10 63.3333 
 6.66667 63.3333 
 6.66667 63.3333 
 10 63.3333 
 10 66.6667 
 6.66667 66.6667 
 6.66667 66.6667 
 10 66.6667 
 10 70 
 6.66667 70 
 6.66667 70 
 10 70 
 10 73.3333 
 6.66667 73.3333 
 6.66667 73.3333 
 10 73.3333 
 10 76.6667 
 6.66667 76.6667 
 6.66667 76.6667 
 10 76.6667 
 10 80 
 6.66667 80 
 6.66667 80 
 10 80 
 10 83.3333 
 6.66667 83.3333 
 6.66667 83.3333 
 10 83.3333 
 10 86.6667 
 6.66667 86.6667 
 6.66667 86.6667 
 10 86.6667 
 10 90 
 6.66667 90 
 6.66667 90 
 10 90 
 10 93.3333 
 6.66667 93.3333 
 6.66667 93.3333 
 10 93.3333 
 10 96.6667 
 6.66667 96.6667 
 6.66667 96.6667 
 10 96.6667 
 10 100 
 6.66667 100 
 10 0 
 13.3333 0 
 13.3333 3.33333 
 10 3.33333 
 10 3.33333 
 13.3333 3.33333 
 13.3333 6.66667 
 10 6.66667 
 10 6.66667 
 13.3333 6.66667 
 13.3333 10 
 10 10 
 10 10 
 13.3333 10 
 13.3333 13.3333 
 10 13.3333 
 10 13.3333 
 13.3333 13.3333 
 13.3333 16.6667 
 10 16.6667 
 10 16.6667 
 13.3333 16.6667 
 13.3333 20 
 10 20 
 10 20 
 13.3333 20 
 13.3333 23.3333 
 10 23.3333 
 10 23.3333 
 13.3333 23.3333 
 13.3333 26.6667 
 10 26.6667 
 10 26.6667 
 13.3333 26.6667 
 13.3333 30 
 10 30 
 10 30 
 13.3333 30 
 13.3333 33.3333 
 10 33.3333 
 10 33.3333 
 13.3333 33.3333 
 13.3333 36.6667 
 10 36.6667 
 10 36.6667 
 13.3333 36.6667 
 13.3333 40 
 10 40 
 10 40 
 13.3333 40 
 13.3333 43.3333 
 10 43.3333 
 10 43.3333 
 13.3333 43.3333 
 13.3333 46.6667 
 10 46.6667 
 10 46.6667 
 13.3333 46.6667 
 13.3333 50 
 10 50 
 10 50 
 13.3333 50 
 13.3333 53.3333 
 10 53.3333 
 10 53.3333 
 13.3333 53.3333 
 13.3333 56.6667 
 10 56.6667 
 10 56.6667 
 13.3333 56.6667 
 13.3333 60 
 10 60 
 10 60 
 13.3333 60 
 13.3333 63.3333 
 10 63.3333 
 10 63.3333 
 13.3333 63.3333 
 13.3333 66.6667 
 10 66.6667 
 10 66.6667 
 13.3333 66.6667 
 13.3333 70 
 10 70 
 10 70 
 13.3333 70 
 13.3333 73.3333 
 10 73.3333 
 10 73.3333 
 13.3333 73.3333 
 13.3333 76.6667 
 10 76.6667 
 10 76.6667 
 13.3333 76.6667 
 13.3333 80 
 10 80 
 10 80 
 13.3333 80 
 13.3333 83.3333 
 10 83.3333 
 10 83.3333 
 13.3333 83.3333 
 13.3333 86.6667 
 10 86.6667 
 10 86.6667 
 13.3333 86.6667 
 13.3333 90 
 10 90 
 10 90 
 13.3333 90 
 13.3333 93.3333 
 10 93.3333 
 10 93.3333 
 13.3333 93.3333 
 13.3333 96.6667 
 10 96.6667 
 10 96.6667 
 13.3333 96.6667 
 13.3333 100 
 10 100 
 13.3333 0 
 16.6667 0 
 16.6667 3.33333 
 13.3333 3.33333 
 13.3333 3.33333 
 16.6667 3.33333 
 16.6667 6.66667 
 13.3333 6.66667 
 13.3333 6.66667 
 16.6667 6.66667 
 16.6667 10 
 13.3333 10 
 13.3333 10 
 16.6667 10 
 16.6667 13.3333 
 13.3333 13.3333 
 13.3333 13.3333 
 16.6667 13.3333 
 16.6667 16.6667 
 13.3333 16.6667 
 13.3333 16.6667 
 16.6667 16.6667 
 16.6667 20 
 13.3333 20 
 13.3333 20 
 16.6667 20 
 16.6667 23.3333 
 13.3333 23.3333 
 13.3333 23.3333 
 16.6667 23.3333 
 16.6667 26.6667 
 13.3333 26.6667 
 13.3333 26.6667 
 16.6667 26.6667 
 16.6667 30 
 13.3333 30 
 13.3333 30 
 16.6667 30 
 16.6667 33.3333 
 13.3333 33.3333 
 13.3333 33.3333 
 16.6667 33.3333 
 16.6667 36.6667 
 13.3333 36.6667 
 13.3333 36.6667 
 16.6667 36.6667 
 16.6667 40 
 13.3333 40 
 13.3333 40 
 16.6667 40 
 16.6667 43.3333 
 13.3333 43.3333 
 13.3333 43.3333 
 16.6667 43.3333 
 16.6667 46.6667 
 13.3333 46.6667 
 13.3333 46.6667 
 16.6667 46.6667 
 16.6667 50 
 13.3333 50 
 13.3333 50 
 16.6667 50 
 16.6667 53.3333 
 13.3333 53.3333 
 13.3333 53.3333 
 16.6667 53.3333 
 16.6667 56.6667 
 13.3333 56.6667 
 13.3333 56.6667 
 16.6667 56.6667 
 16.6667 60 
 13.3333 60 
 13.3333 60 
 16.6667 60 
 16.6667 63.3333 
 13.3333 63.3333 
 13.3333 63.3333 
 16.6667 63.3333 
 16.6667 66.6667 
 13.3333 66.6667 
 13.3333 66.6667 
 16.6667 66.6667 
 16.6667 70 
 13.3333 70 
 13.3333 70 
 16.6667 70 
 16.6667 73.3333 
 13.3333 73.3333 
 13.3333 73.3333 
 16.6667 73.3333 
 16.6667 76.6667 
 13.3333 76.6667 
 13.3333 76.6667 
 16.6667 76.6667 
 16.6667 80 
 13.3333 80 
 13.3333 80 
 16.6667 80 
 16.6667 83.3333 
 13.3333 83.3333 
 13.3333 83.3333 
 16.6667 83.3333 
 16.6667 86.6667 
 13.3333 86.6667 
 13.3333 86.6667 
 16.6667 86.6667 
 16.6667 90 
 13.3333 90 
 13.3333 90 
 16.6667 90 
 16.6667 93.3333 
 13.3333 93.3333 
 13.3333 93.3333 
 16.6667 93.3333 
 16.6667 96.6667 
 13.3333 96.6667 
 13.3333 96.6667 
 16.6667 96.6667 
 16.6667 100 
 13.3333 100 
 16.6667 0 
 20 0 
 20 3.33333 
 16.6667 3.33333 
 16.6667 3.33333 
 20 3.33333 
 20 6.66667 
 16.6667 6.66667 
 16.6667 6.66667 
 20 6.66667 
 20 10 
 16.6667 10 
 16.6667 10 
 20 10 
 20 13.3333 
 16.6667 13.3333 
 16.6667 13.3333 
 20 13.3333 
 20 16.6667 
 16.6667 16.6667 
 16.6667 16.6667 
 20 16.6667 
 20 20 
 16.6667 20 
 16.6667 20 
 20 20 
 20 23.3333 
 16.6667 23.3333 
 16.6667 23.3333 
 20 23.3333 
 20 26.6667 
 16.6667 26.6667 
 16.6667 26.6667 
 20 26.6667 
 20 30 
 16.6667 30 
 16.6667 30 
 20 30 
 20 33.3333 
 16.6667 33.3333 
 16.6667 33.3333 
 20 33.3333 
 20 36.6667 
 16.6667 36.6667 
 16.6667 36.6667 
 20 36.6667 
 20 40 
 16.6667 40 
 16.6667 40 
 20 40 
 20 43.3333 
 16.6667 43.3333 
 16.6667 43.3333 
 20 43.3333 
 20 46.6667 
 16.6667 46.6667 
 16.6667 46.6667 
 20 46.6667 
 20 50 
 16.6667 50 
 16.6667 50 
 20 50 
 20 53.3333 
 16.6667 53.3333 
 16.6667 53.3333 
 20 53.3333 
 20 56.6667 
 16.6667 56.6667 
 16.6667 56.6667 
 20 56.6667 
 20 60 
 16.6667 60 
 16.6667 60 
 20 60 
 20 63.3333 
 16.6667 63.3333 
 16.6667 63.3333 
 20 63.3333 
 20 66.6667 
 16.6667 66.6667 
 16.6667 66.6667 
 20 66.6667 
 20 70 
 16.6667 70 
 16.6667 70 
 20 70 
 20 73.3333 
 16.6667 73.3333 
 16.6667 73.3333 
 20 73.3333 
 20 76.6667 
 16.6667 76.6667 
 16.6667 76.6667 
 20 76.6667 
 20 80 
 16.6667 80 
 16.6667 80 
 20 80 
 20 83.3333 
 16.6667 83.3333 
 16.6667 83.3333 
 20 83.3333 
 20 86.6667 
 16.6667 86.6667 
 16.6667 86.6667 
 20 86.6667 
 20 90 
 16.6667 90 
 16.6667 90 
 20 90 
 20 93.3333 
 16.6667 93.3333 
 16.6667 93.3333 
 20 93.3333 
 20 96.6667 
 16.6667 96.6667 
 16.6667 96.6667 
 20 96.6667 
 20 100 
 16.6667 100 
 20 0 
 23.3333 0 
 23.3333 3.33333 
 20 3.33333 
 20 3.33333 
 23.3333 3.33333 
 23.3333 6.66667 
 20 6.66667 
 20 6.66667 
 23.3333 6.66667 
 23.3333 10 
 20 10 
 20 10 
 23.3333 10 
 23.3333 13.3333 
 20 13.3333 
 20 13.3333 
 23.3333 13.3333 
 23.3333 16.6667 
 20 16.6667 
 20 16.6667 
 23.3333 16.6667 
 23.3333 20 
 20 20 
 20 20 
 23.3333 20 
 23.3333 23.3333 
 20 23.3333 
 20 23.3333 
 23.3333 23.3333 
 23.3333 26.6667 
 20 26.6667 
 20 26.6667 
 23.3333 26.6667 
 23.3333 30 
 20 30 
 20 30 
 23.3333 30 
 23.3333 33.3333 
 20 33.3333 
 20 33.3333 
 23.3333 33.3333 
 23.3333 36.6667 
 20 36.6667 
 20 36.6667 
 23.3333 36.6667 
 23.3333 40 
 20 40 
 20 40 
 23.3333 40 
 23.3333 43.3333 
 20 43.3333 
 20 43.3333 
 23.3333 43.3333 
 23.3333 46.6667 
 20 46.6667 
 20 46.6667 
 23.3333 46.6667 
 23.3333 50 
 20 50 
 20 50 
 23.3333 50 
 23.3333 53.3333 
 20 53.3333 
 20 53.3333 
 23.3333 53.3333 
 23.3333 56.6667 
 20 56.6667 
 20 56.6667 
 23.3333 56.6667 
 23.3333 60 
 20 60 
 20 60 
 23.3333 60 
 23.3333 63.3333 
 20 63.3333 
 20 63.3333 
 23.3333 63.3333 
 23.3333 66.6667 
 20 66.6667 
 20 66.6667 
 23.3333 66.6667 
 23.3333 70 
 20 70 
 20 70 
 23.3333 70 
 23.3333 73.3333 
 20 73.3333 
 20 73.3333 
 23.3333 73.3333 
 23.3333 76.6667 
 20 76.6667 
 20 76.6667 
 23.3333 76.6667 
 23.3333 80 
 20 80 
 20 80 
 23.3333 80 
 23.3333 83.3333 
 20 83.3333 
 20 83.3333 
 23.3333 83.3333 
 23.3333 86.6667 
 20 86.6667 
 20 86.6667 
 23.3333 86.6667 
 23.3333 90 
 20 90 
 20 90 
 23.3333 90 
 23.3333 93.3333 
 20 93.3333 
 20 93.3333 
 23.3333 93.3333 
 23.3333 96.6667 
 20 96.6667 
 20 96.6667 
 23.3333 96.6667 
 23.3333 100 
 20 100 
 23.3333 0 
 26.6667 0 
 26.6667 3.33333 
 23.3333 3.33333 
 23.3333 3.33333 
 26.6667 3.33333 
 26.6667 6.66667 
 23.3333 6.66667 
 23.3333 6.66667 
 26.6667 6.66667 
 26.6667 10 
 23.3333 10 
 23.3333 10 
 26.6667 10 
 26.6667 13.3333 
 23.3333 13.3333 
 23.3333 13.3333 
 26.6667 13.3333 
 26.6667 16.6667 
 23.3333 16.6667 
 23.3333 16.6667 
 26.6667 16.6667 
 26.6667 20 
 23.3333 20 
 23.3333 20 
 26.6667 20 
 26.6667 23.3333 
 23.3333 23.3333 
 23.3333 23.3333 
 26.6667 23.3333 
 26.6667 26.6667 
 23.3333 26.6667 
 23.3333 26.6667 
 26.6667 26.6667 
 26.6667 30 
 23.3333 30 
 23.3333 30 
 26.6667 30 
 26.6667 33.3333 
 23.3333 33.3333 
 23.3333 33.3333 
 26.6667 33.3333 
 26.6667 36.6667 
 23.3333 36.6667 
 23.3333 36.6667 
 26.6667 36.6667 
 26.6667 40 
 23.3333 40 
 23.3333 40 
 26.6667 40 
 26.6667 43.3333 
 23.3333 43.3333 
 23.3333 43.3333 
 26.6667 43.3333 
 26.6667 46.6667 
 23.3333 46.6667 
 23.3333 46.6667 
 26.6667 46.6667 
 26.6667 50 
 23.3333 50 
 23.3333 50 
 26.6667 50 
 26.6667 53.3333 
 23.3333 53.3333 
 23.3333 53.3333 
 26.6667 53.3333 
 26.6667 56.6667 
 23.3333 56.6667 
 23.3333 56.6667 
 26.6667 56.6667 
 26.6667 60 
 23.3333 60 
 23.3333 60 
 26.6667 60 
 26.6667 63.3333 
 23.3333 63.3333 
 23.3333 63.3333 
 26.6667 63.3333 
 26.6667 66.6667 
 23.3333 66.6667 
 23.3333 66.6667 
 26.6667 66.6667 
 26.6667 70 
 23.3333 70 
 23.3333 70 
 26.6667 70 
 26.6667 73.3333 
 23.3333 73.3333 
 23.3333 73.3333 
 26.6667 73.3333 
 26.6667 76.6667 
 23.3333 76.6667 
 23.3333 76.6667 
 26.6667 76.6667 
 26.6667 80 
 23.3333 80 
 23.3333 80 
 26.6667 80 
 26.6667 83.3333 
 23.3333 83.3333 
 23.3333 83.3333 
 26.6667 83.3333 
 26.6667 86.6667 
 23.3333 86.6667 
 23.3333 86.6667 
 26.6667 86.6667 
 26.6667 90 
 23.3333 90 
 23.3333 90 
 26.6667 90 
 26.6667 93.3333 
 23.3333 93.3333 
 23.3333 93.3333 
 26.6667 93.3333 
 26.6667 96.6667 
 23.3333 96.6667 
 23.3333 96.6667 
 26.6667 96.6667 
 26.6667 100 
 23.3333 100 
 26.6667 0 
 30 0 
 30 3.33333 
 26.6667 3.33333 
 26.6667 3.33333 
 30 3.33333 
 30 6.66667 
 26.6667 6.66667 
 26.6667 6.66667 
 30 6.66667 
 30 10 
 26.6667 10 
 26.6667 10 
 30 10 
 30 13.3333 
 26.6667 13.3333 
 26.6667 13.3333 
 30 13.3333 
 30 16.6667 
 26.6667 16.6667 
 26.6667 16.6667 
 30 16.6667 
 30 20 
 26.6667 20 
 26.6667 20 
 30 20 
 30 23.3333 
 26.6667 23.3333 
 26.6667 23.3333 
 30 23.3333 
 30 26.6667 
 26.6667 26.6667 
 26.6667 26.6667 
 30 26.6667 
 30 30 
 26.6667 30 
 26.6667 30 
 30 30 
 30 33.3333 
 26.6667 33.3333 
 26.6667 33.3333 
 30 33.3333 
 30 36.6667 
 26.6667 36.6667 
 26.6667 36.6667 
 30 36.6667 
 30 40 
 26.6667 40 
 26.6667 40 
 30 40 
 30 43.3333 
 26.6667 43.3333 
 26.6667 43.3333 
 30 43.3333 
 30 46.6667 
 26.6667 46.6667 
 26.6667 46.6667 
 30 46.6667 
 30 50 
 26.6667 50 
 26.6667 50 
 30 50 
 30 53.3333 
 26.6667 53.3333 
 26.6667 53.3333 
 30 53.3333 
 30 56.6667 
 26.6667 56.6667 
 26.6667 56.6667 
 30 56.6667 
 30 60 
 26.6667 60 
 26.6667 60 
 30 60 
 30 63.3333 
 26.6667 63.3333 
 26.6667 63.3333 
 30 63.3333 
 30 66.6667 
 26.6667 66.6667 
 26.6667 66.6667 
 30 66.6667 
 30 70 
 26.6667 70 
 26.6667 70 
 30 70 
 30 73.3333 
 26.6667 73.3333 
 26.6667 73.3333 
 30 73.3333 
 30 76.6667 
 26.6667 76.6667 
 26.6667 76.6667 
 30 76.6667 
 30 80 
 26.6667 80 
 26.6667 80 
 30 80 
 30 83.3333 
 26.6667 83.3333 
 26.6667 83.3333 
 30 83.3333 
 30 86.6667 
 26.6667 86.6667 
 26.6667 86.6667 
 30 86.6667 
 30 90 
 26.6667 90 
 26.6667 90 
 30 90 
 30 93.3333 
 26.6667 93.3333 
 26.6667 93.3333 
 30 93.3333 
 30 96.6667 
 26.6667 96.6667 
 26.6667 96.6667 
 30 96.6667 
 30 100 
 26.6667 100 
 30 0 
 33.3333 0 
 33.3333 3.33333 
 30 3.33333 
 30 3.33333 
 33.3333 3.33333 
 33.3333 6.66667 
 30 6.66667 
 30 6.66667 
 33.3333 6.66667 
 33.3333 10 
 30 10 
 30 10 
 33.3333 10 
 33.3333 13.3333 
 30 13.3333 
 30 13.3333 
 33.3333 13.3333 
 33.3333 16.6667 
 30 16.6667 
 30 16.6667 
 33.3333 16.6667 
 33.3333 20 
 30 20 
 30 20 
 33.3333 20 
 33.3333 23.3333 
 30 23.3333 
 30 23.3333 
 33.3333 23.3333 
 33.3333 26.6667 
 30 26.6667 
 30 26.6667 
 33.3333 26.6667 
 33.3333 30 
 30 30 
 30 30 
 33.3333 30 
 33.3333 33.3333 
 30 33.3333 
 30 33.3333 
 33.3333 33.3333 
 33.3333 36.6667 
 30 36.6667 
 30 36.6667 
 33.3333 36.6667 
 33.3333 40 
 30 40 
 30 40 
 33.3333 40 
 33.3333 43.3333 
 30 43.3333 
 30 43.3333 
 33.3333 43.3333 
 33.3333 46.6667 
 30 46.6667 
 30 46.6667 
 33.3333 46.6667 
 33.3333 50 
 30 50 
 30 50 
 33.3333 50 
 33.3333 53.3333 
 30 53.3333 
 30 53.3333 
 33.3333 53.3333 
 33.3333 56.6667 
 30 56.6667 
 30 56.6667 
 33.3333 56.6667 
 33.3333 60 
 30 60 
 30 60 
 33.3333 60 
 33.3333 63.3333 
 30 63.3333 
 30 63.3333 
 33.3333 63.3333 
 33.3333 66.6667 
 30 66.6667 
 30 66.6667 
 33.3333 66.6667 
 33.3333 70 
 30 70 
 30 70 
 33.3333 70 
 33.3333 73.3333 
 30 73.3333 
 30 73.3333 
 33.3333 73.3333 
 33.3333 76.6667 
 30 76.6667 
 30 76.6667 
 33.3333 76.6667 
 33.3333 80 
 30 80 
 30 80 
 33.3333 80 
 33.3333 83.3333 
 30 83.3333 
 30 83.3333 
 33.3333 83.3333 
 33.3333 86.6667 
 30 86.6667 
 30 86.6667 
 33.3333 86.6667 
 33.3333 90 
 30 90 
 30 90 
 33.3333 90 
 33.3333 93.3333 
 30 93.3333 
 30 93.3333 
 33.3333 93.3333 
 33.3333 96.6667 
 30 96.6667 
 30 96.6667 
 33.3333 96.6667 
 33.3333 100 
 30 100 
 33.3333 0 
 36.6667 0 
 36.6667 3.33333 
 33.3333 3.33333 
 33.3333 3.33333 
 36.6667 3.33333 
 36.6667 6.66667 
 33.3333 6.66667 
 33.3333 6.66667 
 36.6667 6.66667 
 36.6667 10 
 33.3333 10 
 33.3333 10 
 36.6667 10 
 36.6667 13.3333 
 33.3333 13.3333 
 33.3333 13.3333 
 36.6667 13.3333 
 36.6667 16.6667 
 33.3333 16.6667 
 33.3333 16.6667 
 36.6667 16.6667 
 36.6667 20 
 33.3333 20 
 33.3333 20 
 36.6667 20 
 36.6667 23.3333 
 33.3333 23.3333 
 33.3333 23.3333 
 36.6667 23.3333 
 36.6667 26.6667 
 33.3333 26.6667 
 33.3333 26.6667 
 36.6667 26.6667 
 36.6667 30 
 33.3333 30 
 33.3333 30 
 36.6667 30 
 36.6667 33.3333 
 33.3333 33.3333 
 33.3333 33.3333 
 36.6667 33.3333 
 36.6667 36.6667 
 33.3333 36.6667 
 33.3333 36.6667 
 36.6667 36.6667 
 36.6667 40 
 33.3333 40 
 33.3333 40 
 36.6667 40 
 36.6667 43.3333 
 33.3333 43.3333 
 33.3333 43.3333 
 36.6667 43.3333 
 36.6667 46.6667 
 33.3333 46.6667 
 33.3333 46.6667 
 36.6667 46.6667 
 36.6667 50 
 33.3333 50 
 33.3333 50 
 36.6667 50 
 36.6667 53.3333 
 33.3333 53.3333 
 33.3333 53.3333 
 36.6667 53.3333 
 36.6667 56.6667 
 33.3333 56.6667 
 33.3333 56.6667 
 36.6667 56.6667 
 36.6667 60 
 33.3333 60 
 33.3333 60 
 36.6667 60 
 36.6667 63.3333 
 33.3333 63.3333 
 33.3333 63.3333 
 36.6667 63.3333 
 36.6667 66.6667 
 33.3333 66.6667 
 33.3333 66.6667 
 36.6667 66.6667 
 36.6667 70 
 33.3333 70 
 33.3333 70 
 36.6667 70 
 36.6667 73.3333 
 33.3333 73.3333 
 33.3333 73.3333 
 36.6667 73.3333 
 36.6667 76.6667 
 33.3333 76.6667 
 33.3333 76.6667 
 36.6667 76.6667 
 36.6667 80 
 33.3333 80 
 33.3333 80 
 36.6667 80 
 36.6667 83.3333 
 33.3333 83.3333 
 33.3333 83.3333 
 36.6667 83.3333 
 36.6667 86.6667 
 33.3333 86.6667 
 33.3333 86.6667 
 36.6667 86.6667 
 36.6667 90 
 33.3333 90 
 33.3333 90 
 36.6667 90 
 36.6667 93.3333 
 33.3333 93.3333 
 33.3333 93.3333 
 36.6667 93.3333 
 36.6667 96.6667 
 33.3333 96.6667 
 33.3333 96.6667 
 36.6667 96.6667 
 36.6667 100 
 33.3333 100 
 36.6667 0 
 40 0 
 40 3.33333 
 36.6667 3.33333 
 36.6667 3.33333 
 40 3.33333 
 40 6.66667 
 36.6667 6.66667 
 36.6667 6.66667 
 40 6.66667 
 40 10 
 36.6667 10 
 36.6667 10 
 40 10 
 40 13.3333 
 36.6667 13.3333 
 36.6667 13.3333 
 40 13.3333 
 40 16.6667 
 36.6667 16.6667 
 36.6667 16.6667 
 40 16.6667 
 40 20 
 36.6667 20 
 36.6667 20 
 40 20 
 40 23.3333 
 36.6667 23.3333 
 36.6667 23.3333 
 40 23.3333 
 40 26.6667 
 36.6667 26.6667 
 36.6667 26.6667 
 40 26.6667 
 40 30 
 36.6667 30 
 36.6667 30 
 40 30 
 40 33.3333 
 36.6667 33.3333 
 36.6667 33.3333 
 40 33.3333 
 40 36.6667 
 36.6667 36.6667 
 36.6667 36.6667 
 40 36.6667 
 40 40 
 36.6667 40 
 36.6667 40 
 40 40 
 40 43.3333 
 36.6667 43.3333 
 36.6667 43.3333 
 40 43.3333 
 40 46.6667 
 36.6667 46.6667 
 36.6667 46.6667 
 40 46.6667 
 40 50 
 36.6667 50 
 36.6667 50 
 40 50 
 40 53.3333 
 36.6667 53.3333 
 36.6667 53.3333 
 40 53.3333 
 40 56.6667 
 36.6667 56.6667 
 36.6667 56.6667 
 40 56.6667 
 40 60 
 36.6667 60 
 36.6667 60 
 40 60 
 40 63.3333 
 36.6667 63.3333 
 36.6667 63.3333 
 40 63.3333 
 40 66.6667 
 36.6667 66.6667 
 36.6667 66.6667 
 40 66.6667 
 40 70 
 36.6667 70 
 36.6667 70 
 40 70 
 40 73.3333 
 36.6667 73.3333 
 36.6667 73.3333 
 40 73.3333 
 40 76.6667 
 36.6667 76.6667 
 36.6667 76.6667 
 40 76.6667 
 40 80 
 36.6667 80 
 36.6667 80 
 40 80 
 40 83.3333 
 36.6667 83.3333 
 36.6667 83.3333 
 40 83.3333 
 40 86.6667 
 36.6667 86.6667 
 36.6667 86.6667 
 40 86.6667 
 40 90 
 36.6667 90 
 36.6667 90 
 40 90 
 40 93.3333 
 36.6667 93.3333 
 36.6667 93.3333 
 40 93.3333 
 40 96.6667 
 36.6667 96.6667 
 36.6667 96.6667 
 40 96.6667 
 40 100 
 36.6667 100 
 40 0 
 43.3333 0 
 43.3333 3.33333 
 40 3.33333 
 40 3.33333 
 43.3333 3.33333 
 43.3333 6.66667 
 40 6.66667 
 40 6.66667 
 43.3333 6.66667 
 43.3333 10 
 40 10 
 40 10 
 43.3333 10 
 43.3333 13.3333 
 40 13.3333 
 40 13.3333 
 43.3333 13.3333 
 43.3333 16.6667 
 40 16.6667 
 40 16.6667 
 43.3333 16.6667 
 43.3333 20 
 40 20 
 40 20 
 43.3333 20 
 43.3333 23.3333 
 40 23.3333 
 40 23.3333 
 43.3333 23.3333 
 43.3333 26.6667 
 40 26.6667 
 40 26.6667 
 43.3333 26.6667 
 43.3333 30 
 40 30 
 40 30 
 43.3333 30 
 43.3333 33.3333 
 40 33.3333 
 40 33.3333 
 43.3333 33.3333 
 43.3333 36.6667 
 40 36.6667 
 40 36.6667 
 43.3333 36.6667 
 43.3333 40 
 40 40 
 40 40 
 43.3333 40 
 43.3333 43.3333 
 40 43.3333 
 40 43.3333 
 43.3333 43.3333 
 43.3333 46.6667 
 40 46.6667 
 40 46.6667 
 43.3333 46.6667 
 43.3333 50 
 40 50 
 40 50 
 43.3333 50 
 43.3333 53.3333 
 40 53.3333 
 40 53.3333 
 43.3333 53.3333 
 43.3333 56.6667 
 40 56.6667 
 40 56.6667 
 43.3333 56.6667 
 43.3333 60 
 40 60 
 40 60 
 43.3333 60 
 43.3333 63.3333 
 40 63.3333 
 40 63.3333 
 43.3333 63.3333 
 43.3333 66.6667 
 40 66.6667 
 40 66.6667 
 43.3333 66.6667 
 43.3333 70 
 40 70 
 40 70 
 43.3333 70 
 43.3333 73.3333 
 40 73.3333 
 40 73.3333 
 43.3333 73.3333 
 43.3333 76.6667 
 40 76.6667 
 40 76.6667 
 43.3333 76.6667 
 43.3333 80 
 40 80 
 40 80 
 43.3333 80 
 43.3333 83.3333 
 40 83.3333 
 40 83.3333 
 43.3333 83.3333 
 43.3333 86.6667 
 40 86.6667 
 40 86.6667 
 43.3333 86.6667 
 43.3333 90 
 40 90 
 40 90 
 43.3333 90 
 43.3333 93.3333 
 40 93.3333 
 40 93.3333 
 43.3333 93.3333 
 43.3333 96.6667 
 40 96.6667 
 40 96.6667 
 43.3333 96.6667 
 43.3333 100 
 40 100 
 43.3333 0 
 46.6667 0 
 46.6667 3.33333 
 43.3333 3.33333 
 43.3333 3.33333 
 46.6667 3.33333 
 46.6667 6.66667 
 43.3333 6.66667 
 43.3333 6.66667 
 46.6667 6.66667 
 46.6667 10 
 43.3333 10 
 43.3333 10 
 46.6667 10 
 46.6667 13.3333 
 43.3333 13.3333 
 43.3333 13.3333 
 46.6667 13.3333 
 46.6667 16.6667 
 43.3333 16.6667 
 43.3333 16.6667 
 46.6667 16.6667 
 46.6667 20 
 43.3333 20 
 43.3333 20 
 46.6667 20 
 46.6667 23.3333 
 43.3333 23.3333 
 43.3333 23.3333 
 46.6667 23.3333 
 46.6667 26.6667 
 43.3333 26.6667 
 43.3333 26.6667 
 46.6667 26.6667 
 46.6667 30 
 43.3333 30 
 43.3333 30 
 46.6667 30 
 46.6667 33.3333 
 43.3333 33.3333 
 43.3333 33.3333 
 46.6667 33.3333 
 46.6667 36.6667 
 43.3333 36.6667 
 43.3333 36.6667 
 46.6667 36.6667 
 46.6667 40 
 43.3333 40 
 43.3333 40 
 46.6667 40 
 46.6667 43.3333 
 43.3333 43.3333 
 43.3333 43.3333 
 46.6667 43.3333 
 46.6667 46.6667 
 43.3333 46.6667 
 43.3333 46.6667 
 46.6667 46.6667 
 46.6667 50 
 43.3333 50 
 43.3333 50 
 46.6667 50 
 46.6667 53.3333 
 43.3333 53.3333 
 43.3333 53.3333 
 46.6667 53.3333 
 46.6667 56.6667 
 43.3333 56.6667 
 43.3333 56.6667 
 46.6667 56.6667 
 46.6667 60 
 43.3333 60 
 43.3333 60 
 46.6667 60 
 46.6667 63.3333 
 43.3333 63.3333 
 43.3333 63.3333 
 46.6667 63.3333 
 46.6667 66.6667 
 43.3333 66.6667 
 43.3333 66.6667 
 46.6667 66.6667 
 46.6667 70 
 43.3333 70 
 43.3333 70 
 46.6667 70 
 46.6667 73.3333 
 43.3333 73.3333 
 43.3333 73.3333 
 46.6667 73.3333 
 46.6667 76.6667 
 43.3333 76.6667 
 43.3333 76.6667 
 46.6667 76.6667 
 46.6667 80 
 43.3333 80 
 43.3333 80 
 46.6667 80 
 46.6667 83.3333 
 43.3333 83.3333 
 43.3333 83.3333 
 46.6667 83.3333 
 46.6667 86.6667 
 43.3333 86.6667 
 43.3333 86.6667 
 46.6667 86.6667 
 46.6667 90 
 43.3333 90 
 43.3333 90 
 46.6667 90 
 46.6667 93.3333 
 43.3333 93.3333 
 43.3333 93.3333 
 46.6667 93.3333 
 46.6667 96.6667 
 43.3333 96.6667 
 43.3333 96.6667 
 46.6667 96.6667 
 46.6667 100 
 43.3333 100 
 46.6667 0 
 50 0 
 50 3.33333 
 46.6667 3.33333 
 46.6667 3.33333 
 50 3.33333 
 50 6.66667 
 46.6667 6.66667 
 46.6667 6.66667 
 50 6.66667 
 50 10 
 46.6667 10 
 46.6667 10 
 50 10 
 50 13.3333 
 46.6667 13.3333 
 46.6667 13.3333 
 50 13.3333 
 50 16.6667 
 46.6667 16.6667 
 46.6667 16.6667 
 50 16.6667 
 50 20 
 46.6667 20 
 46.6667 20 
 50 20 
 50 23.3333 
 46.6667 23.3333 
 46.6667 23.3333 
 50 23.3333 
 50 26.6667 
 46.6667 26.6667 
 46.6667 26.6667 
 50 26.6667 
 50 30 
 46.6667 30 
 46.6667 30 
 50 30 
 50 33.3333 
 46.6667 33.3333 
 46.6667 33.3333 
 50 33.3333 
 50 36.6667 
 46.6667 36.6667 
 46.6667 36.6667 
 50 36.6667 
 50 40 
 46.6667 40 
 46.6667 40 
 50 40 
 50 43.3333 
 46.6667 43.3333 
 46.6667 43.3333 
 50 43.3333 
 50 46.6667 
 46.6667 46.6667 
 46.6667 46.6667 
 50 46.6667 
 50 50 
 46.6667 50 
 46.6667 50 
 50 50 
 50 53.3333 
 46.6667 53.3333 
 46.6667 53.3333 
 50 53.3333 
 50 56.6667 
 46.6667 56.6667 
 46.6667 56.6667 
 50 56.6667 
 50 60 
 46.6667 60 
 46.6667 60 
 50 60 
 50 63.3333 
 46.6667 63.3333 
 46.6667 63.3333 
 50 63.3333 
 50 66.6667 
 46.6667 66.6667 
 46.6667 66.6667 
 50 66.6667 
 50 70 
 46.6667 70 
 46.6667 70 
 50 70 
 50 73.3333 
 46.6667 73.3333 
 46.6667 73.3333 
 50 73.3333 
 50 76.6667 
 46.6667 76.6667 
 46.6667 76.6667 
 50 76.6667 
 50 80 
 46.6667 80 
 46.6667 80 
 50 80 
 50 83.3333 
 46.6667 83.3333 
 46.6667 83.3333 
 50 83.3333 
 50 86.6667 
 46.6667 86.6667 
 46.6667 86.6667 
 50 86.6667 
 50 90 
 46.6667 90 
 46.6667 90 
 50 90 
 50 93.3333 
 46.6667 93.3333 
 46.6667 93.3333 
 50 93.3333 
 50 96.6667 
 46.6667 96.6667 
 46.6667 96.6667 
 50 96.6667 
 50 100 
 46.6667 100 
 50 0 
 53.3333 0 
 53.3333 3.33333 
 50 3.33333 
 50 3.33333 
 53.3333 3.33333 
 53.3333 6.66667 
 50 6.66667 
 50 6.66667 
 53.3333 6.66667 
 53.3333 10 
 50 10 
 50 10 
 53.3333 10 
 53.3333 13.3333 
 50 13.3333 
 50 13.3333 
 53.3333 13.3333 
 53.3333 16.6667 
 50 16.6667 
 50 16.6667 
 53.3333 16.6667 
 53.3333 20 
 50 20 
 50 20 
 53.3333 20 
 53.3333 23.3333 
 50 23.3333 
 50 23.3333 
 53.3333 23.3333 
 53.3333 26.6667 
 50 26.6667 
 50 26.6667 
 53.3333 26.6667 
 53.3333 30 
 50 30 
 50 30 
 53.3333 30 
 53.3333 33.3333 
 50 33.3333 
 50 33.3333 
 53.3333 33.3333 
 53.3333 36.6667 
 50 36.6667 
 50 36.6667 
 53.3333 36.6667 
 53.3333 40 
 50 40 
 50 40 
 53.3333 40 
 53.3333 43.3333 
 50 43.3333 
 50 43.3333 
 53.3333 43.3333 
 53.3333 46.6667 
 50 46.6667 
 50 46.6667 
 53.3333 46.6667 
 53.3333 50 
 50 50 
 50 50 
 53.3333 50 
 53.3333 53.3333 
 50 53.3333 
 50 53.3333 
 53.3333 53.3333 
 53.3333 56.6667 
 50 56.6667 
 50 56.6667 
 53.3333 56.6667 
 53.3333 60 
 50 60 
 50 60 
 53.3333 60 
 53.3333 63.3333 
 50 63.3333 
 50 63.3333 
 53.3333 63.3333 
 53.3333 66.6667 
 50 66.6667 
 50 66.6667 
 53.3333 66.6667 
 53.3333 70 
 50 70 
 50 70 
 53.3333 70 
 53.3333 73.3333 
 50 73.3333 
 50 73.3333 
 53.3333 73.3333 
 53.3333 76.6667 
 50 76.6667 
 50 76.6667 
 53.3333 76.6667 
 53.3333 80 
 50 80 
 50 80 
 53.3333 80 
 53.3333 83.3333 
 50 83.3333 
 50 83.3333 
 53.3333 83.3333 
 53.3333 86.6667 
 50 86.6667 
 50 86.6667 
 53.3333 86.6667 
 53.3333 90 
 50 90 
 50 90 
 53.3333 90 
 53.3333 93.3333 
 50 93.3333 
 50 93.3333 
 53.3333 93.3333 
 53.3333 96.6667 
 50 96.6667 
 50 96.6667 
 53.3333 96.6667 
 53.3333 100 
 50 100 
 53.3333 0 
 56.6667 0 
 56.6667 3.33333 
 53.3333 3.33333 
 53.3333 3.33333 
 56.6667 3.33333 
 56.6667 6.66667 
 53.3333 6.66667 
 53.3333 6.66667 
 56.6667 6.66667 
 56.6667 10 
 53.3333 10 
 53.3333 10 
 56.6667 10 
 56.6667 13.3333 
 53.3333 13.3333 
 53.3333 13.3333 
 56.6667 13.3333 
 56.6667 16.6667 
 53.3333 16.6667 
 53.3333 16.6667 
 56.6667 16.6667 
 56.6667 20 
 53.3333 20 
 53.3333 20 
 56.6667 20 
 56.6667 23.3333 
 53.3333 23.3333 
 53.3333 23.3333 
 56.6667 23.3333 
 56.6667 26.6667 
 53.3333 26.6667 
 53.3333 26.6667 
 56.6667 26.6667 
 56.6667 30 
 53.3333 30 
 53.3333 30 
 56.6667 30 
 56.6667 33.3333 
 53.3333 33.3333 
 53.3333 33.3333 
 56.6667 33.3333 
 56.6667 36.6667 
 53.3333 36.6667 
 53.3333 36.6667 
 56.6667 36.6667 
 56.6667 40 
 53.3333 40 
 53.3333 40 
 56.6667 40 
 56.6667 43.3333 
 53.3333 43.3333 
 53.3333 43.3333 
 56.6667 43.3333 
 56.6667 46.6667 
 53.3333 46.6667 
 53.3333 46.6667 
 56.6667 46.6667 
 56.6667 50 
 53.3333 50 
 53.3333 50 
 56.6667 50 
 56.6667 53.3333 
 53.3333 53.3333 
 53.3333 53.3333 
 56.6667 53.3333 
 56.6667 56.6667 
 53.3333 56.6667 
 53.3333 56.6667 
 56.6667 56.6667 
 56.6667 60 
 53.3333 60 
 53.3333 60 
 56.6667 60 
 56.6667 63.3333 
 53.3333 63.3333 
 53.3333 63.3333 
 56.6667 63.3333 
 56.6667 66.6667 
 53.3333 66.6667 
 53.3333 66.6667 
 56.6667 66.6667 
 56.6667 70 
 53.3333 70 
 53.3333 70 
 56.6667 70 
 56.6667 73.3333 
 53.3333 73.3333 
 53.3333 73.3333 
 56.6667 73.3333 
 56.6667 76.6667 
 53.3333 76.6667 
 53.3333 76.6667 
 56.6667 76.6667 
 56.6667 80 
 53.3333 80 
 53.3333 80 
 56.6667 80 
 56.6667 83.3333 
 53.3333 83.3333 
 53.3333 83.3333 
 56.6667 83.3333 
 56.6667 86.6667 
 53.3333 86.6667 
 53.3333 86.6667 
 56.6667 86.6667 
 56.6667 90 
 53.3333 90 
 53.3333 90 
 56.6667 90 
 56.6667 93.3333 
 53.3333 93.3333 
 53.3333 93.3333 
 56.6667 93.3333 
 56.6667 96.6667 
 53.3333 96.6667 
 53.3333 96.6667 
 56.6667 96.6667 
 56.6667 100 
 53.3333 100 
 56.6667 0 
 60 0 
 60 3.33333 
 56.6667 3.33333 
 56.6667 3.33333 
 60 3.33333 
 60 6.66667 
 56.6667 6.66667 
 56.6667 6.66667 
 60 6.66667 
 60 10 
 56.6667 10 
 56.6667 10 
 60 10 
 60 13.3333 
 56.6667 13.3333 
 56.6667 13.3333 
 60 13.3333 
 60 16.6667 
 56.6667 16.6667 
 56.6667 16.6667 
 60 16.6667 
 60 20 
 56.6667 20 
 56.6667 20 
 60 20 
 60 23.3333 
 56.6667 23.3333 
 56.6667 23.3333 
 60 23.3333 
 60 26.6667 
 56.6667 26.6667 
 56.6667 26.6667 
 60 26.6667 
 60 30 
 56.6667 30 
 56.6667 30 
 60 30 
 60 33.3333 
 56.6667 33.3333 
 56.6667 33.3333 
 60 33.3333 
 60 36.6667 
 56.6667 36.6667 
 56.6667 36.6667 
 60 36.6667 
 60 40 
 56.6667 40 
 56.6667 40 
 60 40 
 60 43.3333 
 56.6667 43.3333 
 56.6667 43.3333 
 60 43.3333 
 60 46.6667 
 56.6667 46.6667 
 56.6667 46.6667 
 60 46.6667 
 60 50 
 56.6667 50 
 56.6667 50 
 60 50 
 60 53.3333 
 56.6667 53.3333 
 56.6667 53.3333 
 60 53.3333 
 60 56.6667 
 56.6667 56.6667 
 56.6667 56.6667 
 60 56.6667 
 60 60 
 56.6667 60 
 56.6667 60 
 60 60 
 60 63.3333 
 56.6667 63.3333 
 56.6667 63.3333 
 60 63.3333 
 60 66.6667 
 56.6667 66.6667 
 56.6667 66.6667 
 60 66.6667 
 60 70 
 56.6667 70 
 56.6667 70 
 60 70 
 60 73.3333 
 56.6667 73.3333 
 56.6667 73.3333 
 60 73.3333 
 60 76.6667 
 56.6667 76.6667 
 56.6667 76.6667 
 60 76.6667 
 60 80 
 56.6667 80 
 56.6667 80 
 60 80 
 60 83.3333 
 56.6667 83.3333 
 56.6667 83.3333 
 60 83.3333 
 60 86.6667 
 56.6667 86.6667 
 56.6667 86.6667 
 60 86.6667 
 60 90 
 56.6667 90 
 56.6667 90 
 60 90 
 60 93.3333 
 56.6667 93.3333 
 56.6667 93.3333 
 60 93.3333 
 60 96.6667 
 56.6667 96.6667 
 56.6667 96.6667 
 60 96.6667 
 60 100 
 56.6667 100 
 60 0 
 63.3333 0 
 63.3333 3.33333 
 60 3.33333 
 60 3.33333 
 63.3333 3.33333 
 63.3333 6.66667 
 60 6.66667 
 60 6.66667 
 63.3333 6.66667 
 63.3333 10 
 60 10 
 60 10 
 63.3333 10 
 63.3333 13.3333 
 60 13.3333 
 60 13.3333 
 63.3333 13.3333 
 63.3333 16.6667 
 60 16.6667 
 60 16.6667 
 63.3333 16.6667 
 63.3333 20 
 60 20 
 60 20 
 63.3333 20 
 63.3333 23.3333 
 60 23.3333 
 60 23.3333 
 63.3333 23.3333 
 63.3333 26.6667 
 60 26.6667 
 60 26.6667 
 63.3333 26.6667 
 63.3333 30 
 60 30 
 60 30 
 63.3333 30 
 63.3333 33.3333 
 60 33.3333 
 60 33.3333 
 63.3333 33.3333 
 63.3333 36.6667 
 60 36.6667 
 60 36.6667 
 63.3333 36.6667 
 63.3333 40 
 60 40 
 60 40 
 63.3333 40 
 63.3333 43.3333 
 60 43.3333 
 60 43.3333 
 63.3333 43.3333 
 63.3333 46.6667 
 60 46.6667 
 60 46.6667 
 63.3333 46.6667 
 63.3333 50 
 60 50 
 60 50 
 63.3333 50 
 63.3333 53.3333 
 60 53.3333 
 60 53.3333 
 63.3333 53.3333 
 63.3333 56.6667 
 60 56.6667 
 60 56.6667 
 63.3333 56.6667 
 63.3333 60 
 60 60 
 60 60 
 63.3333 60 
 63.3333 63.3333 
 60 63.3333 
 60 63.3333 
 63.3333 63.3333 
 63.3333 66.6667 
 60 66.6667 
 60 66.6667 
 63.3333 66.6667 
 63.3333 70 
 60 70 
 60 70 
 63.3333 70 
 63.3333 73.3333 
 60 73.3333 
 60 73.3333 
 63.3333 73.3333 
 63.3333 76.6667 
 60 76.6667 
 60 76.6667 
 63.3333 76.6667 
 63.3333 80 
 60 80 
 60 80 
 63.3333 80 
 63.3333 83.3333 
 60 83.3333 
 60 83.3333 
 63.3333 83.3333 
 63.3333 86.6667 
 60 86.6667 
 60 86.6667 
 63.3333 86.6667 
 63.3333 90 
 60 90 
 60 90 
 63.3333 90 
 63.3333 93.3333 
 60 93.3333 
 60 93.3333 
 63.3333 93.3333 
 63.3333 96.6667 
 60 96.6667 
 60 96.6667 
 63.3333 96.6667 
 63.3333 100 
 60 100 
 63.3333 0 
 66.6667 0 
 66.6667 3.33333 
 63.3333 3.33333 
 63.3333 3.33333 
 66.6667 3.33333 
 66.6667 6.66667 
 63.3333 6.66667 
 63.3333 6.66667 
 66.6667 6.66667 
 66.6667 10 
 63.3333 10 
 63.3333 10 
 66.6667 10 
 66.6667 13.3333 
 63.3333 13.3333 
 63.3333 13.3333 
 66.6667 13.3333 
 66.6667 16.6667 
 63.3333 16.6667 
 63.3333 16.6667 
 66.6667 16.6667 
 66.6667 20 
 63.3333 20 
 63.3333 20 
 66.6667 20 
 66.6667 23.3333 
 63.3333 23.3333 
 63.3333 23.3333 
 66.6667 23.3333 
 66.6667 26.6667 
 63.3333 26.6667 
 63.3333 26.6667 
 66.6667 26.6667 
 66.6667 30 
 63.3333 30 
 63.3333 30 
 66.6667 30 
 66.6667 33.3333 
 63.3333 33.3333 
 63.3333 33.3333 
 66.6667 33.3333 
 66.6667 36.6667 
 63.3333 36.6667 
 63.3333 36.6667 
 66.6667 36.6667 
 66.6667 40 
 63.3333 40 
 63.3333 40 
 66.6667 40 
 66.6667 43.3333 
 63.3333 43.3333 
 63.3333 43.3333 
 66.6667 43.3333 
 66.6667 46.6667 
 63.3333 46.6667 
 63.3333 46.6667 
 66.6667 46.6667 
 66.6667 50 
 63.3333 50 
 63.3333 50 
 66.6667 50 
 66.6667 53.3333 
 63.3333 53.3333 
 63.3333 53.3333 
 66.6667 53.3333 
 66.6667 56.6667 
 63.3333 56.6667 
 63.3333 56.6667 
 66.6667 56.6667 
 66.6667 60 
 63.3333 60 
 63.3333 60 
 66.6667 60 
 66.6667 63.3333 
 63.3333 63.3333 
 63.3333 63.3333 
 66.6667 63.3333 
 66.6667 66.6667 
 63.3333 66.6667 
 63.3333 66.6667 
 66.6667 66.6667 
 66.6667 70 
 63.3333 70 
 63.3333 70 
 66.6667 70 
 66.6667 73.3333 
 63.3333 73.3333 
 63.3333 73.3333 
 66.6667 73.3333 
 66.6667 76.6667 
 63.3333 76.6667 
 63.3333 76.6667 
 66.6667 76.6667 
 66.6667 80 
 63.3333 80 
 63.3333 80 
 66.6667 80 
 66.6667 83.3333 
 63.3333 83.3333 
 63.3333 83.3333 
 66.6667 83.3333 
 66.6667 86.6667 
 63.3333 86.6667 
 63.3333 86.6667 
 66.6667 86.6667 
 66.6667 90 
 63.3333 90 
 63.3333 90 
 66.6667 90 
 66.6667 93.3333 
 63.3333 93.3333 
 63.3333 93.3333 
 66.6667 93.3333 
 66.6667 96.6667 
 63.3333 96.6667 
 63.3333 96.6667 
 66.6667 96.6667 
 66.6667 100 
 63.3333 100 
 66.6667 0 
 70 0 
 70 3.33333 
 66.6667 3.33333 
 66.6667 3.33333 
 70 3.33333 
 70 6.66667 
 66.6667 6.66667 
 66.6667 6.66667 
 70 6.66667 
 70 10 
 66.6667 10 
 66.6667 10 
 70 10 
 70 13.3333 
 66.6667 13.3333 
 66.6667 13.3333 
 70 13.3333 
 70 16.6667 
 66.6667 16.6667 
 66.6667 16.6667 
 70 16.6667 
 70 20 
 66.6667 20 
 66.6667 20 
 70 20 
 70 23.3333 
 66.6667 23.3333 
 66.6667 23.3333 
 70 23.3333 
 70 26.6667 
 66.6667 26.6667 
 66.6667 26.6667 
 70 26.6667 
 70 30 
 66.6667 30 
 66.6667 30 
 70 30 
 70 33.3333 
 66.6667 33.3333 
 66.6667 33.3333 
 70 33.3333 
 70 36.6667 
 66.6667 36.6667 
 66.6667 36.6667 
 70 36.6667 
 70 40 
 66.6667 40 
 66.6667 40 
 70 40 
 70 43.3333 
 66.6667 43.3333 
 66.6667 43.3333 
 70 43.3333 
 70 46.6667 
 66.6667 46.6667 
 66.6667 46.6667 
 70 46.6667 
 70 50 
 66.6667 50 
 66.6667 50 
 70 50 
 70 53.3333 
 66.6667 53.3333 
 66.6667 53.3333 
 70 53.3333 
 70 56.6667 
 66.6667 56.6667 
 66.6667 56.6667 
 70 56.6667 
 70 60 
 66.6667 60 
 66.6667 60 
 70 60 
 70 63.3333 
 66.6667 63.3333 
 66.6667 63.3333 
 70 63.3333 
 70 66.6667 
 66.6667 66.6667 
 66.6667 66.6667 
 70 66.6667 
 70 70 
 66.6667 70 
 66.6667 70 
 70 70 
 70 73.3333 
 66.6667 73.3333 
 66.6667 73.3333 
 70 73.3333 
 70 76.6667 
 66.6667 76.6667 
 66.6667 76.6667 
 70 76.6667 
 70 80 
 66.6667 80 
 66.6667 80 
 70 80 
 70 83.3333 
 66.6667 83.3333 
 66.6667 83.3333 
 70 83.3333 
 70 86.6667 
 66.6667 86.6667 
 66.6667 86.6667 
 70 86.6667 
 70 90 
 66.6667 90 
 66.6667 90 
 70 90 
 70 93.3333 
 66.6667 93.3333 
 66.6667 93.3333 
 70 93.3333 
 70 96.6667 
 66.6667 96.6667 
 66.6667 96.6667 
 70 96.6667 
 70 100 
 66.6667 100 
 70 0 
 73.3333 0 
 73.3333 3.33333 
 70 3.33333 
 70 3.33333 
 73.3333 3.33333 
 73.3333 6.66667 
 70 6.66667 
 70 6.66667 
 73.3333 6.66667 
 73.3333 10 
 70 10 
 70 10 
 73.3333 10 
 73.3333 13.3333 
 70 13.3333 
 70 13.3333 
 73.3333 13.3333 
 73.3333 16.6667 
 70 16.6667 
 70 16.6667 
 73.3333 16.6667 
 73.3333 20 
 70 20 
 70 20 
 73.3333 20 
 73.3333 23.3333 
 70 23.3333 
 70 23.3333 
 73.3333 23.3333 
 73.3333 26.6667 
 70 26.6667 
 70 26.6667 
 73.3333 26.6667 
 73.3333 30 
 70 30 
 70 30 
 73.3333 30 
 73.3333 33.3333 
 70 33.3333 
 70 33.3333 
 73.3333 33.3333 
 73.3333 36.6667 
 70 36.6667 
 70 36.6667 
 73.3333 36.6667 
 73.3333 40 
 70 40 
 70 40 
 73.3333 40 
 73.3333 43.3333 
 70 43.3333 
 70 43.3333 
 73.3333 43.3333 
 73.3333 46.6667 
 70 46.6667 
 70 46.6667 
 73.3333 46.6667 
 73.3333 50 
 70 50 
 70 50 
 73.3333 50 
 73.3333 53.3333 
 70 53.3333 
 70 53.3333 
 73.3333 53.3333 
 73.3333 56.6667 
 70 56.6667 
 70 56.6667 
 73.3333 56.6667 
 73.3333 60 
 70 60 
 70 60 
 73.3333 60 
 73.3333 63.3333 
 70 63.3333 
 70 63.3333 
 73.3333 63.3333 
 73.3333 66.6667 
 70 66.6667 
 70 66.6667 
 73.3333 66.6667 
 73.3333 70 
 70 70 
 70 70 
 73.3333 70 
 73.3333 73.3333 
 70 73.3333 
 70 73.3333 
 73.3333 73.3333 
 73.3333 76.6667 
 70 76.6667 
 70 76.6667 
 73.3333 76.6667 
 73.3333 80 
 70 80 
 70 80 
 73.3333 80 
 73.3333 83.3333 
 70 83.3333 
 70 83.3333 
 73.3333 83.3333 
 73.3333 86.6667 
 70 86.6667 
 70 86.6667 
 73.3333 86.6667 
 73.3333 90 
 70 90 
 70 90 
 73.3333 90 
 73.3333 93.3333 
 70 93.3333 
 70 93.3333 
 73.3333 93.3333 
 73.3333 96.6667 
 70 96.6667 
 70 96.6667 
 73.3333 96.6667 
 73.3333 100 
 70 100 
 73.3333 0 
 76.6667 0 
 76.6667 3.33333 
 73.3333 3.33333 
 73.3333 3.33333 
 76.6667 3.33333 
 76.6667 6.66667 
 73.3333 6.66667 
 73.3333 6.66667 
 76.6667 6.66667 
 76.6667 10 
 73.3333 10 
 73.3333 10 
 76.6667 10 
 76.6667 13.3333 
 73.3333 13.3333 
 73.3333 13.3333 
 76.6667 13.3333 
 76.6667 16.6667 
 73.3333 16.6667 
 73.3333 16.6667 
 76.6667 16.6667 
 76.6667 20 
 73.3333 20 
 73.3333 20 
 76.6667 20 
 76.6667 23.3333 
 73.3333 23.3333 
 73.3333 23.3333 
 76.6667 23.3333 
 76.6667 26.6667 
 73.3333 26.6667 
 73.3333 26.6667 
 76.6667 26.6667 
 76.6667 30 
 73.3333 30 
 73.3333 30 
 76.6667 30 
 76.6667 33.3333 
 73.3333 33.3333 
 73.3333 33.3333 
 76.6667 33.3333 
 76.6667 36.6667 
 73.3333 36.6667 
 73.3333 36.6667 
 76.6667 36.6667 
 76.6667 40 
 73.3333 40 
 73.3333 40 
 76.6667 40 
 76.6667 43.3333 
 73.3333 43.3333 
 73.3333 43.3333 
 76.6667 43.3333 
 76.6667 46.6667 
 73.3333 46.6667 
 73.3333 46.6667 
 76.6667 46.6667 
 76.6667 50 
 73.3333 50 
 73.3333 50 
 76.6667 50 
 76.6667 53.3333 
 73.3333 53.3333 
 73.3333 53.3333 
 76.6667 53.3333 
 76.6667 56.6667 
 73.3333 56.6667 
 73.3333 56.6667 
 76.6667 56.6667 
 76.6667 60 
 73.3333 60 
 73.3333 60 
 76.6667 60 
 76.6667 63.3333 
 73.3333 63.3333 
 73.3333 63.3333 
 76.6667 63.3333 
 76.6667 66.6667 
 73.3333 66.6667 
 73.3333 66.6667 
 76.6667 66.6667 
 76.6667 70 
 73.3333 70 
 73.3333 70 
 76.6667 70 
 76.6667 73.3333 
 73.3333 73.3333 
 73.3333 73.3333 
 76.6667 73.3333 
 76.6667 76.6667 
 73.3333 76.6667 
 73.3333 76.6667 
 76.6667 76.6667 
 76.6667 80 
 73.3333 80 
 73.3333 80 
 76.6667 80 
 76.6667 83.3333 
 73.3333 83.3333 
 73.3333 83.3333 
 76.6667 83.3333 
 76.6667 86.6667 
 73.3333 86.6667 
 73.3333 86.6667 
 76.6667 86.6667 
 76.6667 90 
 73.3333 90 
 73.3333 90 
 76.6667 90 
 76.6667 93.3333 
 73.3333 93.3333 
 73.3333 93.3333 
 76.6667 93.3333 
 76.6667 96.6667 
 73.3333 96.6667 
 73.3333 96.6667 
 76.6667 96.6667 
 76.6667 100 
 73.3333 100 
 76.6667 0 
 80 0 
 80 3.33333 
 76.6667 3.33333 
 76.6667 3.33333 
 80 3.33333 
 80 6.66667 
 76.6667 6.66667 
 76.6667 6.66667 
 80 6.66667 
 80 10 
 76.6667 10 
 76.6667 10 
 80 10 
 80 13.3333 
 76.6667 13.3333 
 76.6667 13.3333 
 80 13.3333 
 80 16.6667 
 76.6667 16.6667 
 76.6667 16.6667 
 80 16.6667 
 80 20 
 76.6667 20 
 76.6667 20 
 80 20 
 80 23.3333 
 76.6667 23.3333 
 76.6667 23.3333 
 80 23.3333 
 80 26.6667 
 76.6667 26.6667 
 76.6667 26.6667 
 80 26.6667 
 80 30 
 76.6667 30 
 76.6667 30 
 80 30 
 80 33.3333 
 76.6667 33.3333 
 76.6667 33.3333 
 80 33.3333 
 80 36.6667 
 76.6667 36.6667 
 76.6667 36.6667 
 80 36.6667 
 80 40 
 76.6667 40 
 76.6667 40 
 80 40 
 80 43.3333 
 76.6667 43.3333 
 76.6667 43.3333 
 80 43.3333 
 80 46.6667 
 76.6667 46.6667 
 76.6667 46.6667 
 80 46.6667 
 80 50 
 76.6667 50 
 76.6667 50 
 80 50 
 80 53.3333 
 76.6667 53.3333 
 76.6667 53.3333 
 80 53.3333 
 80 56.6667 
 76.6667 56.6667 
 76.6667 56.6667 
 80 56.6667 
 80 60 
 76.6667 60 
 76.6667 60 
 80 60 
 80 63.3333 
 76.6667 63.3333 
 76.6667 63.3333 
 80 63.3333 
 80 66.6667 
 76.6667 66.6667 
 76.6667 66.6667 
 80 66.6667 
 80 70 
 76.6667 70 
 76.6667 70 
 80 70 
 80 73.3333 
 76.6667 73.3333 
 76.6667 73.3333 
 80 73.3333 
 80 76.6667 
 76.6667 76.6667 
 76.6667 76.6667 
 80 76.6667 
 80 80 
 76.6667 80 
 76.6667 80 
 80 80 
 80 83.3333 
 76.6667 83.3333 
 76.6667 83.3333 
 80 83.3333 
 80 86.6667 
 76.6667 86.6667 
 76.6667 86.6667 
 80 86.6667 
 80 90 
 76.6667 90 
 76.6667 90 
 80 90 
 80 93.3333 
 76.6667 93.3333 
 76.6667 93.3333 
 80 93.3333 
 80 96.6667 
 76.6667 96.6667 
 76.6667 96.6667 
 80 96.6667 
 80 100 
 76.6667 100 
 80 0 
 83.3333 0 
 83.3333 3.33333 
 80 3.33333 
 80 3.33333 
 83.3333 3.33333 
 83.3333 6.66667 
 80 6.66667 
 80 6.66667 
 83.3333 6.66667 
 83.3333 10 
 80 10 
 80 10 
 83.3333 10 
 83.3333 13.3333 
 80 13.3333 
 80 13.3333 
 83.3333 13.3333 
 83.3333 16.6667 
 80 16.6667 
 80 16.6667 
 83.3333 16.6667 
 83.3333 20 
 80 20 
 80 20 
 83.3333 20 
 83.3333 23.3333 
 80 23.3333 
 80 23.3333 
 83.3333 23.3333 
 83.3333 26.6667 
 80 26.6667 
 80 26.6667 
 83.3333 26.6667 
 83.3333 30 
 80 30 
 80 30 
 83.3333 30 
 83.3333 33.3333 
 80 33.3333 
 80 33.3333 
 83.3333 33.3333 
 83.3333 36.6667 
 80 36.6667 
 80 36.6667 
 83.3333 36.6667 
 83.3333 40 
 80 40 
 80 40 
 83.3333 40 
 83.3333 43.3333 
 80 43.3333 
 80 43.3333 
 83.3333 43.3333 
 83.3333 46.6667 
 80 46.6667 
 80 46.6667 
 83.3333 46.6667 
 83.3333 50 
 80 50 
 80 50 
 83.3333 50 
 83.3333 53.3333 
 80 53.3333 
 80 53.3333 
 83.3333 53.3333 
 83.3333 56.6667 
 80 56.6667 
 80 56.6667 
 83.3333 56.6667 
 83.3333 60 
 80 60 
 80 60 
 83.3333 60 
 83.3333 63.3333 
 80 63.3333 
 80 63.3333 
 83.3333 63.3333 
 83.3333 66.6667 
 80 66.6667 
 80 66.6667 
 83.3333 66.6667 
 83.3333 70 
 80 70 
 80 70 
 83.3333 70 
 83.3333 73.3333 
 80 73.3333 
 80 73.3333 
 83.3333 73.3333 
 83.3333 76.6667 
 80 76.6667 
 80 76.6667 
 83.3333 76.6667 
 83.3333 80 
 80 80 
 80 80 
 83.3333 80 
 83.3333 83.3333 
 80 83.3333 
 80 83.3333 
 83.3333 83.3333 
 83.3333 86.6667 
 80 86.6667 
 80 86.6667 
 83.3333 86.6667 
 83.3333 90 
 80 90 
 80 90 
 83.3333 90 
 83.3333 93.3333 
 80 93.3333 
 80 93.3333 
 83.3333 93.3333 
 83.3333 96.6667 
 80 96.6667 
 80 96.6667 
 83.3333 96.6667 
 83.3333 100 
 80 100 
 83.3333 0 
 86.6667 0 
 86.6667 3.33333 
 83.3333 3.33333 
 83.3333 3.33333 
 86.6667 3.33333 
 86.6667 6.66667 
 83.3333 6.66667 
 83.3333 6.66667 
 86.6667 6.66667 
 86.6667 10 
 83.3333 10 
 83.3333 10 
 86.6667 10 
 86.6667 13.3333 
 83.3333 13.3333 
 83.3333 13.3333 
 86.6667 13.3333 
 86.6667 16.6667 
 83.3333 16.6667 
 83.3333 16.6667 
 86.6667 16.6667 
 86.6667 20 
 83.3333 20 
 83.3333 20 
 86.6667 20 
 86.6667 23.3333 
 83.3333 23.3333 
 83.3333 23.3333 
 86.6667 23.3333 
 86.6667 26.6667 
 83.3333 26.6667 
 83.3333 26.6667 
 86.6667 26.6667 
 86.6667 30 
 83.3333 30 
 83.3333 30 
 86.6667 30 
 86.6667 33.3333 
 83.3333 33.3333 
 83.3333 33.3333 
 86.6667 33.3333 
 86.6667 36.6667 
 83.3333 36.6667 
 83.3333 36.6667 
 86.6667 36.6667 
 86.6667 40 
 83.3333 40 
 83.3333 40 
 86.6667 40 
 86.6667 43.3333 
 83.3333 43.3333 
 83.3333 43.3333 
 86.6667 43.3333 
 86.6667 46.6667 
 83.3333 46.6667 
 83.3333 46.6667 
 86.6667 46.6667 
 86.6667 50 
 83.3333 50 
 83.3333 50 
 86.6667 50 
 86.6667 53.3333 
 83.3333 53.3333 
 83.3333 53.3333 
 86.6667 53.3333 
 86.6667 56.6667 
 83.3333 56.6667 
 83.3333 56.6667 
 86.6667 56.6667 
 86.6667 60 
 83.3333 60 
 83.3333 60 
 86.6667 60 
 86.6667 63.3333 
 83.3333 63.3333 
 83.3333 63.3333 
 86.6667 63.3333 
 86.6667 66.6667 
 83.3333 66.6667 
 83.3333 66.6667 
 86.6667 66.6667 
 86.6667 70 
 83.3333 70 
 83.3333 70 
 86.6667 70 
 86.6667 73.3333 
 83.3333 73.3333 
 83.3333 73.3333 
 86.6667 73.3333 
 86.6667 76.6667 
 83.3333 76.6667 
 83.3333 76.6667 
 86.6667 76.6667 
 86.6667 80 
 83.3333 80 
 83.3333 80 
 86.6667 80 
 86.6667 83.3333 
 83.3333 83.3333 
 83.3333 83.3333 
 86.6667 83.3333 
 86.6667 86.6667 
 83.3333 86.6667 
 83.3333 86.6667 
 86.6667 86.6667 
 86.6667 90 
 83.3333 90 
 83.3333 90 
 86.6667 90 
 86.6667 93.3333 
 83.3333 93.3333 
 83.3333 93.3333 
 86.6667 93.3333 
 86.6667 96.6667 
 83.3333 96.6667 
 83.3333 96.6667 
 86.6667 96.6667 
 86.6667 100 
 83.3333 100 
 86.6667 0 
 90 0 
 90 3.33333 
 86.6667 3.33333 
 86.6667 3.33333 
 90 3.33333 
 90 6.66667 
 86.6667 6.66667 
 86.6667 6.66667 
 90 6.66667 
 90 10 
 86.6667 10 
 86.6667 10 
 90 10 
 90 13.3333 
 86.6667 13.3333 
 86.6667 13.3333 
 90 13.3333 
 90 16.6667 
 86.6667 16.6667 
 86.6667 16.6667 
 90 16.6667 
 90 20 
 86.6667 20 
 86.6667 20 
 90 20 
 90 23.3333 
 86.6667 23.3333 
 86.6667 23.3333 
 90 23.3333 
 90 26.6667 
 86.6667 26.6667 
 86.6667 26.6667 
 90 26.6667 
 90 30 
 86.6667 30 
 86.6667 30 
 90 30 
 90 33.3333 
 86.6667 33.3333 
 86.6667 33.3333 
 90 33.3333 
 90 36.6667 
 86.6667 36.6667 
 86.6667 36.6667 
 90 36.6667 
 90 40 
 86.6667 40 
 86.6667 40 
 90 40 
 90 43.3333 
 86.6667 43.3333 
 86.6667 43.3333 
 90 43.3333 
 90 46.6667 
 86.6667 46.6667 
 86.6667 46.6667 
 90 46.6667 
 90 50 
 86.6667 50 
 86.6667 50 
 90 50 
 90 53.3333 
 86.6667 53.3333 
 86.6667 53.3333 
 90 53.3333 
 90 56.6667 
 86.6667 56.6667 
 86.6667 56.6667 
 90 56.6667 
 90 60 
 86.6667 60 
 86.6667 60 
 90 60 
 90 63.3333 
 86.6667 63.3333 
 86.6667 63.3333 
 90 63.3333 
 90 66.6667 
 86.6667 66.6667 
 86.6667 66.6667 
 90 66.6667 
 90 70 
 86.6667 70 
 86.6667 70 
 90 70 
 90 73.3333 
 86.6667 73.3333 
 86.6667 73.3333 
 90 73.3333 
 90 76.6667 
 86.6667 76.6667 
 86.6667 76.6667 
 90 76.6667 
 90 80 
 86.6667 80 
 86.6667 80 
 90 80 
 90 83.3333 
 86.6667 83.3333 
 86.6667 83.3333 
 90 83.3333 
 90 86.6667 
 86.6667 86.6667 
 86.6667 86.6667 
 90 86.6667 
 90 90 
 86.6667 90 
 86.6667 90 
 90 90 
 90 93.3333 
 86.6667 93.3333 
 86.6667 93.3333 
 90 93.3333 
 90 96.6667 
 86.6667 96.6667 
 86.6667 96.6667 
 90 96.6667 
 90 100 
 86.6667 100 
 90 0 
 93.3333 0 
 93.3333 3.33333 
 90 3.33333 
 90 3.33333 
 93.3333 3.33333 
 93.3333 6.66667 
 90 6.66667 
 90 6.66667 
 93.3333 6.66667 
 93.3333 10 
 90 10 
 90 10 
 93.3333 10 
 93.3333 13.3333 
 90 13.3333 
 90 13.3333 
 93.3333 13.3333 
 93.3333 16.6667 
 90 16.6667 
 90 16.6667 
 93.3333 16.6667 
 93.3333 20 
 90 20 
 90 20 
 93.3333 20 
 93.3333 23.3333 
 90 23.3333 
 90 23.3333 
 93.3333 23.3333 
 93.3333 26.6667 
 90 26.6667 
 90 26.6667 
 93.3333 26.6667 
 93.3333 30 
 90 30 
 90 30 
 93.3333 30 
 93.3333 33.3333 
 90 33.3333 
 90 33.3333 
 93.3333 33.3333 
 93.3333 36.6667 
 90 36.6667 
 90 36.6667 
 93.3333 36.6667 
 93.3333 40 
 90 40 
 90 40 
 93.3333 40 
 93.3333 43.3333 
 90 43.3333 
 90 43.3333 
 93.3333 43.3333 
 93.3333 46.6667 
 90 46.6667 
 90 46.6667 
 93.3333 46.6667 
 93.3333 50 
 90 50 
 90 50 
 93.3333 50 
 93.3333 53.3333 
 90 53.3333 
 90 53.3333 
 93.3333 53.3333 
 93.3333 56.6667 
 90 56.6667 
 90 56.6667 
 93.3333 56.6667 
 93.3333 60 
 90 60 
 90 60 
 93.3333 60 
 93.3333 63.3333 
 90 63.3333 
 90 63.3333 
 93.3333 63.3333 
 93.3333 66.6667 
 90 66.6667 
 90 66.6667 
 93.3333 66.6667 
 93.3333 70 
 90 70 
 90 70 
 93.3333 70 
 93.3333 73.3333 
 90 73.3333 
 90 73.3333 
 93.3333 73.3333 
 93.3333 76.6667 
 90 76.6667 
 90 76.6667 
 93.3333 76.6667 
 93.3333 80 
 90 80 
 90 80 
 93.3333 80 
 93.3333 83.3333 
 90 83.3333 
 90 83.3333 
 93.3333 83.3333 
 93.3333 86.6667 
 90 86.6667 
 90 86.6667 
 93.3333 86.6667 
 93.3333 90 
 90 90 
 90 90 
 93.3333 90 
 93.3333 93.3333 
 90 93.3333 
 90 93.3333 
 93.3333 93.3333 
 93.3333 96.6667 
 90 96.6667 
 90 96.6667 
 93.3333 96.6667 
 93.3333 100 
 90 100 
 93.3333 0 
 96.6667 0 
 96.6667 3.33333 
 93.3333 3.33333 
 93.3333 3.33333 
 96.6667 3.33333 
 96.6667 6.66667 
 93.3333 6.66667 
 93.3333 6.66667 
 96.6667 6.66667 
 96.6667 10 
 93.3333 10 
 93.3333 10 
 96.6667 10 
 96.6667 13.3333 
 93.3333 13.3333 
 93.3333 13.3333 
 96.6667 13.3333 
 96.6667 16.6667 
 93.3333 16.6667 
 93.3333 16.6667 
 96.6667 16.6667 
 96.6667 20 
 93.3333 20 
 93.3333 20 
 96.6667 20 
 96.6667 23.3333 
 93.3333 23.3333 
 93.3333 23.3333 
 96.6667 23.3333 
 96.6667 26.6667 
 93.3333 26.6667 
 93.3333 26.6667 
 96.6667 26.6667 
 96.6667 30 
 93.3333 30 
 93.3333 30 
 96.6667 30 
 96.6667 33.3333 
 93.3333 33.3333 
 93.3333 33.3333 
 96.6667 33.3333 
 96.6667 36.6667 
 93.3333 36.6667 
 93.3333 36.6667 
 96.6667 36.6667 
 96.6667 40 
 93.3333 40 
 93.3333 40 
 96.6667 40 
 96.6667 43.3333 
 93.3333 43.3333 
 93.3333 43.3333 
 96.6667 43.3333 
 96.6667 46.6667 
 93.3333 46.6667 
 93.3333 46.6667 
 96.6667 46.6667 
 96.6667 50 
 93.3333 50 
 93.3333 50 
 96.6667 50 
 96.6667 53.3333 
 93.3333 53.3333 
 93.3333 53.3333 
 96.6667 53.3333 
 96.6667 56.6667 
 93.3333 56.6667 
 93.3333 56.6667 
 96.6667 56.6667 
 96.6667 60 
 93.3333 60 
 93.3333 60 
 96.6667 60 
 96.6667 63.3333 
 93.3333 63.3333 
 93.3333 63.3333 
 96.6667 63.3333 
 96.6667 66.6667 
 93.3333 66.6667 
 93.3333 66.6667 
 96.6667 66.6667 
 96.6667 70 
 93.3333 70 
 93.3333 70 
 96.6667 70 
 96.6667 73.3333 
 93.3333 73.3333 
 93.3333 73.3333 
 96.6667 73.3333 
 96.6667 76.6667 
 93.3333 76.6667 
 93.3333 76.6667 
 96.6667 76.6667 
 96.6667 80 
 93.3333 80 
 93.3333 80 
 96.6667 80 
 96.6667 83.3333 
 93.3333 83.3333 
 93.3333 83.3333 
 96.6667 83.3333 
 96.6667 86.6667 
 93.3333 86.6667 
 93.3333 86.6667 
 96.6667 86.6667 
 96.6667 90 
 93.3333 90 
 93.3333 90 
 96.6667 90 
 96.6667 93.3333 
 93.3333 93.3333 
 93.3333 93.3333 
 96.6667 93.3333 
 96.6667 96.6667 
 93.3333 96.6667 
 93.3333 96.6667 
 96.6667 96.6667 
 96.6667 100 
 93.3333 100 
 96.6667 0 
 100 0 
 100 3.33333 
 96.6667 3.33333 
 96.6667 3.33333 
 100 3.33333 
 100 6.66667 
 96.6667 6.66667 
 96.6667 6.66667 
 100 6.66667 
 100 10 
 96.6667 10 
 96.6667 10 
 100 10 
 100 13.3333 
 96.6667 13.3333 
 96.6667 13.3333 
 100 13.3333 
 100 16.6667 
 96.6667 16.6667 
 96.6667 16.6667 
 100 16.6667 
 100 20 
 96.6667 20 
 96.6667 20 
 100 20 
 100 23.3333 
 96.6667 23.3333 
 96.6667 23.3333 
 100 23.3333 
 100 26.6667 
 96.6667 26.6667 
 96.6667 26.6667 
 100 26.6667 
 100 30 
 96.6667 30 
 96.6667 30 
 100 30 
 100 33.3333 
 96.6667 33.3333 
 96.6667 33.3333 
 100 33.3333 
 100 36.6667 
 96.6667 36.6667 
 96.6667 36.6667 
 100 36.6667 
 100 40 
 96.6667 40 
 96.6667 40 
 100 40 
 100 43.3333 
 96.6667 43.3333 
 96.6667 43.3333 
 100 43.3333 
 100 46.6667 
 96.6667 46.6667 
 96.6667 46.6667 
 100 46.6667 
 100 50 
 96.6667 50 
 96.6667 50 
 100 50 
 100 53.3333 
 96.6667 53.3333 
 96.6667 53.3333 
 100 53.3333 
 100 56.6667 
 96.6667 56.6667 
 96.6667 56.6667 
 100 56.6667 
 100 60 
 96.6667 60 
 96.6667 60 
 100 60 
 100 63.3333 
 96.6667 63.3333 
 96.6667 63.3333 
 100 63.3333 
 100 66.6667 
 96.6667 66.6667 
 96.6667 66.6667 
 100 66.6667 
 100 70 
 96.6667 70 
 96.6667 70 
 100 70 
 100 73.3333 
 96.6667 73.3333 
 96.6667 73.3333 
 100 73.3333 
 100 76.6667 
 96.6667 76.6667 
 96.6667 76.6667 
 100 76.6667 
 100 80 
 96.6667 80 
 96.6667 80 
 100 80 
 100 83.3333 
 96.6667 83.3333 
 96.6667 83.3333 
 100 83.3333 
 100 86.6667 
 96.6667 86.6667 
 96.6667 86.6667 
 100 86.6667 
 100 90 
 96.6667 90 
 96.6667 90 
 100 90 
 100 93.3333 
 96.6667 93.3333 
 96.6667 93.3333 
 100 93.3333 
 100 96.6667 
 96.6667 96.6667 
 96.6667 96.6667 
 100 96.6667 
 100 100 
 96.6667 100 
# grid vertices (counter-clockwise) 
961
0 0 
0 3.33333 
0 6.66667 
0 10 
0 13.3333 
0 16.6667 
0 20 
0 23.3333 
0 26.6667 
0 30 
0 33.3333 
0 36.6667 
0 40 
0 43.3333 
0 46.6667 
0 50 
0 53.3333 
0 56.6667 
0 60 
0 63.3333 
0 66.6667 
0 70 
0 73.3333 
0 76.6667 
0 80 
0 83.3333 
0 86.6667 
0 90 
0 93.3333 
0 96.6667 
0 100 
3.33333 0 
3.33333 3.33333 
3.33333 6.66667 
3.33333 10 
3.33333 13.3333 
3.33333 16.6667 
3.33333 20 
3.33333 23.3333 
3.33333 26.6667 
3.33333 30 
3.33333 33.3333 
3.33333 36.6667 
3.33333 40 
3.33333 43.3333 
3.33333 46.6667 
3.33333 50 
3.33333 53.3333 
3.33333 56.6667 
3.33333 60 
3.33333 63.3333 
3.33333 66.6667 
3.33333 70 
3.33333 73.3333 
3.33333 76.6667 
3.33333 80 
3.33333 83.3333 
3.33333 86.6667 
3.33333 90 
3.33333 93.3333 
3.33333 96.6667 
3.33333 100 
6.66667 0 
6.66667 3.33333 
6.66667 6.66667 
6.66667 10 
6.66667 13.3333 
6.66667 16.6667 
6.66667 20 
6.66667 23.3333 
6.66667 26.6667 
6.66667 30 
6.66667 33.3333 
6.66667 36.6667 
6.66667 40 
6.66667 43.3333 
6.66667 46.6667 
6.66667 50 
6.66667 53.3333 
6.66667 56.6667 
6.66667 60 
6.66667 63.3333 
6.66667 66.6667 
6.66667 70 
6.66667 73.3333 
6.66667 76.6667 
6.66667 80 
6.66667 83.3333 
6.66667 86.6667 
6.66667 90 
6.66667 93.3333 
6.66667 96.6667 
6.66667 100 
10 0 
10 3.33333 
10 6.66667 
10 10 
10 13.3333 
10 16.6667 
10 20 
10 23.3333 
10 26.6667 
10 30 
10 33.3333 
10 36.6667 
10 40 
10 43.3333 
10 46.6667 
10 50 
10 53.3333 
10 56.6667 
10 60 
10 63.3333 
10 66.6667 
10 70 
10 73.3333 
10 76.6667 
10 80 
10 83.3333 
10 86.6667 
10 90 
10 93.3333 
10 96.6667 
10 100 
13.3333 0 
13.3333 3.33333 
13.3333 6.66667 
13.3333 10 
13.3333 13.3333 
13.3333 16.6667 
13.3333 20 
13.3333 23.3333 
13.3333 26.6667 
13.3333 30 
13.3333 33.3333 
13.3333 36.6667 
13.3333 40 
13.3333 43.3333 
13.3333 46.6667 
13.3333 50 
13.3333 53.3333 
13.3333 56.6667 
13.3333 60 
13.3333 63.3333 
13.3333 66.6667 
13.3333 70 
13.3333 73.3333 
13.3333 76.6667 
13.3333 80 
13.3333 83.3333 
13.3333 86.6667 
13.3333 90 
13.3333 93.3333 
13.3333 96.6667 
13.3333 100 
16.6667 0 
16.6667 3.33333 
16.6667 6.66667 
16.6667 10 
16.6667 13.3333 
16.6667 16.6667 
16.6667 20 
16.6667 23.3333 
16.6667 26.6667 
16.6667 30 
16.6667 33.3333 
16.6667 36.6667 
16.6667 40 
16.6667 43.3333 
16.6667 46.6667 
16.6667 50 
16.6667 53.3333 
16.6667 56.6667 
16.6667 60 
16.6667 63.3333 
16.6667 66.6667 
16.6667 70 
16.6667 73.3333 
16.6667 76.6667 
16.6667 80 
16.6667 83.3333 
16.6667 86.6667 
16.6667 90 
16.6667 93.3333 
16.6667 96.6667 
16.6667 100 
20 0 
20 3.33333 
20 6.66667 
20 10 
20 13.3333 
20 16.6667 
20 20 
20 23.3333 
20 26.6667 
20 30 
20 33.3333 
20 36.6667 
20 40 
20 43.3333 
20 46.6667 
20 50 
20 53.3333 
20 56.6667 
20 60 
20 63.3333 
20 66.6667 
20 70 
20 73.3333 
20 76.6667 
20 80 
20 83.3333 
20 86.6667 
20 90 
20 93.3333 
20 96.6667 
20 100 
23.3333 0 
23.3333 3.33333 
23.3333 6.66667 
23.3333 10 
23.3333 13.3333 
23.3333 16.6667 
23.3333 20 
23.3333 23.3333 
23.3333 26.6667 
23.3333 30 
23.3333 33.3333 
23.3333 36.6667 
23.3333 40 
23.3333 43.3333 
23.3333 46.6667 
23.3333 50 
23.3333 53.3333 
23.3333 56.6667 
23.3333 60 
23.3333 63.3333 
23.3333 66.6667 
23.3333 70 
23.3333 73.3333 
23.3333 76.6667 
23.3333 80 
23.3333 83.3333 
23.3333 86.6667 
23.3333 90 
23.3333 93.3333 
23.3333 96.6667 
23.3333 100 
26.6667 0 
26.6667 3.33333 
26.6667 6.66667 
26.6667 10 
26.6667 13.3333 
26.6667 16.6667 
26.6667 20 
26.6667 23.3333 
26.6667 26.6667 
26.6667 30 
26.6667 33.3333 
26.6667 36.6667 
26.6667 40 
26.6667 43.3333 
26.6667 46.6667 
26.6667 50 
26.6667 53.3333 
26.6667 56.6667 
26.6667 60 
26.6667 63.3333 
26.6667 66.6667 
26.6667 70 
26.6667 73.3333 
26.6667 76.6667 
26.6667 80 
26.6667 83.3333 
26.6667 86.6667 
26.6667 90 
26.6667 93.3333 
26.6667 96.6667 
26.6667 100 
30 0 
30 3.33333 
30 6.66667 
30 10 
30 13.3333 
30 16.6667 
30 20 
30 23.3333 
30 26.6667 
30 30 
30 33.3333 
30 36.6667 
30 40 
30 43.3333 
30 46.6667 
30 50 
30 53.3333 
30 56.6667 
30 60 
30 63.3333 
30 66.6667 
30 70 
30 73.3333 
30 76.6667 
30 80 
30 83.3333 
30 86.6667 
30 90 
30 93.3333 
30 96.6667 
30 100 
33.3333 0 
33.3333 3.33333 
33.3333 6.66667 
33.3333 10 
33.3333 13.3333 
33.3333 16.6667 
33.3333 20 
33.3333 23.3333 
33.3333 26.6667 
33.3333 30 
33.3333 33.3333 
33.3333 36.6667 
33.3333 40 
33.3333 43.3333 
33.3333 46.6667 
33.3333 50 
33.3333 53.3333 
33.3333 56.6667 
33.3333 60 
33.3333 63.3333 
33.3333 66.6667 
33.3333 70 
33.3333 73.3333 
33.3333 76.6667 
33.3333 80 
33.3333 83.3333 
33.3333 86.6667 
33.3333 90 
33.3333 93.3333 
33.3333 96.6667 
33.3333 100 
36.6667 0 
36.6667 3.33333 
36.6667 6.66667 
36.6667 10 
36.6667 13.3333 
36.6667 16.6667 
36.6667 20 
36.6667 23.3333 
36.6667 26.6667 
36.6667 30 
36.6667 33.3333 
36.6667 36.6667 
36.6667 40 
36.6667 43.3333 
36.6667 46.6667 
36.6667 50 
36.6667 53.3333 
36.6667 56.6667 
36.6667 60 
36.6667 63.3333 
36.6667 66.6667 
36.6667 70 
36.6667 73.3333 
36.6667 76.6667 
36.6667 80 
36.6667 83.3333 
36.6667 86.6667 
36.6667 90 
36.6667 93.3333 
36.6667 96.6667 
36.6667 100 
40 0 
40 3.33333 
40 6.66667 
40 10 
40 13.3333 
40 16.6667 
40 20 
40 23.3333 
40 26.6667 
40 30 
40 33.3333 
40 36.6667 
40 40 
40 43.3333 
40 46.6667 
40 50 
40 53.3333 
40 56.6667 
40 60 
40 63.3333 
40 66.6667 
40 70 
40 73.3333 
40 76.6667 
40 80 
40 83.3333 
40 86.6667 
40 90 
40 93.3333 
40 96.6667 
40 100 
43.3333 0 
43.3333 3.33333 
43.3333 6.66667 
43.3333 10 
43.3333 13.3333 
43.3333 16.6667 
43.3333 20 
43.3333 23.3333 
43.3333 26.6667 
43.3333 30 
43.3333 33.3333 
43.3333 36.6667 
43.3333 40 
43.3333 43.3333 
43.3333 46.6667 
43.3333 50 
43.3333 53.3333 
43.3333 56.6667 
43.3333 60 
43.3333 63.3333 
43.3333 66.6667 
43.3333 70 
43.3333 73.3333 
43.3333 76.6667 
43.3333 80 
43.3333 83.3333 
43.3333 86.6667 
43.3333 90 
43.3333 93.3333 
43.3333 96.6667 
43.3333 100 
46.6667 0 
46.6667 3.33333 
46.6667 6.66667 
46.6667 10 
46.6667 13.3333 
46.6667 16.6667 
46.6667 20 
46.6667 23.3333 
46.6667 26.6667 
46.6667 30 
46.6667 33.3333 
46.6667 36.6667 
46.6667 40 
46.6667 43.3333 
46.6667 46.6667 
46.6667 50 
46.6667 53.3333 
46.6667 56.6667 
46.6667 60 
46.6667 63.3333 
46.6667 66.6667 
46.6667 70 
46.6667 73.3333 
46.6667 76.6667 
46.6667 80 
46.6667 83.3333 
46.6667 86.6667 
46.6667 90 
46.6667 93.3333 
46.6667 96.6667 
46.6667 100 
50 0 
50 3.33333 
50 6.66667 
50 10 
50 13.3333 
50 16.6667 
50 20 
50 23.3333 
50 26.6667 
50 30 
50 33.3333 
50 36.6667 
50 40 
50 43.3333 
50 46.6667 
50 50 
50 53.3333 
50 56.6667 
50 60 
50 63.3333 
50 66.6667 
50 70 
50 73.3333 
50 76.6667 
50 80 
50 83.3333 
50 86.6667 
50 90 
50 93.3333 
50 96.6667 
50 100 
53.3333 0 
53.3333 3.33333 
53.3333 6.66667 
53.3333 10 
53.3333 13.3333 
53.3333 16.6667 
53.3333 20 
53.3333 23.3333 
53.3333 26.6667 
53.3333 30 
53.3333 33.3333 
53.3333 36.6667 
53.3333 40 
53.3333 43.3333 
53.3333 46.6667 
53.3333 50 
53.3333 53.3333 
53.3333 56.6667 
53.3333 60 
53.3333 63.3333 
53.3333 66.6667 
53.3333 70 
53.3333 73.3333 
53.3333 76.6667 
53.3333 80 
53.3333 83.3333 
53.3333 86.6667 
53.3333 90 
53.3333 93.3333 
53.3333 96.6667 
53.3333 100 
56.6667 0 
56.6667 3.33333 
56.6667 6.66667 
56.6667 10 
56.6667 13.3333 
56.6667 16.6667 
56.6667 20 
56.6667 23.3333 
56.6667 26.6667 
56.6667 30 
56.6667 33.3333 
56.6667 36.6667 
56.6667 40 
56.6667 43.3333 
56.6667 46.6667 
56.6667 50 
56.6667 53.3333 
56.6667 56.6667 
56.6667 60 
56.6667 63.3333 
56.6667 66.6667 
56.6667 70 
56.6667 73.3333 
56.6667 76.6667 
56.6667 80 
56.6667 83.3333 
56.6667 86.6667 
56.6667 90 
56.6667 93.3333 
56.6667 96.6667 
56.6667 100 
60 0 
60 3.33333 
60 6.66667 
60 10 
60 13.3333 
60 16.6667 
60 20 
60 23.3333 
60 26.6667 
60 30 
60 33.3333 
60 36.6667 
60 40 
60 43.3333 
60 46.6667 
60 50 
60 53.3333 
60 56.6667 
60 60 
60 63.3333 
60 66.6667 
60 70 
60 73.3333 
60 76.6667 
60 80 
60 83.3333 
60 86.6667 
60 90 
60 93.3333 
60 96.6667 
60 100 
63.3333 0 
63.3333 3.33333 
63.3333 6.66667 
63.3333 10 
63.3333 13.3333 
63.3333 16.6667 
63.3333 20 
63.3333 23.3333 
63.3333 26.6667 
63.3333 30 
63.3333 33.3333 
63.3333 36.6667 
63.3333 40 
63.3333 43.3333 
63.3333 46.6667 
63.3333 50 
63.3333 53.3333 
63.3333 56.6667 
63.3333 60 
63.3333 63.3333 
63.3333 66.6667 
63.3333 70 
63.3333 73.3333 
63.3333 76.6667 
63.3333 80 
63.3333 83.3333 
63.3333 86.6667 
63.3333 90 
63.3333 93.3333 
63.3333 96.6667 
63.3333 100 
66.6667 0 
66.6667 3.33333 
66.6667 6.66667 
66.6667 10 
66.6667 13.3333 
66.6667 16.6667 
66.6667 20 
66.6667 23.3333 
66.6667 26.6667 
66.6667 30 
66.6667 33.3333 
66.6667 36.6667 
66.6667 40 
66.6667 43.3333 
66.6667 46.6667 
66.6667 50 
66.6667 53.3333 
66.6667 56.6667 
66.6667 60 
66.6667 63.3333 
66.6667 66.6667 
66.6667 70 
66.6667 73.3333 
66.6667 76.6667 
66.6667 80 
66.6667 83.3333 
66.6667 86.6667 
66.6667 90 
66.6667 93.3333 
66.6667 96.6667 
66.6667 100 
70 0 
70 3.33333 
70 6.66667 
70 10 
70 13.3333 
70 16.6667 
70 20 
70 23.3333 
70 26.6667 
70 30 
70 33.3333 
70 36.6667 
70 40 
70 43.3333 
70 46.6667 
70 50 
70 53.3333 
70 56.6667 
70 60 
70 63.3333 
70 66.6667 
70 70 
70 73.3333 
70 76.6667 
70 80 
70 83.3333 
70 86.6667 
70 90 
70 93.3333 
70 96.6667 
70 100 
73.3333 0 
73.3333 3.33333 
73.3333 6.66667 
73.3333 10 
73.3333 13.3333 
73.3333 16.6667 
73.3333 20 
73.3333 23.3333 
73.3333 26.6667 
73.3333 30 
73.3333 33.3333 
73.3333 36.6667 
73.3333 40 
73.3333 43.3333 
73.3333 46.6667 
73.3333 50 
73.3333 53.3333 
73.3333 56.6667 
73.3333 60 
73.3333 63.3333 
73.3333 66.6667 
73.3333 70 
73.3333 73.3333 
73.3333 76.6667 
73.3333 80 
73.3333 83.3333 
73.3333 86.6667 
73.3333 90 
73.3333 93.3333 
73.3333 96.6667 
73.3333 100 
76.6667 0 
76.6667 3.33333 
76.6667 6.66667 
76.6667 10 
76.6667 13.3333 
76.6667 16.6667 
76.6667 20 
76.6667 23.3333 
76.6667 26.6667 
76.6667 30 
76.6667 33.3333 
76.6667 36.6667 
76.6667 40 
76.6667 43.3333 
76.6667 46.6667 
76.6667 50 
76.6667 53.3333 
76.6667 56.6667 
76.6667 60 
76.6667 63.3333 
76.6667 66.6667 
76.6667 70 
76.6667 73.3333 
76.6667 76.6667 
76.6667 80 
76.6667 83.3333 
76.6667 86.6667 
76.6667 90 
76.6667 93.3333 
76.6667 96.6667 
76.6667 100 
80 0 
80 3.33333 
80 6.66667 
80 10 
80 13.3333 
80 16.6667 
80 20 
80 23.3333 
80 26.6667 
80 30 
80 33.3333 
80 36.6667 
80 40 
80 43.3333 
80 46.6667 
80 50 
80 53.3333 
80 56.6667 
80 60 
80 63.3333 
80 66.6667 
80 70 
80 73.3333 
80 76.6667 
80 80 
80 83.3333 
80 86.6667 
80 90 
80 93.3333 
80 96.6667 
80 100 
83.3333 0 
83.3333 3.33333 
83.3333 6.66667 
83.3333 10 
83.3333 13.3333 
83.3333 16.6667 
83.3333 20 
83.3333 23.3333 
83.3333 26.6667 
83.3333 30 
83.3333 33.3333 
83.3333 36.6667 
83.3333 40 
83.3333 43.3333 
83.3333 46.6667 
83.3333 50 
83.3333 53.3333 
83.3333 56.6667 
83.3333 60 
83.3333 63.3333 
83.3333 66.6667 
83.3333 70 
83.3333 73.3333 
83.3333 76.6667 
83.3333 80 
83.3333 83.3333 
83.3333 86.6667 
83.3333 90 
83.3333 93.3333 
83.3333 96.6667 
83.3333 100 
86.6667 0 
86.6667 3.33333 
86.6667 6.66667 
86.6667 10 
86.6667 13.3333 
86.6667 16.6667 
86.6667 20 
86.6667 23.3333 
86.6667 26.6667 
86.6667 30 
86.6667 33.3333 
86.6667 36.6667 
86.6667 40 
86.6667 43.3333 
86.6667 46.6667 
86.6667 50 
86.6667 53.3333 
86.6667 56.6667 
86.6667 60 
86.6667 63.3333 
86.6667 66.6667 
86.6667 70 
86.6667 73.3333 
86.6667 76.6667 
86.6667 80 
86.6667 83.3333 
86.6667 86.6667 
86.6667 90 
86.6667 93.3333 
86.6667 96.6667 
86.6667 100 
90 0 
90 3.33333 
90 6.66667 
90 10 
90 13.3333 
90 16.6667 
90 20 
90 23.3333 
90 26.6667 
90 30 
90 33.3333 
90 36.6667 
90 40 
90 43.3333 
90 46.6667 
90 50 
90 53.3333 
90 56.6667 
90 60 
90 63.3333 
90 66.6667 
90 70 
90 73.3333 
90 76.6667 
90 80 
90 83.3333 
90 86.6667 
90 90 
90 93.3333 
90 96.6667 
90 100 
93.3333 0 
93.3333 3.33333 
93.3333 6.66667 
93.3333 10 
93.3333 13.3333 
93.3333 16.6667 
93.3333 20 
93.3333 23.3333 
93.3333 26.6667 
93.3333 30 
93.3333 33.3333 
93.3333 36.6667 
93.3333 40 
93.3333 43.3333 
93.3333 46.6667 
93.3333 50 
93.3333 53.3333 
93.3333 56.6667 
93.3333 60 
93.3333 63.3333 
93.3333 66.6667 
93.3333 70 
93.3333 73.3333 
93.3333 76.6667 
93.3333 80 
93.3333 83.3333 
93.3333 86.6667 
93.3333 90 
93.3333 93.3333 
93.3333 96.6667 
93.3333 100 
96.6667 0 
96.6667 3.33333 
96.6667 6.66667 
96.6667 10 
96.6667 13.3333 
96.6667 16.6667 
96.6667 20 
96.6667 23.3333 
96.6667 26.6667 
96.6667 30 
96.6667 33.3333 
96.6667 36.6667 
96.6667 40 
96.6667 43.3333 
96.6667 46.6667 
96.6667 50 
96.6667 53.3333 
96.6667 56.6667 
96.6667 60 
96.6667 63.3333 
96.6667 66.6667 
96.6667 70 
96.6667 73.3333 
96.6667 76.6667 
96.6667 80 
96.6667 83.3333 
96.6667 86.6667 
96.6667 90 
96.6667 93.3333 
96.6667 96.6667 
96.6667 100 
100 0 
100 3.33333 
100 6.66667 
100 10 
100 13.3333 
100 16.6667 
100 20 
100 23.3333 
100 26.6667 
100 30 
100 33.3333 
100 36.6667 
100 40 
100 43.3333 
100 46.6667 
100 50 
100 53.3333 
100 56.6667 
100 60 
100 63.3333 
100 66.6667 
100 70 
100 73.3333 
100 76.6667 
100 80 
100 83.3333 
100 86.6667 
100 90 
100 93.3333 
100 96.6667 
100 100 
