# Date: 7/8/2013   Time: 20:48
# dimensions 
100 100 
# connectivity 
9
4 1 2 3 4 1 1 
4 5 6 7 8 1 1 
4 9 10 11 12 1 1 
4 13 14 15 16 1 1 
4 17 18 19 20 1 1 
4 21 22 23 24 1 1 
4 25 26 27 28 1 1 
4 29 30 31 32 1 1 
4 33 34 35 36 1 1 
# DG vertices (counter-clockwise) 
36
 0 0 
 36.06 0 
 29.991 27.1825 
 0 35.7039 
 0 35.7039 
 29.991 27.1825 
 35.3053 72.4974 
 0 60.7154 
 0 60.7154 
 35.3053 72.4974 
 31.3802 100 
 0 100 
 36.06 0 
 64.2103 0 
 73.4796 25.1637 
 29.991 27.1825 
 29.991 27.1825 
 73.4796 25.1637 
 60.2479 67.3755 
 35.3053 72.4974 
 35.3053 72.4974 
 60.2479 67.3755 
 64.1258 100 
 31.3802 100 
 64.2103 0 
 100 0 
 100 25.0397 
 73.4796 25.1637 
 73.4796 25.1637 
 100 25.0397 
 100 65.1358 
 60.2479 67.3755 
 60.2479 67.3755 
 100 65.1358 
 100 100 
 64.1258 100 
# grid vertices (counter-clockwise) 
16
0 0 
0 35.7039 
0 60.7154 
0 100 
36.06 0 
29.991 27.1825 
35.3053 72.4974 
31.3802 100 
64.2103 0 
73.4796 25.1637 
60.2479 67.3755 
64.1258 100 
100 0 
100 25.0397 
100 65.1358 
100 100 
