# Date: 8/5/2013   Time: 19:34
# dimensions 
1 1 
# connectivity 
4
4 1 2 3 4 1 1 
4 5 6 7 8 1 1 
4 9 10 11 12 1 1 
4 13 14 15 16 1 1 
# DG vertices (counter-clockwise) 
16
 0 0 
 0.502578 0 
 0.500901 0.498307 
 0 0.501488 
 0 0.501488 
 0.500901 0.498307 
 0.499281 1 
 0 1 
 0.502578 0 
 1 0 
 1 0.498742 
 0.500901 0.498307 
 0.500901 0.498307 
 1 0.498742 
 1 1 
 0.499281 1 
# grid vertices (counter-clockwise) 
9
0 0 
0 0.501488 
0 1 
0.502578 0 
0.500901 0.498307 
0.499281 1 
1 0 
1 0.498742 
1 1 
