# Date: 8/5/2013   Time: 19:44
# dimensions 
1 1 
# connectivity 
4
4 1 2 3 4 1 1 
4 5 6 7 8 1 1 
4 9 10 11 12 1 1 
4 13 14 15 16 1 1 
# DG vertices (counter-clockwise) 
16
 0 0 
 0.477163 0 
 0.476891 0.468976 
 0 0.503718 
 0 0.503718 
 0.476891 0.468976 
 0.480078 1 
 0 1 
 0.477163 0 
 1 0 
 1 0.498617 
 0.476891 0.468976 
 0.476891 0.468976 
 1 0.498617 
 1 1 
 0.480078 1 
# grid vertices (counter-clockwise) 
9
0 0 
0 0.503718 
0 1 
0.477163 0 
0.476891 0.468976 
0.480078 1 
1 0 
1 0.498617 
1 1 
