# Date: 7/8/2013   Time: 20:41
# dimensions 
100 100 
# connectivity 
4
4 1 2 3 4 1 1 
4 5 6 7 8 1 1 
4 9 10 11 12 1 1 
4 13 14 15 16 1 1 
# DG vertices (counter-clockwise) 
16
 0 0 
 54.6158 0 
 47.983 49.3494 
 0 53.4813 
 0 53.4813 
 47.983 49.3494 
 45.1909 100 
 0 100 
 54.6158 0 
 100 0 
 100 51.9244 
 47.983 49.3494 
 47.983 49.3494 
 100 51.9244 
 100 100 
 45.1909 100 
# grid vertices (counter-clockwise) 
9
0 0 
0 53.4813 
0 100 
54.6158 0 
47.983 49.3494 
45.1909 100 
100 0 
100 51.9244 
100 100 
