# Date: 7/10/2013   Time: 21:45
# dimensions 
10 10 
# connectivity 
9
5  1  2  3  4  5    1 1 
5  6  7  8  9  10    1 1 
4  11  12  13  14    1 1 
4  15  16  17  18    1 1 
7  19  20  21  22  23  24  25    1 1 
5  26  27  28  29  30    1 1 
5  31  32  33  34  35    1 1 
4  36  37  38  39    1 1 
5  40  41  42  43  44    1 1 
# DG vertices (counter-clockwise) 
44
0  0  
3.35442  0  
3.49293  3.00457  
3.29798  3.21586  
0  3.12613  
0  3.12613  
3.29798  3.21586  
3.44677  6.71822  
3.16032  6.95697  
0  6.84936  
0  6.84936  
3.16032  6.95697  
3.0783  10  
0  10  
3.35442  0  
6.71782  0  
6.97107  3.00447  
3.49293  3.00457  
3.29798  3.21586  
3.49293  3.00457  
6.97107  3.00447  
7.27702  3.25762  
6.74322  6.92574  
6.64986  7.0132  
3.44677  6.71822  
3.16032  6.95697  
3.44677  6.71822  
6.64986  7.0132  
6.94745  10  
3.0783  10  
6.71782  0  
10  0  
10  2.99521  
7.27702  3.25762  
6.97107  3.00447  
7.27702  3.25762  
10  2.99521  
10  6.92961  
6.74322  6.92574  
6.64986  7.0132  
6.74322  6.92574  
10  6.92961  
10  10  
6.94745  10  
