# Date: 7/14/2013   Time: 13:52
# dimensions 
10 10 
# connectivity 
441
4  1  2  3  4    1 1 
5  5  6  7  8  9    1 1 
5  10  11  12  13  14    1 1 
5  15  16  17  18  19    1 1 
3  20  21  22    1 1 
4  23  24  25  26    1 1 
4  27  28  29  30    1 1 
5  31  32  33  34  35    1 1 
4  36  37  38  39    1 1 
4  40  41  42  43    1 1 
4  44  45  46  47    1 1 
6  48  49  50  51  52  53    1 1 
5  54  55  56  57  58    1 1 
4  59  60  61  62    1 1 
4  63  64  65  66    1 1 
5  67  68  69  70  71    1 1 
5  72  73  74  75  76    1 1 
4  77  78  79  80    1 1 
5  81  82  83  84  85    1 1 
5  86  87  88  89  90    1 1 
4  91  92  93  94    1 1 
5  95  96  97  98  99    1 1 
7  100  101  102  103  104  105  106    1 1 
7  107  108  109  110  111  112  113    1 1 
5  114  115  116  117  118    1 1 
6  119  120  121  122  123  124    1 1 
5  125  126  127  128  129    1 1 
8  130  131  132  133  134  135  136  137    1 1 
7  138  139  140  141  142  143  144    1 1 
7  145  146  147  148  149  150  151    1 1 
7  152  153  154  155  156  157  158    1 1 
6  159  160  161  162  163  164    1 1 
6  165  166  167  168  169  170    1 1 
7  171  172  173  174  175  176  177    1 1 
6  178  179  180  181  182  183    1 1 
7  184  185  186  187  188  189  190    1 1 
7  191  192  193  194  195  196  197    1 1 
6  198  199  200  201  202  203    1 1 
5  204  205  206  207  208    1 1 
7  209  210  211  212  213  214  215    1 1 
5  216  217  218  219  220    1 1 
5  221  222  223  224  225    1 1 
7  226  227  228  229  230  231  232    1 1 
5  233  234  235  236  237    1 1 
4  238  239  240  241    1 1 
5  242  243  244  245  246    1 1 
8  247  248  249  250  251  252  253  254    1 1 
5  255  256  257  258  259    1 1 
7  260  261  262  263  264  265  266    1 1 
5  267  268  269  270  271    1 1 
6  272  273  274  275  276  277    1 1 
6  278  279  280  281  282  283    1 1 
7  284  285  286  287  288  289  290    1 1 
4  291  292  293  294    1 1 
6  295  296  297  298  299  300    1 1 
6  301  302  303  304  305  306    1 1 
6  307  308  309  310  311  312    1 1 
4  313  314  315  316    1 1 
8  317  318  319  320  321  322  323  324    1 1 
6  325  326  327  328  329  330    1 1 
6  331  332  333  334  335  336    1 1 
6  337  338  339  340  341  342    1 1 
5  343  344  345  346  347    1 1 
5  348  349  350  351  352    1 1 
7  353  354  355  356  357  358  359    1 1 
7  360  361  362  363  364  365  366    1 1 
8  367  368  369  370  371  372  373  374    1 1 
5  375  376  377  378  379    1 1 
6  380  381  382  383  384  385    1 1 
4  386  387  388  389    1 1 
5  390  391  392  393  394    1 1 
6  395  396  397  398  399  400    1 1 
7  401  402  403  404  405  406  407    1 1 
7  408  409  410  411  412  413  414    1 1 
6  415  416  417  418  419  420    1 1 
5  421  422  423  424  425    1 1 
6  426  427  428  429  430  431    1 1 
8  432  433  434  435  436  437  438  439    1 1 
8  440  441  442  443  444  445  446  447    1 1 
4  448  449  450  451    1 1 
5  452  453  454  455  456    1 1 
6  457  458  459  460  461  462    1 1 
6  463  464  465  466  467  468    1 1 
5  469  470  471  472  473    1 1 
4  474  475  476  477    1 1 
7  478  479  480  481  482  483  484    1 1 
5  485  486  487  488  489    1 1 
7  490  491  492  493  494  495  496    1 1 
5  497  498  499  500  501    1 1 
6  502  503  504  505  506  507    1 1 
10  508  509  510  511  512  513  514  515  516  517    1 1 
7  518  519  520  521  522  523  524    1 1 
4  525  526  527  528    1 1 
7  529  530  531  532  533  534  535    1 1 
5  536  537  538  539  540    1 1 
5  541  542  543  544  545    1 1 
6  546  547  548  549  550  551    1 1 
8  552  553  554  555  556  557  558  559    1 1 
6  560  561  562  563  564  565    1 1 
5  566  567  568  569  570    1 1 
7  571  572  573  574  575  576  577    1 1 
6  578  579  580  581  582  583    1 1 
5  584  585  586  587  588    1 1 
7  589  590  591  592  593  594  595    1 1 
4  596  597  598  599    1 1 
4  600  601  602  603    1 1 
5  604  605  606  607  608    1 1 
6  609  610  611  612  613  614    1 1 
5  615  616  617  618  619    1 1 
4  620  621  622  623    1 1 
4  624  625  626  627    1 1 
7  628  629  630  631  632  633  634    1 1 
7  635  636  637  638  639  640  641    1 1 
5  642  643  644  645  646    1 1 
5  647  648  649  650  651    1 1 
6  652  653  654  655  656  657    1 1 
7  658  659  660  661  662  663  664    1 1 
7  665  666  667  668  669  670  671    1 1 
5  672  673  674  675  676    1 1 
5  677  678  679  680  681    1 1 
5  682  683  684  685  686    1 1 
5  687  688  689  690  691    1 1 
5  692  693  694  695  696    1 1 
9  697  698  699  700  701  702  703  704  705    1 1 
5  706  707  708  709  710    1 1 
5  711  712  713  714  715    1 1 
6  716  717  718  719  720  721    1 1 
4  722  723  724  725    1 1 
8  726  727  728  729  730  731  732  733    1 1 
5  734  735  736  737  738    1 1 
8  739  740  741  742  743  744  745  746    1 1 
6  747  748  749  750  751  752    1 1 
5  753  754  755  756  757    1 1 
5  758  759  760  761  762    1 1 
8  763  764  765  766  767  768  769  770    1 1 
6  771  772  773  774  775  776    1 1 
5  777  778  779  780  781    1 1 
6  782  783  784  785  786  787    1 1 
5  788  789  790  791  792    1 1 
6  793  794  795  796  797  798    1 1 
8  799  800  801  802  803  804  805  806    1 1 
6  807  808  809  810  811  812    1 1 
7  813  814  815  816  817  818  819    1 1 
5  820  821  822  823  824    1 1 
5  825  826  827  828  829    1 1 
7  830  831  832  833  834  835  836    1 1 
4  837  838  839  840    1 1 
5  841  842  843  844  845    1 1 
6  846  847  848  849  850  851    1 1 
7  852  853  854  855  856  857  858    1 1 
4  859  860  861  862    1 1 
7  863  864  865  866  867  868  869    1 1 
6  870  871  872  873  874  875    1 1 
8  876  877  878  879  880  881  882  883    1 1 
4  884  885  886  887    1 1 
5  888  889  890  891  892    1 1 
5  893  894  895  896  897    1 1 
5  898  899  900  901  902    1 1 
8  903  904  905  906  907  908  909  910    1 1 
6  911  912  913  914  915  916    1 1 
4  917  918  919  920    1 1 
6  921  922  923  924  925  926    1 1 
5  927  928  929  930  931    1 1 
8  932  933  934  935  936  937  938  939    1 1 
6  940  941  942  943  944  945    1 1 
6  946  947  948  949  950  951    1 1 
5  952  953  954  955  956    1 1 
5  957  958  959  960  961    1 1 
5  962  963  964  965  966    1 1 
5  967  968  969  970  971    1 1 
6  972  973  974  975  976  977    1 1 
6  978  979  980  981  982  983    1 1 
6  984  985  986  987  988  989    1 1 
9  990  991  992  993  994  995  996  997  998    1 1 
5  999  1000  1001  1002  1003    1 1 
7  1004  1005  1006  1007  1008  1009  1010    1 1 
7  1011  1012  1013  1014  1015  1016  1017    1 1 
6  1018  1019  1020  1021  1022  1023    1 1 
7  1024  1025  1026  1027  1028  1029  1030    1 1 
4  1031  1032  1033  1034    1 1 
4  1035  1036  1037  1038    1 1 
8  1039  1040  1041  1042  1043  1044  1045  1046    1 1 
6  1047  1048  1049  1050  1051  1052    1 1 
6  1053  1054  1055  1056  1057  1058    1 1 
6  1059  1060  1061  1062  1063  1064    1 1 
7  1065  1066  1067  1068  1069  1070  1071    1 1 
6  1072  1073  1074  1075  1076  1077    1 1 
7  1078  1079  1080  1081  1082  1083  1084    1 1 
4  1085  1086  1087  1088    1 1 
5  1089  1090  1091  1092  1093    1 1 
6  1094  1095  1096  1097  1098  1099    1 1 
8  1100  1101  1102  1103  1104  1105  1106  1107    1 1 
6  1108  1109  1110  1111  1112  1113    1 1 
6  1114  1115  1116  1117  1118  1119    1 1 
6  1120  1121  1122  1123  1124  1125    1 1 
3  1126  1127  1128    1 1 
7  1129  1130  1131  1132  1133  1134  1135    1 1 
9  1136  1137  1138  1139  1140  1141  1142  1143  1144    1 1 
7  1145  1146  1147  1148  1149  1150  1151    1 1 
4  1152  1153  1154  1155    1 1 
6  1156  1157  1158  1159  1160  1161    1 1 
5  1162  1163  1164  1165  1166    1 1 
8  1167  1168  1169  1170  1171  1172  1173  1174    1 1 
7  1175  1176  1177  1178  1179  1180  1181    1 1 
4  1182  1183  1184  1185    1 1 
6  1186  1187  1188  1189  1190  1191    1 1 
5  1192  1193  1194  1195  1196    1 1 
6  1197  1198  1199  1200  1201  1202    1 1 
4  1203  1204  1205  1206    1 1 
6  1207  1208  1209  1210  1211  1212    1 1 
3  1213  1214  1215    1 1 
6  1216  1217  1218  1219  1220  1221    1 1 
5  1222  1223  1224  1225  1226    1 1 
7  1227  1228  1229  1230  1231  1232  1233    1 1 
5  1234  1235  1236  1237  1238    1 1 
4  1239  1240  1241  1242    1 1 
7  1243  1244  1245  1246  1247  1248  1249    1 1 
5  1250  1251  1252  1253  1254    1 1 
6  1255  1256  1257  1258  1259  1260    1 1 
8  1261  1262  1263  1264  1265  1266  1267  1268    1 1 
6  1269  1270  1271  1272  1273  1274    1 1 
7  1275  1276  1277  1278  1279  1280  1281    1 1 
5  1282  1283  1284  1285  1286    1 1 
7  1287  1288  1289  1290  1291  1292  1293    1 1 
6  1294  1295  1296  1297  1298  1299    1 1 
6  1300  1301  1302  1303  1304  1305    1 1 
6  1306  1307  1308  1309  1310  1311    1 1 
7  1312  1313  1314  1315  1316  1317  1318    1 1 
7  1319  1320  1321  1322  1323  1324  1325    1 1 
7  1326  1327  1328  1329  1330  1331  1332    1 1 
4  1333  1334  1335  1336    1 1 
4  1337  1338  1339  1340    1 1 
6  1341  1342  1343  1344  1345  1346    1 1 
6  1347  1348  1349  1350  1351  1352    1 1 
5  1353  1354  1355  1356  1357    1 1 
7  1358  1359  1360  1361  1362  1363  1364    1 1 
7  1365  1366  1367  1368  1369  1370  1371    1 1 
5  1372  1373  1374  1375  1376    1 1 
5  1377  1378  1379  1380  1381    1 1 
7  1382  1383  1384  1385  1386  1387  1388    1 1 
4  1389  1390  1391  1392    1 1 
7  1393  1394  1395  1396  1397  1398  1399    1 1 
9  1400  1401  1402  1403  1404  1405  1406  1407  1408    1 1 
6  1409  1410  1411  1412  1413  1414    1 1 
5  1415  1416  1417  1418  1419    1 1 
5  1420  1421  1422  1423  1424    1 1 
7  1425  1426  1427  1428  1429  1430  1431    1 1 
5  1432  1433  1434  1435  1436    1 1 
6  1437  1438  1439  1440  1441  1442    1 1 
8  1443  1444  1445  1446  1447  1448  1449  1450    1 1 
6  1451  1452  1453  1454  1455  1456    1 1 
4  1457  1458  1459  1460    1 1 
6  1461  1462  1463  1464  1465  1466    1 1 
4  1467  1468  1469  1470    1 1 
6  1471  1472  1473  1474  1475  1476    1 1 
5  1477  1478  1479  1480  1481    1 1 
6  1482  1483  1484  1485  1486  1487    1 1 
8  1488  1489  1490  1491  1492  1493  1494  1495    1 1 
4  1496  1497  1498  1499    1 1 
6  1500  1501  1502  1503  1504  1505    1 1 
7  1506  1507  1508  1509  1510  1511  1512    1 1 
4  1513  1514  1515  1516    1 1 
8  1517  1518  1519  1520  1521  1522  1523  1524    1 1 
6  1525  1526  1527  1528  1529  1530    1 1 
4  1531  1532  1533  1534    1 1 
7  1535  1536  1537  1538  1539  1540  1541    1 1 
7  1542  1543  1544  1545  1546  1547  1548    1 1 
7  1549  1550  1551  1552  1553  1554  1555    1 1 
4  1556  1557  1558  1559    1 1 
6  1560  1561  1562  1563  1564  1565    1 1 
5  1566  1567  1568  1569  1570    1 1 
5  1571  1572  1573  1574  1575    1 1 
4  1576  1577  1578  1579    1 1 
5  1580  1581  1582  1583  1584    1 1 
8  1585  1586  1587  1588  1589  1590  1591  1592    1 1 
7  1593  1594  1595  1596  1597  1598  1599    1 1 
6  1600  1601  1602  1603  1604  1605    1 1 
7  1606  1607  1608  1609  1610  1611  1612    1 1 
5  1613  1614  1615  1616  1617    1 1 
8  1618  1619  1620  1621  1622  1623  1624  1625    1 1 
5  1626  1627  1628  1629  1630    1 1 
6  1631  1632  1633  1634  1635  1636    1 1 
4  1637  1638  1639  1640    1 1 
6  1641  1642  1643  1644  1645  1646    1 1 
5  1647  1648  1649  1650  1651    1 1 
6  1652  1653  1654  1655  1656  1657    1 1 
4  1658  1659  1660  1661    1 1 
7  1662  1663  1664  1665  1666  1667  1668    1 1 
6  1669  1670  1671  1672  1673  1674    1 1 
7  1675  1676  1677  1678  1679  1680  1681    1 1 
6  1682  1683  1684  1685  1686  1687    1 1 
8  1688  1689  1690  1691  1692  1693  1694  1695    1 1 
7  1696  1697  1698  1699  1700  1701  1702    1 1 
4  1703  1704  1705  1706    1 1 
3  1707  1708  1709    1 1 
8  1710  1711  1712  1713  1714  1715  1716  1717    1 1 
6  1718  1719  1720  1721  1722  1723    1 1 
6  1724  1725  1726  1727  1728  1729    1 1 
5  1730  1731  1732  1733  1734    1 1 
7  1735  1736  1737  1738  1739  1740  1741    1 1 
4  1742  1743  1744  1745    1 1 
6  1746  1747  1748  1749  1750  1751    1 1 
6  1752  1753  1754  1755  1756  1757    1 1 
7  1758  1759  1760  1761  1762  1763  1764    1 1 
7  1765  1766  1767  1768  1769  1770  1771    1 1 
6  1772  1773  1774  1775  1776  1777    1 1 
7  1778  1779  1780  1781  1782  1783  1784    1 1 
5  1785  1786  1787  1788  1789    1 1 
5  1790  1791  1792  1793  1794    1 1 
6  1795  1796  1797  1798  1799  1800    1 1 
8  1801  1802  1803  1804  1805  1806  1807  1808    1 1 
4  1809  1810  1811  1812    1 1 
8  1813  1814  1815  1816  1817  1818  1819  1820    1 1 
5  1821  1822  1823  1824  1825    1 1 
5  1826  1827  1828  1829  1830    1 1 
4  1831  1832  1833  1834    1 1 
6  1835  1836  1837  1838  1839  1840    1 1 
6  1841  1842  1843  1844  1845  1846    1 1 
6  1847  1848  1849  1850  1851  1852    1 1 
6  1853  1854  1855  1856  1857  1858    1 1 
5  1859  1860  1861  1862  1863    1 1 
5  1864  1865  1866  1867  1868    1 1 
7  1869  1870  1871  1872  1873  1874  1875    1 1 
5  1876  1877  1878  1879  1880    1 1 
7  1881  1882  1883  1884  1885  1886  1887    1 1 
5  1888  1889  1890  1891  1892    1 1 
6  1893  1894  1895  1896  1897  1898    1 1 
5  1899  1900  1901  1902  1903    1 1 
8  1904  1905  1906  1907  1908  1909  1910  1911    1 1 
5  1912  1913  1914  1915  1916    1 1 
7  1917  1918  1919  1920  1921  1922  1923    1 1 
5  1924  1925  1926  1927  1928    1 1 
6  1929  1930  1931  1932  1933  1934    1 1 
5  1935  1936  1937  1938  1939    1 1 
5  1940  1941  1942  1943  1944    1 1 
6  1945  1946  1947  1948  1949  1950    1 1 
4  1951  1952  1953  1954    1 1 
8  1955  1956  1957  1958  1959  1960  1961  1962    1 1 
4  1963  1964  1965  1966    1 1 
8  1967  1968  1969  1970  1971  1972  1973  1974    1 1 
5  1975  1976  1977  1978  1979    1 1 
6  1980  1981  1982  1983  1984  1985    1 1 
6  1986  1987  1988  1989  1990  1991    1 1 
5  1992  1993  1994  1995  1996    1 1 
6  1997  1998  1999  2000  2001  2002    1 1 
6  2003  2004  2005  2006  2007  2008    1 1 
6  2009  2010  2011  2012  2013  2014    1 1 
6  2015  2016  2017  2018  2019  2020    1 1 
6  2021  2022  2023  2024  2025  2026    1 1 
7  2027  2028  2029  2030  2031  2032  2033    1 1 
6  2034  2035  2036  2037  2038  2039    1 1 
7  2040  2041  2042  2043  2044  2045  2046    1 1 
5  2047  2048  2049  2050  2051    1 1 
5  2052  2053  2054  2055  2056    1 1 
5  2057  2058  2059  2060  2061    1 1 
6  2062  2063  2064  2065  2066  2067    1 1 
6  2068  2069  2070  2071  2072  2073    1 1 
4  2074  2075  2076  2077    1 1 
5  2078  2079  2080  2081  2082    1 1 
6  2083  2084  2085  2086  2087  2088    1 1 
7  2089  2090  2091  2092  2093  2094  2095    1 1 
6  2096  2097  2098  2099  2100  2101    1 1 
7  2102  2103  2104  2105  2106  2107  2108    1 1 
8  2109  2110  2111  2112  2113  2114  2115  2116    1 1 
6  2117  2118  2119  2120  2121  2122    1 1 
6  2123  2124  2125  2126  2127  2128    1 1 
6  2129  2130  2131  2132  2133  2134    1 1 
5  2135  2136  2137  2138  2139    1 1 
4  2140  2141  2142  2143    1 1 
8  2144  2145  2146  2147  2148  2149  2150  2151    1 1 
7  2152  2153  2154  2155  2156  2157  2158    1 1 
4  2159  2160  2161  2162    1 1 
8  2163  2164  2165  2166  2167  2168  2169  2170    1 1 
5  2171  2172  2173  2174  2175    1 1 
5  2176  2177  2178  2179  2180    1 1 
7  2181  2182  2183  2184  2185  2186  2187    1 1 
7  2188  2189  2190  2191  2192  2193  2194    1 1 
4  2195  2196  2197  2198    1 1 
5  2199  2200  2201  2202  2203    1 1 
7  2204  2205  2206  2207  2208  2209  2210    1 1 
4  2211  2212  2213  2214    1 1 
5  2215  2216  2217  2218  2219    1 1 
6  2220  2221  2222  2223  2224  2225    1 1 
5  2226  2227  2228  2229  2230    1 1 
6  2231  2232  2233  2234  2235  2236    1 1 
5  2237  2238  2239  2240  2241    1 1 
6  2242  2243  2244  2245  2246  2247    1 1 
5  2248  2249  2250  2251  2252    1 1 
8  2253  2254  2255  2256  2257  2258  2259  2260    1 1 
5  2261  2262  2263  2264  2265    1 1 
4  2266  2267  2268  2269    1 1 
6  2270  2271  2272  2273  2274  2275    1 1 
6  2276  2277  2278  2279  2280  2281    1 1 
6  2282  2283  2284  2285  2286  2287    1 1 
6  2288  2289  2290  2291  2292  2293    1 1 
6  2294  2295  2296  2297  2298  2299    1 1 
4  2300  2301  2302  2303    1 1 
8  2304  2305  2306  2307  2308  2309  2310  2311    1 1 
5  2312  2313  2314  2315  2316    1 1 
5  2317  2318  2319  2320  2321    1 1 
7  2322  2323  2324  2325  2326  2327  2328    1 1 
6  2329  2330  2331  2332  2333  2334    1 1 
8  2335  2336  2337  2338  2339  2340  2341  2342    1 1 
6  2343  2344  2345  2346  2347  2348    1 1 
7  2349  2350  2351  2352  2353  2354  2355    1 1 
5  2356  2357  2358  2359  2360    1 1 
6  2361  2362  2363  2364  2365  2366    1 1 
7  2367  2368  2369  2370  2371  2372  2373    1 1 
8  2374  2375  2376  2377  2378  2379  2380  2381    1 1 
8  2382  2383  2384  2385  2386  2387  2388  2389    1 1 
7  2390  2391  2392  2393  2394  2395  2396    1 1 
7  2397  2398  2399  2400  2401  2402  2403    1 1 
7  2404  2405  2406  2407  2408  2409  2410    1 1 
5  2411  2412  2413  2414  2415    1 1 
6  2416  2417  2418  2419  2420  2421    1 1 
6  2422  2423  2424  2425  2426  2427    1 1 
7  2428  2429  2430  2431  2432  2433  2434    1 1 
7  2435  2436  2437  2438  2439  2440  2441    1 1 
6  2442  2443  2444  2445  2446  2447    1 1 
5  2448  2449  2450  2451  2452    1 1 
4  2453  2454  2455  2456    1 1 
5  2457  2458  2459  2460  2461    1 1 
5  2462  2463  2464  2465  2466    1 1 
4  2467  2468  2469  2470    1 1 
5  2471  2472  2473  2474  2475    1 1 
5  2476  2477  2478  2479  2480    1 1 
4  2481  2482  2483  2484    1 1 
4  2485  2486  2487  2488    1 1 
5  2489  2490  2491  2492  2493    1 1 
5  2494  2495  2496  2497  2498    1 1 
4  2499  2500  2501  2502    1 1 
4  2503  2504  2505  2506    1 1 
4  2507  2508  2509  2510    1 1 
5  2511  2512  2513  2514  2515    1 1 
4  2516  2517  2518  2519    1 1 
3  2520  2521  2522    1 1 
5  2523  2524  2525  2526  2527    1 1 
4  2528  2529  2530  2531    1 1 
5  2532  2533  2534  2535  2536    1 1 
5  2537  2538  2539  2540  2541    1 1 
4  2542  2543  2544  2545    1 1 
# DG vertices (counter-clockwise) 
2545
0  0  
0.236342  0  
0.236342  0.287233  
0  0.287233  
0  0.287233  
0.236342  0.287233  
0.322906  0.35846  
0.0225911  0.88368  
0  0.88368  
0  0.88368  
0.0225911  0.88368  
0.0875486  0.927394  
0.179628  1.25393  
0  1.25393  
0  1.25393  
0.179628  1.25393  
0.397138  1.57023  
0.371846  1.60919  
0  1.71786  
0  1.89535  
0.157101  2.20871  
0  2.41158  
0  2.4449  
0.411949  2.72415  
0.429129  2.94939  
0  2.94939  
0  3.26968  
0.500493  3.26968  
0.408911  3.45108  
0  3.79184  
0  2.94939  
0.429129  2.94939  
0.57534  3.16252  
0.500493  3.26968  
0  3.26968  
0  3.95364  
0.522607  4.3898  
0.396477  4.4569  
0  4.4569  
0  4.4569  
0.396477  4.4569  
0.121079  4.6541  
0  4.6541  
0  4.6541  
0.121079  4.6541  
0.0746391  5.25957  
0  5.25957  
0  5.25957  
0.0746391  5.25957  
0.108433  5.26774  
0.374144  5.72776  
0.367647  5.79427  
0  5.79427  
0  5.79427  
0.367647  5.79427  
0.375857  5.876  
0.303179  6.02322  
0  6.02322  
0  6.02322  
0.303179  6.02322  
0.309434  6.4398  
0  6.55409  
0  6.86631  
0.318926  7.15205  
0.134974  7.28633  
0  7.28633  
0  7.28633  
0.134974  7.28633  
0.120088  7.82052  
0.0264615  7.87405  
0  7.87405  
0  7.87405  
0.0264615  7.87405  
0.194833  8.21781  
0.11794  8.32313  
0  8.32313  
0  8.32313  
0.11794  8.32313  
0.0265907  8.58491  
0  8.58491  
0  8.58491  
0.0265907  8.58491  
0.472589  8.80194  
0.475168  8.86119  
0  8.97232  
0  9.27347  
0.439227  9.3692  
0.477488  9.51815  
0.222242  9.72276  
0  9.72276  
0  9.72276  
0.222242  9.72276  
0.222242  10  
0  10  
0.236342  0  
0.573118  0  
0.573118  0.416176  
0.322906  0.35846  
0.236342  0.287233  
0.322906  0.35846  
0.573118  0.416176  
0.624996  0.442106  
0.497282  0.913958  
0.48601  0.926985  
0.0875486  0.927394  
0.0225911  0.88368  
0.48601  0.926985  
0.497282  0.913958  
0.91885  1.03149  
1.02439  1.18551  
1.06237  1.3972  
0.979833  1.42471  
0.519666  1.48679  
0.0875486  0.927394  
0.48601  0.926985  
0.519666  1.48679  
0.397138  1.57023  
0.179628  1.25393  
0.157101  2.20871  
0.597467  2.17758  
0.654441  2.23819  
0.411949  2.72415  
0  2.4449  
0  2.41158  
0  1.89535  
0  1.71786  
0.371846  1.60919  
0.597467  2.17758  
0.157101  2.20871  
0.411949  2.72415  
0.654441  2.23819  
0.773852  2.2347  
0.99356  2.50571  
1.05486  2.84956  
0.761985  3.17562  
0.57534  3.16252  
0.429129  2.94939  
0.408911  3.45108  
0.500493  3.26968  
0.57534  3.16252  
0.761985  3.17562  
0.927804  3.31598  
1.10725  3.75875  
0.739167  4.07106  
0  3.95364  
0  3.79184  
0.408911  3.45108  
0.739167  4.07106  
0.672961  4.2391  
0.525918  4.39059  
0.522607  4.3898  
0.121079  4.6541  
0.396477  4.4569  
0.522607  4.3898  
0.525918  4.39059  
0.746436  4.90097  
0.108433  5.26774  
0.0746391  5.25957  
0.108433  5.26774  
0.746436  4.90097  
0.872029  4.96638  
0.932611  5.23842  
0.822143  5.51396  
0.374144  5.72776  
0.374144  5.72776  
0.822143  5.51396  
0.929651  5.72734  
0.684056  5.98389  
0.375857  5.876  
0.367647  5.79427  
0.303179  6.02322  
0.375857  5.876  
0.684056  5.98389  
0.778258  6.08137  
0.916896  6.45464  
0.617413  6.60841  
0.309434  6.4398  
0.778258  6.08137  
1.09257  5.84752  
1.25701  5.89865  
1.26136  5.90065  
1.05671  6.45332  
0.916896  6.45464  
0  6.55409  
0.309434  6.4398  
0.617413  6.60841  
0.601948  6.98174  
0.555689  7.14604  
0.318926  7.15205  
0  6.86631  
0.134974  7.28633  
0.318926  7.15205  
0.555689  7.14604  
0.843682  7.63958  
0.851406  7.66429  
0.765204  7.71023  
0.120088  7.82052  
0.11794  8.32313  
0.194833  8.21781  
0.44051  8.35776  
0.53766  8.6594  
0.472589  8.80194  
0.0265907  8.58491  
0.0264615  7.87405  
0.120088  7.82052  
0.765204  7.71023  
0.44051  8.35776  
0.194833  8.21781  
0.472589  8.80194  
0.53766  8.6594  
0.781102  8.53429  
1.20907  8.95242  
1.0552  9.02506  
0.499888  8.92331  
0.475168  8.86119  
0  8.97232  
0.475168  8.86119  
0.499888  8.92331  
0.439227  9.3692  
0  9.27347  
0.222242  9.72276  
0.477488  9.51815  
0.80173  9.69222  
0.80173  10  
0.222242  10  
0.573118  0  
1.11789  0  
1.11789  0.282142  
1.09593  0.314161  
0.857882  0.421141  
0.624996  0.442106  
0.573118  0.416176  
0.857882  0.421141  
1.09593  0.314161  
1.28796  0.700892  
1.02439  1.18551  
0.91885  1.03149  
0.624996  0.442106  
0.857882  0.421141  
0.91885  1.03149  
0.497282  0.913958  
0.979833  1.42471  
1.06237  1.3972  
1.21223  1.45554  
1.31612  2.00463  
0.775559  2.23351  
0.371846  1.60919  
0.397138  1.57023  
0.519666  1.48679  
0.979833  1.42471  
0.775559  2.23351  
0.773852  2.2347  
0.654441  2.23819  
0.597467  2.17758  
0.99356  2.50571  
1.24069  2.45135  
1.53931  2.74833  
1.52087  2.77084  
1.05486  2.84956  
1.05486  2.84956  
1.52087  2.77084  
1.53427  3.02772  
1.44528  3.22806  
1.40471  3.25725  
0.927804  3.31598  
0.761985  3.17562  
0.927804  3.31598  
1.40471  3.25725  
1.4721  3.57422  
1.2649  3.81869  
1.10725  3.75875  
1.16512  4.3063  
1.36496  4.20255  
1.6572  4.57426  
1.61483  4.69851  
1.18648  4.859  
1.1357  4.86406  
0.525918  4.39059  
0.672961  4.2391  
1.16512  4.3063  
1.1357  4.86406  
0.872029  4.96638  
0.746436  4.90097  
0.872029  4.96638  
1.1357  4.86406  
1.18648  4.859  
1.63675  5.43431  
1.2012  5.37766  
0.998685  5.28047  
0.932611  5.23842  
0.929651  5.72734  
1.09257  5.84752  
0.778258  6.08137  
0.684056  5.98389  
0.998685  5.28047  
1.2012  5.37766  
1.28971  5.88976  
1.28439  5.89214  
1.26136  5.90065  
1.25701  5.89865  
1.26136  5.90065  
1.28439  5.89214  
1.64053  6.68867  
1.60608  6.73564  
1.45683  6.709  
1.05671  6.45332  
0.617413  6.60841  
0.916896  6.45464  
1.05671  6.45332  
1.45683  6.709  
1.18228  6.94535  
0.601948  6.98174  
0.555689  7.14604  
0.601948  6.98174  
1.18228  6.94535  
0.843682  7.63958  
0.765204  7.71023  
0.851406  7.66429  
0.891422  7.684  
1.22318  8.0554  
1.20893  8.19804  
0.781102  8.53429  
0.53766  8.6594  
0.44051  8.35776  
0.781102  8.53429  
1.20893  8.19804  
1.49317  8.80134  
1.48678  8.83242  
1.42987  8.89109  
1.20907  8.95242  
1.0552  9.02506  
1.20907  8.95242  
1.42987  8.89109  
1.39662  9.60486  
1.27162  9.63968  
0.963502  9.63004  
0.499888  8.92331  
1.0552  9.02506  
0.963502  9.63004  
0.80173  9.69222  
0.477488  9.51815  
0.439227  9.3692  
0.80173  9.69222  
0.963502  9.63004  
1.27162  9.63968  
1.27162  10  
0.80173  10  
1.74165  0  
2.03784  0  
2.03784  0.310861  
1.8637  0.382072  
1.74165  0.304142  
1.09593  0.314161  
1.11789  0.282142  
1.74165  0.304142  
1.8637  0.382072  
1.84474  0.993219  
1.82401  1.03892  
1.28796  0.700892  
1.28796  0.700892  
1.82401  1.03892  
1.82588  1.16054  
1.81649  1.21799  
1.21223  1.45554  
1.06237  1.3972  
1.02439  1.18551  
1.21223  1.45554  
1.81649  1.21799  
1.88824  1.31174  
1.85222  1.91465  
1.50647  2.08594  
1.49772  2.08755  
1.36101  2.0372  
1.31612  2.00463  
1.36101  2.0372  
1.49772  2.08755  
1.58235  2.71912  
1.53931  2.74833  
1.24069  2.45135  
0.773852  2.2347  
0.775559  2.23351  
1.31612  2.00463  
1.36101  2.0372  
1.24069  2.45135  
0.99356  2.50571  
1.40471  3.25725  
1.44528  3.22806  
1.89009  3.50331  
1.4721  3.57422  
1.44528  3.22806  
1.53427  3.02772  
2.20421  3.40873  
2.05063  3.52998  
1.89009  3.50331  
1.36496  4.20255  
1.38412  3.95506  
1.88265  3.90099  
1.89156  4.23287  
1.77178  4.49583  
1.6572  4.57426  
1.10725  3.75875  
1.2649  3.81869  
1.38412  3.95506  
1.36496  4.20255  
1.16512  4.3063  
0.672961  4.2391  
0.739167  4.07106  
1.18648  4.859  
1.61483  4.69851  
1.67444  4.78324  
1.9551  5.3163  
1.89844  5.39075  
1.6747  5.45106  
1.63675  5.43431  
0.822143  5.51396  
0.932611  5.23842  
0.998685  5.28047  
1.25701  5.89865  
1.09257  5.84752  
0.929651  5.72734  
1.2012  5.37766  
1.63675  5.43431  
1.6747  5.45106  
1.38665  5.86808  
1.28971  5.88976  
1.28439  5.89214  
1.28971  5.88976  
1.38665  5.86808  
1.69317  6.10712  
1.78907  6.50228  
1.64053  6.68867  
1.18228  6.94535  
1.45683  6.709  
1.60608  6.73564  
1.72505  7.02419  
1.55929  7.21366  
0.891422  7.684  
0.851406  7.66429  
0.843682  7.63958  
1.55929  7.21366  
1.72505  7.02419  
1.90258  7.14689  
1.96829  7.47862  
1.86695  7.79128  
1.73248  7.94063  
1.69121  7.95168  
1.58631  7.95916  
0.891422  7.684  
1.55929  7.21366  
1.58631  7.95916  
1.22318  8.0554  
1.69121  7.95168  
1.73248  7.94063  
2.18508  8.30061  
2.19486  8.37057  
1.83655  8.55857  
1.42987  8.89109  
1.48678  8.83242  
1.85709  9.13192  
1.85924  9.49406  
1.54553  9.65913  
1.39662  9.60486  
1.54553  9.65913  
1.85924  9.49406  
2.10417  9.58032  
2.13022  9.80704  
2.01466  10  
1.68644  10  
1.27162  9.63968  
1.39662  9.60486  
1.54553  9.65913  
1.68644  10  
1.27162  10  
1.11789  0  
1.74165  0  
1.74165  0.304142  
1.11789  0.282142  
1.8637  0.382072  
2.03784  0.310861  
2.4215  0.299784  
2.46513  0.336427  
2.53689  0.533183  
2.38324  0.724449  
1.84474  0.993219  
2.38324  0.724449  
2.46812  1.03489  
1.82588  1.16054  
1.82401  1.03892  
1.84474  0.993219  
1.81649  1.21799  
1.82588  1.16054  
2.46812  1.03489  
2.91592  1.31639  
2.88549  1.47249  
2.46913  1.557  
1.88824  1.31174  
1.49772  2.08755  
1.50647  2.08594  
2.13008  2.55709  
2.10873  2.67072  
1.58235  2.71912  
1.50647  2.08594  
1.85222  1.91465  
2.00391  2.01272  
2.05117  2.09322  
2.14022  2.53323  
2.13008  2.55709  
1.52087  2.77084  
1.53931  2.74833  
1.58235  2.71912  
2.10873  2.67072  
2.17608  2.77666  
2.27489  3.20819  
2.24854  3.34  
2.20886  3.40637  
2.20421  3.40873  
1.53427  3.02772  
1.4721  3.57422  
1.89009  3.50331  
2.05063  3.52998  
1.89986  3.88136  
1.88265  3.90099  
1.38412  3.95506  
1.2649  3.81869  
1.88265  3.90099  
1.89986  3.88136  
2.65028  4.35037  
1.89156  4.23287  
1.89156  4.23287  
2.65028  4.35037  
2.65042  4.35042  
2.65752  4.36715  
2.4849  4.5851  
2.20042  4.5797  
1.77178  4.49583  
1.67444  4.78324  
2.04306  4.77492  
2.32564  5.16964  
2.27196  5.2242  
1.9551  5.3163  
1.6747  5.45106  
1.89844  5.39075  
1.99236  5.75952  
1.69317  6.10712  
1.38665  5.86808  
1.69317  6.10712  
1.99236  5.75952  
2.37247  6.10511  
2.3503  6.30097  
2.29239  6.34412  
1.78907  6.50228  
1.60608  6.73564  
1.64053  6.68867  
1.78907  6.50228  
2.29239  6.34412  
2.34647  7.03345  
2.29056  7.08306  
1.90258  7.14689  
1.72505  7.02419  
1.90258  7.14689  
2.29056  7.08306  
2.43644  7.32403  
2.52025  7.55814  
2.46998  7.63518  
1.96829  7.47862  
1.96829  7.47862  
2.46998  7.63518  
2.46916  7.84133  
2.42672  7.89445  
1.86695  7.79128  
1.20893  8.19804  
1.22318  8.0554  
1.58631  7.95916  
1.69121  7.95168  
1.83655  8.55857  
1.71874  8.68808  
1.49317  8.80134  
1.48678  8.83242  
1.49317  8.80134  
1.71874  8.68808  
2.27936  8.86191  
2.30847  9.01624  
1.85709  9.13192  
1.83655  8.55857  
2.19486  8.37057  
2.3444  8.53351  
2.27936  8.86191  
1.71874  8.68808  
2.58434  9.28263  
2.68053  9.30526  
2.72802  9.38029  
2.77871  9.52102  
2.50468  9.93807  
2.13022  9.80704  
2.10417  9.58032  
2.13022  9.80704  
2.50468  9.93807  
2.50468  10  
2.01466  10  
2.03784  0  
2.4215  0  
2.4215  0.299784  
2.03784  0.310861  
2.46513  0.336427  
2.98475  0.0774508  
3.00773  0.507777  
2.78125  0.681813  
2.53689  0.533183  
2.38324  0.724449  
2.53689  0.533183  
2.78125  0.681813  
2.97907  1.18719  
2.91592  1.31639  
2.46812  1.03489  
1.88824  1.31174  
2.46913  1.557  
2.40421  1.706  
2.00391  2.01272  
1.85222  1.91465  
2.40421  1.706  
2.40391  2.01387  
2.05117  2.09322  
2.00391  2.01272  
2.05117  2.09322  
2.40391  2.01387  
2.54969  2.24807  
2.14022  2.53323  
2.54969  2.24807  
2.8601  2.22906  
2.80231  2.64653  
2.17608  2.77666  
2.10873  2.67072  
2.13008  2.55709  
2.14022  2.53323  
2.05063  3.52998  
2.20421  3.40873  
2.20886  3.40637  
2.65155  4.00338  
2.65042  4.35042  
2.65028  4.35037  
1.89986  3.88136  
2.20886  3.40637  
2.24854  3.34  
3.05999  3.4749  
3.12323  3.58882  
2.65155  4.00338  
2.04306  4.77492  
2.20042  4.5797  
2.4849  4.5851  
2.37887  5.12357  
2.32564  5.16964  
1.6572  4.57426  
1.77178  4.49583  
2.20042  4.5797  
2.04306  4.77492  
1.67444  4.78324  
1.61483  4.69851  
1.89844  5.39075  
1.9551  5.3163  
2.27196  5.2242  
2.53755  5.6692  
2.48268  5.98342  
2.37247  6.10511  
1.99236  5.75952  
2.37247  6.10511  
2.48268  5.98342  
3.22654  5.93626  
3.25146  6.14858  
3.03124  6.51634  
2.91911  6.60493  
2.3503  6.30097  
2.29239  6.34412  
2.3503  6.30097  
2.91911  6.60493  
2.88969  6.90426  
2.34647  7.03345  
2.29056  7.08306  
2.34647  7.03345  
2.88969  6.90426  
2.99955  7.11116  
2.43644  7.32403  
2.43644  7.32403  
2.99955  7.11116  
3.09384  7.25845  
3.07788  7.37368  
2.52025  7.55814  
1.73248  7.94063  
1.86695  7.79128  
2.42672  7.89445  
2.4065  7.9938  
2.18508  8.30061  
2.18508  8.30061  
2.4065  7.9938  
2.88394  8.45995  
2.3444  8.53351  
2.19486  8.37057  
2.3444  8.53351  
2.88394  8.45995  
2.88589  8.46017  
2.91856  8.67008  
2.81359  9.10268  
2.68053  9.30526  
2.58434  9.28263  
2.30847  9.01624  
2.27936  8.86191  
1.85709  9.13192  
2.30847  9.01624  
2.58434  9.28263  
2.10417  9.58032  
1.85924  9.49406  
2.77871  9.52102  
2.81087  9.54799  
2.81087  10  
2.50468  10  
2.50468  9.93807  
2.4215  0  
3.02431  0  
3.02087  0.0313506  
2.98475  0.0774508  
2.46513  0.336427  
2.4215  0.299784  
2.98475  0.0774508  
3.02087  0.0313506  
3.65036  0.54036  
3.00773  0.507777  
2.91592  1.31639  
2.97907  1.18719  
3.69467  0.8119  
3.85783  1.41305  
3.85026  1.42231  
3.33512  1.63674  
2.97133  1.60495  
2.88549  1.47249  
2.97133  1.60495  
3.33512  1.63674  
3.60946  1.91708  
3.48079  2.40097  
2.99227  2.12436  
2.40421  1.706  
2.46913  1.557  
2.88549  1.47249  
2.97133  1.60495  
2.99227  2.12436  
2.8601  2.22906  
2.54969  2.24807  
2.40391  2.01387  
3.54972  2.4872  
3.68219  2.57622  
3.65572  2.92734  
3.0771  3.13773  
2.91762  2.96835  
2.92271  2.84182  
2.17608  2.77666  
2.80231  2.64653  
2.92271  2.84182  
2.91762  2.96835  
2.27489  3.20819  
2.27489  3.20819  
2.91762  2.96835  
3.0771  3.13773  
3.05999  3.4749  
2.24854  3.34  
2.65155  4.00338  
3.12323  3.58882  
3.45584  3.72804  
3.48058  4.01191  
3.25847  4.34578  
3.01477  4.47193  
2.65752  4.36715  
2.65042  4.35042  
2.4849  4.5851  
2.65752  4.36715  
3.01477  4.47193  
3.1795  5.07161  
3.04783  5.24336  
2.37887  5.12357  
3.01477  4.47193  
3.25847  4.34578  
3.57848  4.57027  
3.45447  5.07512  
3.1795  5.07161  
2.27196  5.2242  
2.32564  5.16964  
2.37887  5.12357  
3.04783  5.24336  
3.06203  5.52426  
2.53755  5.6692  
2.53755  5.6692  
3.06203  5.52426  
3.24594  5.86853  
3.22654  5.93626  
2.48268  5.98342  
3.25146  6.14858  
3.5122  6.26795  
3.59029  6.36707  
3.66846  6.6394  
3.63175  6.80922  
3.03124  6.51634  
2.88969  6.90426  
2.91911  6.60493  
3.03124  6.51634  
3.63175  6.80922  
3.67066  6.92465  
3.2548  7.19885  
3.09384  7.25845  
2.99955  7.11116  
2.46998  7.63518  
2.52025  7.55814  
3.07788  7.37368  
3.24234  7.82901  
3.15149  8.01274  
2.46916  7.84133  
2.4065  7.9938  
2.42672  7.89445  
2.46916  7.84133  
3.15149  8.01274  
3.13929  8.18874  
2.88589  8.46017  
2.88394  8.45995  
2.91856  8.67008  
3.2906  8.81661  
3.3754  8.95818  
3.29574  9.04123  
2.81359  9.10268  
2.88589  8.46017  
3.13929  8.18874  
3.51982  8.45358  
3.2906  8.81661  
2.91856  8.67008  
2.81087  9.54799  
2.77871  9.52102  
2.72802  9.38029  
3.33492  9.2841  
3.62295  9.48338  
3.57508  9.72319  
3.40135  9.92642  
2.81087  9.54799  
3.40135  9.92642  
3.40135  10  
2.81087  10  
3.38109  0  
3.93939  0  
3.93939  0.251997  
3.79322  0.513307  
3.75735  0.553692  
3.02087  0.0313506  
3.02431  0  
3.38109  0  
3.75735  0.553692  
3.7413  0.576026  
3.65036  0.54036  
2.78125  0.681813  
3.00773  0.507777  
3.65036  0.54036  
3.7413  0.576026  
3.72719  0.742898  
3.69467  0.8119  
2.97907  1.18719  
3.33512  1.63674  
3.85026  1.42231  
3.79387  1.82761  
3.60946  1.91708  
3.60946  1.91708  
3.79387  1.82761  
3.89045  1.9154  
3.9907  2.45717  
3.68219  2.57622  
3.54972  2.4872  
3.48079  2.40097  
2.8601  2.22906  
2.99227  2.12436  
3.48079  2.40097  
3.54972  2.4872  
2.92271  2.84182  
2.80231  2.64653  
3.0771  3.13773  
3.65572  2.92734  
3.68746  2.99987  
3.66197  3.18107  
3.51219  3.67879  
3.45584  3.72804  
3.12323  3.58882  
3.05999  3.4749  
3.66197  3.18107  
4.0276  3.4935  
4.00196  3.65908  
3.51219  3.67879  
3.77126  4.1367  
4.3016  4.03695  
4.40179  4.216  
4.05242  4.50809  
3.86752  4.50103  
3.57848  4.57027  
3.75913  4.59904  
3.85048  4.99262  
3.49136  5.08572  
3.45447  5.07512  
3.75913  4.59904  
3.86752  4.50103  
4.05242  4.50809  
4.2212  5.11691  
3.85048  4.99262  
3.04783  5.24336  
3.1795  5.07161  
3.45447  5.07512  
3.49136  5.08572  
3.63953  5.46644  
3.54101  5.74402  
3.24594  5.86853  
3.06203  5.52426  
4.01926  5.36735  
4.25592  5.23689  
4.33652  5.50103  
4.3141  5.69966  
3.92191  5.89438  
3.75849  5.80033  
3.59029  6.36707  
4.13849  6.39084  
4.15148  6.40166  
3.66846  6.6394  
3.2548  7.19885  
3.67066  6.92465  
4.10189  7.1091  
4.13937  7.20722  
3.96933  7.49637  
3.9374  7.51069  
3.55388  7.79336  
3.9374  7.51069  
3.96933  7.49637  
4.27223  8.11031  
3.88566  8.15901  
3.88566  8.15901  
4.27223  8.11031  
4.3201  8.13536  
4.56738  8.36064  
4.54272  8.44528  
3.8814  8.74106  
3.77491  8.69059  
3.63862  8.49203  
3.51982  8.45358  
3.63862  8.49203  
3.77491  8.69059  
3.47776  8.96113  
3.3754  8.95818  
3.2906  8.81661  
3.29574  9.04123  
3.3754  8.95818  
3.47776  8.96113  
3.70026  9.37403  
3.62295  9.48338  
3.33492  9.2841  
2.81359  9.10268  
3.29574  9.04123  
3.33492  9.2841  
2.72802  9.38029  
2.68053  9.30526  
3.57508  9.72319  
3.93975  9.77726  
3.93975  10  
3.40135  10  
3.40135  9.92642  
3.93939  0  
4.60132  0  
4.60132  0.136747  
4.30807  0.261766  
3.93939  0.251997  
3.93939  0.251997  
4.30807  0.261766  
4.71602  0.675518  
4.5466  0.699357  
3.79322  0.513307  
3.7413  0.576026  
3.75735  0.553692  
3.79322  0.513307  
4.5466  0.699357  
4.25828  0.982231  
3.72719  0.742898  
4.10451  1.48779  
4.47452  1.21262  
4.79118  1.23178  
4.66896  1.58405  
4.39782  1.88173  
4.28229  1.78508  
3.85026  1.42231  
3.85783  1.41305  
4.10451  1.48779  
4.28229  1.78508  
3.89045  1.9154  
3.79387  1.82761  
3.68219  2.57622  
3.9907  2.45717  
4.05368  2.45242  
4.62821  3.06184  
4.50953  3.1575  
4.44805  3.16582  
3.8915  3.08545  
3.68746  2.99987  
3.65572  2.92734  
3.66197  3.18107  
3.68746  2.99987  
3.8915  3.08545  
4.05542  3.43758  
4.0276  3.4935  
4.0276  3.4935  
4.05542  3.43758  
4.44805  3.16582  
4.50953  3.1575  
4.35151  3.81138  
4.30245  3.8714  
4.00196  3.65908  
3.45584  3.72804  
3.51219  3.67879  
4.00196  3.65908  
4.30245  3.8714  
4.3016  4.03695  
3.77126  4.1367  
3.48058  4.01191  
3.25847  4.34578  
3.48058  4.01191  
3.77126  4.1367  
3.86752  4.50103  
3.75913  4.59904  
3.57848  4.57027  
3.49136  5.08572  
3.85048  4.99262  
4.2212  5.11691  
4.26417  5.14695  
4.25592  5.23689  
4.01926  5.36735  
3.63953  5.46644  
3.63953  5.46644  
4.01926  5.36735  
3.75849  5.80033  
3.54101  5.74402  
3.5122  6.26795  
3.92371  6.0959  
4.13849  6.39084  
3.59029  6.36707  
3.22654  5.93626  
3.24594  5.86853  
3.54101  5.74402  
3.75849  5.80033  
3.92191  5.89438  
3.92371  6.0959  
3.5122  6.26795  
3.25146  6.14858  
3.66846  6.6394  
4.15148  6.40166  
4.34209  6.48316  
4.10189  7.1091  
3.67066  6.92465  
3.63175  6.80922  
3.07788  7.37368  
3.09384  7.25845  
3.2548  7.19885  
3.9374  7.51069  
3.55388  7.79336  
3.24234  7.82901  
3.96933  7.49637  
4.13937  7.20722  
4.33088  7.26484  
4.53815  7.40493  
4.3201  8.13536  
4.27223  8.11031  
3.15149  8.01274  
3.24234  7.82901  
3.55388  7.79336  
3.88566  8.15901  
3.63862  8.49203  
3.51982  8.45358  
3.13929  8.18874  
3.47776  8.96113  
3.77491  8.69059  
3.8814  8.74106  
3.9545  9.06872  
3.82652  9.29722  
3.70026  9.37403  
3.62295  9.48338  
3.70026  9.37403  
3.82652  9.29722  
4.40124  9.59752  
4.15464  9.8031  
3.93975  9.77726  
3.57508  9.72319  
3.93975  9.77726  
4.15464  9.8031  
4.15464  10  
3.93975  10  
4.60132  0  
4.82527  0  
4.82527  0.264522  
4.82453  0.265573  
4.60132  0.136747  
4.30807  0.261766  
4.60132  0.136747  
4.82453  0.265573  
4.89802  0.521769  
4.82513  0.699025  
4.71602  0.675518  
4.5466  0.699357  
4.71602  0.675518  
4.82513  0.699025  
4.93166  1.01321  
4.94021  1.14696  
4.79118  1.23178  
4.47452  1.21262  
4.25828  0.982231  
3.69467  0.8119  
3.72719  0.742898  
4.25828  0.982231  
4.47452  1.21262  
4.10451  1.48779  
3.85783  1.41305  
3.89045  1.9154  
4.28229  1.78508  
4.39782  1.88173  
4.44604  2.12253  
4.05368  2.45242  
3.9907  2.45717  
4.05368  2.45242  
4.44604  2.12253  
4.83199  2.24473  
4.85867  2.35753  
4.8755  3.03418  
4.62821  3.06184  
3.8915  3.08545  
4.44805  3.16582  
4.05542  3.43758  
4.50953  3.1575  
4.62821  3.06184  
4.8755  3.03418  
4.87957  3.03629  
4.91581  3.07728  
4.82441  3.71551  
4.35151  3.81138  
4.30245  3.8714  
4.35151  3.81138  
4.82441  3.71551  
4.9051  3.81585  
4.93625  4.12383  
4.76074  4.30036  
4.59879  4.34778  
4.40179  4.216  
4.3016  4.03695  
4.05242  4.50809  
4.40179  4.216  
4.59879  4.34778  
4.57301  4.77102  
4.29895  5.12392  
4.26417  5.14695  
4.2212  5.11691  
4.57301  4.77102  
4.90316  4.87611  
4.94273  5.26321  
4.29895  5.12392  
4.3141  5.69966  
4.33652  5.50103  
5.10491  5.59738  
5.03065  5.83668  
4.93016  5.92795  
4.39032  5.82675  
4.39032  5.82675  
4.93016  5.92795  
4.80966  6.35029  
4.46492  6.46683  
4.38682  6.46129  
3.92371  6.0959  
3.92191  5.89438  
4.3141  5.69966  
4.39032  5.82675  
4.38682  6.46129  
4.34209  6.48316  
4.15148  6.40166  
4.13849  6.39084  
4.34209  6.48316  
4.38682  6.46129  
4.46492  6.46683  
4.78352  6.90248  
4.33088  7.26484  
4.13937  7.20722  
4.10189  7.1091  
4.84589  6.92156  
5.10944  6.89579  
5.05516  7.19796  
4.78513  7.2988  
4.53815  7.40493  
4.65116  7.43629  
4.99099  7.79081  
4.6935  8.29429  
4.56738  8.36064  
4.3201  8.13536  
3.8814  8.74106  
4.54272  8.44528  
4.61467  8.77221  
4.15801  9.09537  
3.9545  9.06872  
3.82652  9.29722  
3.9545  9.06872  
4.15801  9.09537  
4.42499  9.43614  
4.4264  9.58972  
4.40124  9.59752  
4.61467  8.77221  
4.67178  8.87072  
4.42499  9.43614  
4.15801  9.09537  
4.40124  9.59752  
4.4264  9.58972  
4.51464  9.63166  
4.51464  10  
4.15464  10  
4.15464  9.8031  
4.82527  0  
5.08245  0  
4.82527  0.264522  
4.89802  0.521769  
5.46944  0.316166  
5.64254  0.442448  
5.62233  0.518886  
4.93166  1.01321  
4.82513  0.699025  
5.62233  0.518886  
5.64166  0.822426  
5.09825  1.2374  
4.94021  1.14696  
4.93166  1.01321  
4.79118  1.23178  
4.94021  1.14696  
5.09825  1.2374  
5.35297  1.50286  
5.13197  2.00243  
5.08392  2.02558  
4.66896  1.58405  
4.39782  1.88173  
4.66896  1.58405  
5.08392  2.02558  
4.83199  2.24473  
4.44604  2.12253  
4.85867  2.35753  
5.54125  2.53843  
4.87957  3.03629  
4.8755  3.03418  
5.54125  2.53843  
5.66773  2.48244  
5.72435  2.48692  
5.70611  2.78562  
5.06053  3.15698  
4.91581  3.07728  
4.87957  3.03629  
4.9051  3.81585  
5.3477  3.64806  
5.48493  4.06626  
5.45495  4.07555  
4.93625  4.12383  
4.91581  3.07728  
5.06053  3.15698  
5.3645  3.36737  
5.3477  3.64806  
4.9051  3.81585  
4.82441  3.71551  
5.45495  4.07555  
5.48493  4.06626  
5.73978  4.18887  
5.80533  4.24281  
5.81618  4.52638  
5.6172  4.93701  
5.24917  4.77931  
5.11466  4.55578  
4.59879  4.34778  
4.76074  4.30036  
5.11466  4.55578  
5.24917  4.77931  
4.90316  4.87611  
4.57301  4.77102  
4.25592  5.23689  
4.26417  5.14695  
4.29895  5.12392  
4.94273  5.26321  
5.1964  5.48838  
5.10491  5.59738  
4.33652  5.50103  
4.93016  5.92795  
5.03065  5.83668  
5.47216  6.27338  
5.05922  6.47917  
4.80966  6.35029  
4.46492  6.46683  
4.80966  6.35029  
5.05922  6.47917  
5.13765  6.87458  
5.10944  6.89579  
4.84589  6.92156  
4.78352  6.90248  
4.78352  6.90248  
4.84589  6.92156  
4.78513  7.2988  
4.65116  7.43629  
4.53815  7.40493  
4.33088  7.26484  
4.65116  7.43629  
4.78513  7.2988  
5.05516  7.19796  
5.29414  7.58257  
5.17529  7.73274  
4.99099  7.79081  
4.99099  7.79081  
5.17529  7.73274  
5.42733  8.01486  
5.49583  8.41739  
5.27721  8.48177  
4.6935  8.29429  
4.54272  8.44528  
4.56738  8.36064  
4.6935  8.29429  
5.27721  8.48177  
5.16355  9.17467  
4.67178  8.87072  
4.61467  8.77221  
5.27721  8.48177  
5.49583  8.41739  
5.65278  8.4736  
5.44814  9.29643  
5.43673  9.30855  
5.22493  9.26054  
5.16355  9.17467  
4.67178  8.87072  
5.16355  9.17467  
5.22493  9.26054  
4.82356  9.64842  
4.51464  9.63166  
4.4264  9.58972  
4.42499  9.43614  
4.51464  9.63166  
4.82356  9.64842  
4.97256  10  
4.51464  10  
5.74456  0  
6.0497  0  
5.98485  0.195987  
5.74456  0.414731  
5.08245  0  
5.35906  0  
5.46944  0.316166  
4.89802  0.521769  
4.82453  0.265573  
4.82527  0.264522  
5.62233  0.518886  
5.64254  0.442448  
5.74041  0.419306  
6.18212  0.714586  
5.88122  1.14647  
5.64166  0.822426  
5.35297  1.50286  
5.65928  1.51541  
5.8353  2.00695  
5.15284  2.01647  
5.13197  2.00243  
5.15284  2.01647  
5.8353  2.00695  
5.84846  2.03051  
5.85688  2.11407  
5.72699  2.48559  
5.72435  2.48692  
5.66773  2.48244  
5.08392  2.02558  
5.13197  2.00243  
5.15284  2.01647  
5.66773  2.48244  
5.54125  2.53843  
4.85867  2.35753  
4.83199  2.24473  
5.70611  2.78562  
5.71173  2.82938  
5.59504  3.31735  
5.3645  3.36737  
5.06053  3.15698  
5.80567  3.44932  
6.27737  3.66165  
6.03475  4.10434  
5.80533  4.24281  
5.73978  4.18887  
5.3645  3.36737  
5.59504  3.31735  
5.72755  3.35336  
5.80567  3.44932  
5.73978  4.18887  
5.48493  4.06626  
5.3477  3.64806  
4.93625  4.12383  
5.45495  4.07555  
5.11466  4.55578  
4.76074  4.30036  
4.90316  4.87611  
5.24917  4.77931  
5.6172  4.93701  
5.63229  5.04852  
5.28644  5.45369  
5.1964  5.48838  
4.94273  5.26321  
5.03065  5.83668  
5.10491  5.59738  
5.1964  5.48838  
5.28644  5.45369  
5.87328  6.16555  
5.87027  6.19069  
5.83809  6.25635  
5.63186  6.28394  
5.47216  6.27338  
5.28644  5.45369  
5.63229  5.04852  
6.10152  5.34431  
6.06654  5.57034  
5.97995  5.99049  
5.87328  6.16555  
5.05922  6.47917  
5.47216  6.27338  
5.63186  6.28394  
5.25843  6.8968  
5.13765  6.87458  
5.63186  6.28394  
5.83809  6.25635  
5.86446  6.34082  
5.89295  7.22437  
5.25843  6.8968  
5.10944  6.89579  
5.13765  6.87458  
5.25843  6.8968  
5.89295  7.22437  
5.89854  7.23553  
5.29414  7.58257  
5.05516  7.19796  
5.97732  7.50102  
6.04224  7.61222  
5.99133  8.12589  
5.8333  8.13293  
5.77988  7.92363  
5.8333  8.13293  
5.99133  8.12589  
6.25458  8.20225  
6.24733  8.5296  
6.00637  8.61282  
5.66704  8.47242  
5.43673  9.30855  
5.44814  9.29643  
5.94702  9.02039  
6.36528  9.28646  
6.36704  9.3266  
6.24109  9.51658  
5.64993  9.62755  
5.61291  9.59648  
5.22493  9.26054  
5.43673  9.30855  
5.61291  9.59648  
5.1607  10  
4.97256  10  
4.82356  9.64842  
5.61291  9.59648  
5.64993  9.62755  
5.74945  10  
5.1607  10  
5.35906  0  
5.74456  0  
5.74456  0.414731  
5.74041  0.419306  
5.64254  0.442448  
5.46944  0.316166  
6.0497  0  
6.54741  0  
6.66851  0.467239  
5.98485  0.195987  
5.09825  1.2374  
5.64166  0.822426  
5.88122  1.14647  
5.89606  1.34978  
5.65928  1.51541  
5.35297  1.50286  
6.03358  1.37575  
6.26126  1.37772  
6.41509  1.561  
6.4069  1.87534  
6.14241  1.86698  
6.14241  1.86698  
6.4069  1.87534  
6.41277  1.88618  
6.3938  2.16199  
5.85688  2.11407  
5.84846  2.03051  
5.72435  2.48692  
5.72699  2.48559  
6.46922  2.73533  
6.46724  2.75262  
6.24434  3.06622  
6.0708  3.11134  
5.71173  2.82938  
5.70611  2.78562  
5.71173  2.82938  
6.0708  3.11134  
5.72755  3.35336  
5.59504  3.31735  
5.72755  3.35336  
6.0708  3.11134  
6.24434  3.06622  
6.32247  3.63487  
6.27737  3.66165  
5.80567  3.44932  
6.27737  3.66165  
6.32247  3.63487  
6.81342  3.67387  
6.82286  3.69295  
6.83291  3.77151  
6.48055  4.22743  
6.03475  4.10434  
6.55482  4.37013  
6.62461  4.45567  
6.45313  4.75787  
6.00699  4.57683  
5.81618  4.52638  
6.00699  4.57683  
6.45313  4.75787  
6.4857  4.84986  
6.35063  5.29602  
6.10152  5.34431  
5.63229  5.04852  
5.6172  4.93701  
6.10152  5.34431  
6.35063  5.29602  
6.54586  5.38976  
6.69791  5.5597  
6.52835  5.8495  
6.06654  5.57034  
6.06654  5.57034  
6.52835  5.8495  
6.5159  5.87566  
5.97995  5.99049  
5.97995  5.99049  
6.5159  5.87566  
6.5741  6.026  
6.42221  6.2272  
6.40357  6.23276  
5.87027  6.19069  
5.87328  6.16555  
5.86446  6.34082  
6.41067  6.58156  
6.54192  7.13053  
6.201  7.22801  
5.94976  7.26517  
5.89854  7.23553  
5.89295  7.22437  
5.29414  7.58257  
5.89854  7.23553  
5.94976  7.26517  
5.97732  7.50102  
5.77988  7.92363  
5.42733  8.01486  
5.17529  7.73274  
6.04224  7.61222  
6.3393  8.02653  
6.25458  8.20225  
5.99133  8.12589  
5.42733  8.01486  
5.77988  7.92363  
5.8333  8.13293  
5.66704  8.47242  
5.65278  8.4736  
5.49583  8.41739  
5.65278  8.4736  
5.66704  8.47242  
6.00637  8.61282  
5.94702  9.02039  
5.44814  9.29643  
5.64993  9.62755  
6.24109  9.51658  
6.31395  9.77408  
6.19711  10  
5.74945  10  
6.42351  9.81706  
6.50942  9.84962  
6.50942  10  
6.42351  10  
6.54741  0  
6.99042  0  
6.99042  0.262301  
6.74207  0.593771  
6.66851  0.467239  
5.74041  0.419306  
5.74456  0.414731  
5.98485  0.195987  
6.66851  0.467239  
6.74207  0.593771  
6.74416  0.614411  
6.74141  0.686477  
6.18212  0.714586  
6.18212  0.714586  
6.74141  0.686477  
6.76834  0.742054  
6.26126  1.37772  
6.03358  1.37575  
5.89606  1.34978  
5.88122  1.14647  
5.65928  1.51541  
5.89606  1.34978  
6.03358  1.37575  
6.14241  1.86698  
5.84846  2.03051  
5.8353  2.00695  
6.41277  1.88618  
6.91904  1.89422  
7.0065  1.98938  
7.01131  2.05531  
6.69615  2.55178  
6.61523  2.57736  
6.3938  2.16199  
5.85688  2.11407  
6.3938  2.16199  
6.61523  2.57736  
6.46922  2.73533  
5.72699  2.48559  
6.46724  2.75262  
6.46922  2.73533  
6.61523  2.57736  
6.69615  2.55178  
7.13822  2.73013  
7.21221  2.94581  
7.09496  3.31124  
6.89649  3.43645  
6.24434  3.06622  
6.46724  2.75262  
6.89649  3.43645  
6.81342  3.67387  
6.32247  3.63487  
5.80533  4.24281  
6.03475  4.10434  
6.48055  4.22743  
6.55482  4.37013  
6.00699  4.57683  
5.81618  4.52638  
7.11951  4.53407  
6.97125  5.00364  
6.94203  5.01076  
6.60152  4.85894  
6.94203  5.01076  
6.97125  5.00364  
7.28884  5.33286  
6.92809  5.62596  
6.69791  5.5597  
6.54586  5.38976  
6.4857  4.84986  
6.60152  4.85894  
6.94203  5.01076  
6.54586  5.38976  
6.35063  5.29602  
5.86446  6.34082  
5.83809  6.25635  
5.87027  6.19069  
6.40357  6.23276  
6.47548  6.51189  
6.41067  6.58156  
6.40357  6.23276  
6.42221  6.2272  
6.82172  6.4049  
6.47548  6.51189  
6.41067  6.58156  
6.47548  6.51189  
6.82172  6.4049  
6.86962  6.40722  
6.94256  6.47649  
6.63235  7.13262  
6.54192  7.13053  
5.97732  7.50102  
5.94976  7.26517  
6.201  7.22801  
6.64946  7.96341  
6.3393  8.02653  
6.04224  7.61222  
6.201  7.22801  
6.54192  7.13053  
6.63235  7.13262  
6.80889  7.24498  
6.94397  7.54898  
6.90665  7.97248  
6.64946  7.96341  
6.00637  8.61282  
6.24733  8.5296  
6.29744  8.55379  
6.58111  8.93908  
6.36528  9.28646  
5.94702  9.02039  
6.58111  8.93908  
7.08744  8.87728  
7.12715  8.91543  
7.13049  8.94108  
7.05151  9.16813  
6.69822  9.49633  
6.36704  9.3266  
6.36528  9.28646  
6.24109  9.51658  
6.36704  9.3266  
6.69822  9.49633  
6.87571  9.79571  
6.50942  9.84962  
6.42351  9.81706  
6.31395  9.77408  
6.31395  9.77408  
6.42351  9.81706  
6.42351  10  
6.19711  10  
7.13127  0  
7.59215  0  
7.13127  0.183983  
7.13127  0.183983  
7.59215  0  
7.60612  0  
7.61963  0.0349336  
7.61819  0.250988  
6.74416  0.614411  
6.74207  0.593771  
6.99042  0.262301  
6.76834  0.742054  
6.90604  0.850069  
7.04483  1.15366  
6.81819  1.55491  
6.41509  1.561  
6.26126  1.37772  
6.81819  1.55491  
7.04483  1.15366  
7.34297  1.33928  
7.36515  1.68096  
7.0065  1.98938  
6.91904  1.89422  
6.41509  1.561  
6.81819  1.55491  
6.91904  1.89422  
6.41277  1.88618  
6.4069  1.87534  
7.13822  2.73013  
7.48207  2.52193  
7.87367  2.98054  
7.87731  3.028  
7.84118  3.08182  
7.78821  3.0855  
7.21221  2.94581  
7.21221  2.94581  
7.78821  3.0855  
7.2862  3.35472  
7.09496  3.31124  
6.83291  3.77151  
6.82286  3.69295  
7.50403  3.75294  
7.53431  3.81416  
7.46045  4.28807  
7.17832  4.38057  
6.48055  4.22743  
6.83291  3.77151  
7.17832  4.38057  
7.14113  4.4402  
6.62461  4.45567  
6.55482  4.37013  
6.62461  4.45567  
7.14113  4.4402  
7.13965  4.49409  
7.11951  4.53407  
6.60152  4.85894  
6.4857  4.84986  
6.45313  4.75787  
7.11951  4.53407  
7.13965  4.49409  
7.46922  4.96136  
7.4143  5.2019  
7.35025  5.3272  
7.28884  5.33286  
6.97125  5.00364  
7.49624  5.45301  
7.56276  5.49994  
7.7352  5.76695  
7.54773  5.99663  
7.29813  6.0209  
7.20056  5.9359  
6.69791  5.5597  
6.92809  5.62596  
6.99039  5.80016  
6.81871  6.133  
6.5741  6.026  
6.5159  5.87566  
6.52835  5.8495  
6.42221  6.2272  
6.5741  6.026  
6.81871  6.133  
6.86962  6.40722  
6.82172  6.4049  
6.94256  6.47649  
7.08118  6.46988  
7.23158  7.06643  
6.80889  7.24498  
6.63235  7.13262  
6.94397  7.54898  
7.56213  7.52155  
7.5058  7.74874  
7.14861  8.1774  
7.05691  8.19482  
6.90665  7.97248  
6.25458  8.20225  
6.3393  8.02653  
6.64946  7.96341  
6.90665  7.97248  
7.05691  8.19482  
7.04938  8.21991  
6.29744  8.55379  
6.24733  8.5296  
6.29744  8.55379  
7.04938  8.21991  
7.08744  8.87728  
6.58111  8.93908  
7.04938  8.21991  
7.05691  8.19482  
7.14861  8.1774  
7.72025  8.27119  
7.63331  8.78358  
7.56764  8.83783  
7.12715  8.91543  
7.08744  8.87728  
6.69822  9.49633  
7.05151  9.16813  
7.10578  9.74702  
6.96434  9.85074  
6.87571  9.79571  
6.50942  9.84962  
6.87571  9.79571  
6.96434  9.85074  
6.96434  10  
6.50942  10  
6.99042  0  
7.13127  0  
7.13127  0.183983  
6.99042  0.262301  
6.74416  0.614411  
7.61819  0.250988  
7.71397  0.638606  
6.90604  0.850069  
6.76834  0.742054  
6.74141  0.686477  
6.90604  0.850069  
7.71397  0.638606  
7.89056  0.765706  
7.63323  1.2598  
7.34297  1.33928  
7.04483  1.15366  
7.0065  1.98938  
7.36515  1.68096  
7.74769  1.9326  
7.80025  2.11725  
7.54568  2.29678  
7.01131  2.05531  
7.34297  1.33928  
7.63323  1.2598  
7.91881  1.51048  
7.90651  1.57573  
7.74769  1.9326  
7.36515  1.68096  
7.01131  2.05531  
7.54568  2.29678  
7.48207  2.52193  
7.13822  2.73013  
6.69615  2.55178  
7.78821  3.0855  
7.84118  3.08182  
7.85457  3.30675  
7.52704  3.60941  
7.2862  3.35472  
6.89649  3.43645  
7.09496  3.31124  
7.2862  3.35472  
7.52704  3.60941  
7.50403  3.75294  
6.82286  3.69295  
6.81342  3.67387  
7.57763  4.32314  
8.05952  4.10207  
8.16663  4.48906  
8.1159  4.85171  
7.89263  4.75887  
7.13965  4.49409  
7.14113  4.4402  
7.17832  4.38057  
7.46045  4.28807  
7.57763  4.32314  
7.89263  4.75887  
7.46922  4.96136  
7.56276  5.49994  
8.16557  5.03923  
8.31519  5.7175  
8.24301  5.81282  
7.7352  5.76695  
7.28884  5.33286  
7.35025  5.3272  
7.49624  5.45301  
7.20056  5.9359  
6.99039  5.80016  
6.92809  5.62596  
7.29813  6.0209  
7.54773  5.99663  
7.6918  6.49129  
7.57357  6.59692  
7.09182  6.46662  
6.81871  6.133  
6.99039  5.80016  
7.20056  5.9359  
7.29813  6.0209  
7.09182  6.46662  
7.08118  6.46988  
6.94256  6.47649  
6.86962  6.40722  
7.08118  6.46988  
7.09182  6.46662  
7.57357  6.59692  
7.56094  7.04482  
7.23158  7.06643  
6.80889  7.24498  
7.23158  7.06643  
7.56094  7.04482  
7.64272  7.13624  
7.63583  7.46167  
7.56213  7.52155  
6.94397  7.54898  
7.56213  7.52155  
7.63583  7.46167  
7.89787  7.62577  
7.89244  8.1849  
7.5058  7.74874  
7.72025  8.27119  
7.89317  8.1885  
7.98139  8.21415  
8.25335  8.67566  
8.0653  8.81865  
7.63331  8.78358  
7.05151  9.16813  
7.13049  8.94108  
7.61625  9.58356  
7.63737  9.64043  
7.10578  9.74702  
7.13049  8.94108  
7.12715  8.91543  
7.56764  8.83783  
7.71097  9.08325  
7.61625  9.58356  
7.10578  9.74702  
7.63737  9.64043  
7.73369  9.69826  
7.73369  10  
6.96434  10  
6.96434  9.85074  
8.06082  0  
8.36673  0  
8.32528  0.262132  
8.06082  0.169202  
7.61819  0.250988  
7.61963  0.0349336  
8.06082  0.169202  
8.32528  0.262132  
8.42125  0.572406  
8.32733  0.768927  
7.89056  0.765706  
7.71397  0.638606  
8.4009  0.967838  
8.6062  1.45344  
8.36434  1.64077  
7.98956  1.47962  
7.89056  0.765706  
8.32733  0.768927  
8.32928  0.772973  
8.40061  0.958608  
8.4009  0.967838  
7.98956  1.47962  
7.91881  1.51048  
7.63323  1.2598  
7.90651  1.57573  
7.91881  1.51048  
7.98956  1.47962  
8.36434  1.64077  
8.29018  1.85465  
8.00915  2.19317  
8.27215  2.15573  
8.52776  2.26063  
8.56143  2.35617  
8.57058  2.57215  
7.98642  2.7451  
7.54568  2.29678  
7.80025  2.11725  
8.00915  2.19317  
7.98642  2.7451  
7.87367  2.98054  
7.48207  2.52193  
7.52704  3.60941  
7.85457  3.30675  
8.19826  3.79953  
7.53431  3.81416  
7.50403  3.75294  
7.53431  3.81416  
8.19826  3.79953  
8.24006  3.82879  
8.05952  4.10207  
7.57763  4.32314  
7.46045  4.28807  
8.05952  4.10207  
8.24006  3.82879  
8.31824  3.82182  
8.51434  4.26056  
8.49522  4.30917  
8.16663  4.48906  
7.89263  4.75887  
8.1159  4.85171  
8.18837  4.93544  
8.16595  5.03258  
7.4143  5.2019  
7.46922  4.96136  
7.4143  5.2019  
8.16595  5.03258  
8.16557  5.03923  
7.56276  5.49994  
7.49624  5.45301  
7.35025  5.3272  
7.54773  5.99663  
7.7352  5.76695  
8.24301  5.81282  
8.30612  6.3902  
8.25674  6.44091  
7.6918  6.49129  
7.57357  6.59692  
7.6918  6.49129  
8.25674  6.44091  
8.22956  6.75284  
7.95588  7.07533  
7.64272  7.13624  
7.56094  7.04482  
7.64272  7.13624  
7.95588  7.07533  
8.30694  7.42899  
8.04823  7.58866  
7.89787  7.62577  
7.63583  7.46167  
7.89787  7.62577  
8.04823  7.58866  
8.3095  8.02769  
8.29735  8.03783  
7.98139  8.21415  
7.89317  8.1885  
7.89244  8.1849  
7.5058  7.74874  
7.89244  8.1849  
7.89317  8.1885  
7.72025  8.27119  
7.14861  8.1774  
7.98139  8.21415  
8.29735  8.03783  
8.61928  8.69337  
8.5394  8.73427  
8.25335  8.67566  
7.56764  8.83783  
7.63331  8.78358  
8.0653  8.81865  
8.01745  9.13214  
7.71097  9.08325  
7.71097  9.08325  
8.01745  9.13214  
8.16084  9.52683  
7.73369  9.69826  
7.63737  9.64043  
7.61625  9.58356  
7.73369  9.69826  
8.16084  9.52683  
8.2755  9.53766  
8.31934  9.60094  
8.31934  10  
7.73369  10  
7.61963  0.0349336  
7.60612  0  
8.06082  0  
8.06082  0.169202  
8.36673  0  
8.78037  0  
8.90211  0.380924  
8.42125  0.572406  
8.32528  0.262132  
8.4009  0.967838  
8.40061  0.958608  
8.94904  1.03731  
9.12567  1.26486  
8.73095  1.52659  
8.6062  1.45344  
8.36434  1.64077  
8.6062  1.45344  
8.73095  1.52659  
8.9043  1.89644  
8.52776  2.26063  
8.27215  2.15573  
8.29018  1.85465  
7.74769  1.9326  
7.90651  1.57573  
8.29018  1.85465  
8.27215  2.15573  
8.00915  2.19317  
7.80025  2.11725  
7.98642  2.7451  
8.57058  2.57215  
8.60305  2.66828  
8.66368  2.99398  
8.55016  3.08016  
7.87731  3.028  
7.87367  2.98054  
7.85457  3.30675  
7.84118  3.08182  
7.87731  3.028  
8.55016  3.08016  
8.40857  3.76629  
8.31824  3.82182  
8.24006  3.82879  
8.19826  3.79953  
9.07737  3.10005  
9.14958  3.09965  
9.46139  3.52141  
9.14848  3.96705  
8.84594  3.85181  
8.71845  3.79254  
8.16663  4.48906  
8.49522  4.30917  
8.51856  4.65972  
8.31792  4.90336  
8.18837  4.93544  
8.1159  4.85171  
8.49522  4.30917  
8.51434  4.26056  
8.66501  4.29521  
9.07217  4.45231  
9.04524  4.4885  
8.51856  4.65972  
8.51856  4.65972  
9.04524  4.4885  
8.95813  4.84589  
8.854  5.07329  
8.31792  4.90336  
8.88717  5.13978  
9.02181  5.24019  
8.82297  5.76147  
8.36872  5.70711  
8.24301  5.81282  
8.31519  5.7175  
8.36872  5.70711  
8.82297  5.76147  
9.01079  5.882  
9.07442  5.95083  
8.85937  6.49979  
8.30612  6.3902  
8.22956  6.75284  
8.25674  6.44091  
8.30612  6.3902  
8.85937  6.49979  
8.86879  6.51057  
8.74364  7.43965  
8.71181  7.42771  
7.95588  7.07533  
8.22956  6.75284  
8.71181  7.42771  
8.30694  7.42899  
8.04823  7.58866  
8.30694  7.42899  
8.71181  7.42771  
8.74364  7.43965  
8.78697  7.48404  
8.77773  7.60745  
8.48766  7.94618  
8.3095  8.02769  
8.48766  7.94618  
8.77773  7.60745  
8.90546  7.82583  
8.97706  8.62607  
8.75972  8.64107  
8.29735  8.03783  
8.3095  8.02769  
8.48766  7.94618  
8.75972  8.64107  
8.61928  8.69337  
8.0653  8.81865  
8.25335  8.67566  
8.5394  8.73427  
8.47804  9.32367  
8.2755  9.53766  
8.16084  9.52683  
8.01745  9.13214  
8.2755  9.53766  
8.47804  9.32367  
9.07144  9.35751  
9.12918  9.43492  
9.10171  9.79908  
8.62276  9.77696  
8.31934  9.60094  
8.31934  9.60094  
8.62276  9.77696  
8.62276  10  
8.31934  10  
8.78037  0  
9.07141  0  
9.07141  0.353914  
9.01432  0.384039  
8.90211  0.380924  
8.42125  0.572406  
8.90211  0.380924  
9.01432  0.384039  
9.12369  0.787183  
9.0852  0.821929  
8.32928  0.772973  
8.32733  0.768927  
8.32928  0.772973  
9.0852  0.821929  
8.94904  1.03731  
8.40061  0.958608  
9.2998  0.873558  
9.71436  0.792253  
9.66036  1.35831  
9.54556  1.50004  
9.1718  1.26844  
8.9043  1.89644  
9.28184  1.94566  
9.26127  2.4183  
9.23121  2.4587  
8.56143  2.35617  
8.52776  2.26063  
8.56143  2.35617  
9.23121  2.4587  
9.21496  2.53774  
8.60305  2.66828  
8.57058  2.57215  
8.60305  2.66828  
9.21496  2.53774  
9.21127  3.00194  
9.14958  3.09965  
9.07737  3.10005  
8.66368  2.99398  
8.55016  3.08016  
8.66368  2.99398  
9.07737  3.10005  
8.71845  3.79254  
8.40857  3.76629  
8.31824  3.82182  
8.40857  3.76629  
8.71845  3.79254  
8.84594  3.85181  
8.66501  4.29521  
8.51434  4.26056  
8.84594  3.85181  
9.14848  3.96705  
9.22412  4.35666  
9.07217  4.45231  
8.66501  4.29521  
8.16557  5.03923  
8.16595  5.03258  
8.18837  4.93544  
8.31792  4.90336  
8.854  5.07329  
8.88717  5.13978  
8.36872  5.70711  
8.31519  5.7175  
9.2279  5.28483  
9.55186  5.27178  
9.5722  5.89833  
9.07442  5.95083  
9.01079  5.882  
9.02181  5.24019  
9.2279  5.28483  
9.01079  5.882  
8.82297  5.76147  
8.86879  6.51057  
9.13812  6.58853  
9.25744  7.33588  
9.19945  7.3793  
8.78697  7.48404  
8.74364  7.43965  
9.13812  6.58853  
9.52402  6.55928  
9.6239  6.67718  
9.69341  6.84761  
9.51913  7.23802  
9.25744  7.33588  
8.98601  7.8651  
9.52839  7.85748  
9.65776  8.00232  
9.68176  8.08779  
9.59979  8.20516  
9.572  8.22359  
8.77773  7.60745  
8.78697  7.48404  
9.19945  7.3793  
9.52839  7.85748  
8.98601  7.8651  
8.90546  7.82583  
8.90546  7.82583  
8.98601  7.8651  
9.572  8.22359  
9.29157  8.5883  
9.00708  8.63719  
8.97706  8.62607  
9.00708  8.63719  
9.29157  8.5883  
9.56536  8.8621  
9.07144  9.35743  
8.5394  8.73427  
8.61928  8.69337  
8.75972  8.64107  
8.97706  8.62607  
9.00708  8.63719  
9.07144  9.35743  
9.07144  9.35751  
8.47804  9.32367  
8.62276  9.77696  
9.10171  9.79908  
9.18646  9.96331  
9.18646  10  
8.62276  10  
9.07141  0  
9.60175  0  
9.60175  0.216932  
9.56158  0.29067  
9.07141  0.353914  
9.01432  0.384039  
9.07141  0.353914  
9.56158  0.29067  
9.72019  0.783436  
9.71436  0.792253  
9.2998  0.873558  
9.12369  0.787183  
9.0852  0.821929  
9.12369  0.787183  
9.2998  0.873558  
9.1718  1.26844  
9.12567  1.26486  
8.94904  1.03731  
8.73095  1.52659  
9.12567  1.26486  
9.1718  1.26844  
9.54556  1.50004  
9.53744  1.64547  
9.50518  1.81438  
9.28184  1.94566  
8.9043  1.89644  
9.28184  1.94566  
9.50518  1.81438  
10  2.18094  
10  2.20903  
9.73561  2.54522  
9.26127  2.4183  
9.21496  2.53774  
9.23121  2.4587  
9.26127  2.4183  
9.73561  2.54522  
9.72641  2.72194  
9.71182  2.78684  
9.21127  3.00194  
9.86966  2.97809  
10  2.99245  
10  3.56834  
9.73825  3.5861  
9.61436  3.52918  
9.14958  3.09965  
9.21127  3.00194  
9.71182  2.78684  
9.86966  2.97809  
9.61436  3.52918  
9.46139  3.52141  
9.46139  3.52141  
9.61436  3.52918  
9.73825  3.5861  
9.82397  4.14055  
9.5175  4.48778  
9.22412  4.35666  
9.14848  3.96705  
9.04524  4.4885  
9.07217  4.45231  
9.22412  4.35666  
9.5175  4.48778  
9.60946  4.629  
9.59779  4.92204  
9.58792  5.04582  
8.95813  4.84589  
8.88717  5.13978  
8.854  5.07329  
8.95813  4.84589  
9.58792  5.04582  
9.59286  5.22222  
9.55186  5.27178  
9.2279  5.28483  
9.02181  5.24019  
9.55186  5.27178  
9.59286  5.22222  
10  5.26707  
10  5.56318  
9.69829  5.98823  
9.6611  5.98659  
9.5722  5.89833  
9.07442  5.95083  
9.5722  5.89833  
9.6611  5.98659  
9.52402  6.55928  
9.13812  6.58853  
8.86879  6.51057  
8.85937  6.49979  
9.6611  5.98659  
9.69829  5.98823  
9.89678  6.01609  
9.95852  6.4965  
9.75774  6.60864  
9.6239  6.67718  
9.52402  6.55928  
9.69341  6.84761  
10  6.89803  
10  7.4414  
9.81199  7.44085  
9.51913  7.23802  
9.81199  7.44085  
10  7.4414  
10  7.5353  
9.87598  8.06102  
9.68176  8.08779  
9.65776  8.00232  
9.19945  7.3793  
9.25744  7.33588  
9.51913  7.23802  
9.81199  7.44085  
9.65776  8.00232  
9.52839  7.85748  
9.29157  8.5883  
9.572  8.22359  
9.59979  8.20516  
10  8.61062  
10  8.7046  
9.65397  8.93367  
9.56536  8.8621  
9.56536  8.8621  
9.65397  8.93367  
9.69125  9.07889  
9.65917  9.31279  
9.12918  9.43492  
9.07144  9.35751  
9.07144  9.35743  
9.12918  9.43492  
9.65917  9.31279  
9.69594  9.35927  
9.76904  9.72066  
9.18646  9.96331  
9.10171  9.79908  
9.76904  9.72066  
9.81709  9.7568  
9.81709  10  
9.18646  10  
9.18646  9.96331  
9.60175  0  
10  0  
10  0.216932  
9.60175  0.216932  
9.56158  0.29067  
9.60175  0.216932  
10  0.216932  
10  0.783436  
9.72019  0.783436  
9.71436  0.792253  
9.72019  0.783436  
10  0.783436  
10  1.35831  
9.66036  1.35831  
9.50518  1.81438  
9.53744  1.64547  
10  1.64547  
10  2.18094  
9.54556  1.50004  
9.66036  1.35831  
10  1.35831  
10  1.64547  
9.53744  1.64547  
9.71182  2.78684  
9.72641  2.72194  
10  2.72194  
10  2.99245  
9.86966  2.97809  
9.73561  2.54522  
10  2.20903  
10  2.72194  
9.72641  2.72194  
9.73825  3.5861  
10  3.56834  
10  4.14055  
9.82397  4.14055  
9.82397  4.14055  
10  4.14055  
10  4.629  
9.60946  4.629  
9.5175  4.48778  
9.58792  5.04582  
9.59779  4.92204  
10  4.92204  
10  5.26707  
9.59286  5.22222  
9.60946  4.629  
10  4.629  
10  4.92204  
9.59779  4.92204  
10  5.56318  
10  6.01609  
9.89678  6.01609  
9.69829  5.98823  
9.89678  6.01609  
10  6.01609  
10  6.4965  
9.95852  6.4965  
9.6239  6.67718  
9.75774  6.60864  
10  6.60864  
10  6.89803  
9.69341  6.84761  
9.95852  6.4965  
10  6.4965  
10  6.60864  
9.75774  6.60864  
10  7.5353  
10  8.06102  
9.87598  8.06102  
9.68176  8.08779  
9.87598  8.06102  
10  8.06102  
10  8.61062  
9.59979  8.20516  
9.65397  8.93367  
10  8.7046  
10  9.07889  
9.69125  9.07889  
9.69125  9.07889  
10  9.07889  
10  9.35927  
9.69594  9.35927  
9.65917  9.31279  
9.69594  9.35927  
10  9.35927  
10  9.7568  
9.81709  9.7568  
9.76904  9.72066  
9.81709  9.7568  
10  9.7568  
10  10  
9.81709  10  
# grid vertices 
983
9.572 8.22359 
7.13049 8.94108 
1.25701 5.89865 
3.33492 9.2841 
6.94397 7.54898 
8.04823 7.58866 
2.03784 0.310861 
6.201 7.22801 
4.30807 0.261766 
0.157101 2.20871 
6.25458 8.20225 
1.06237 1.3972 
4.27223 8.11031 
0.408911 3.45108 
4.79118 1.23178 
5.1964 5.48838 
0.773852 2.2347 
1.84474 0.993219 
0.309434 6.4398 
2.81087 9.54799 
0.0265907 8.58491 
1.89009 3.50331 
0.318926 7.15205 
3.59029 6.36707 
4.61467 8.77221 
6.36704 9.3266 
3.9545 9.06872 
4.4264 9.58972 
5.16355 9.17467 
8.75972 8.64107 
9.68176 8.08779 
8.77773 7.60745 
9.65776 8.00232 
10.1949 5.28855 
8.78697 7.48404 
9.25744 7.33588 
8.854 5.07329 
5.88122 1.14647 
6.41067 6.58156 
6.74207 0.593771 
6.61523 2.57736 
0.624996 0.442106 
0.497282 0.913958 
0.236342 0.287233 
0.99356 2.50571 
0.91885 1.03149 
3.65572 2.92734 
2.4215 0.299784 
8.66368 2.99398 
4.82513 0.699025 
1.82588 1.16054 
5.62233 0.518886 
3.45584 3.72804 
4.82453 0.265573 
2.97133 1.60495 
5.74041 0.419306 
3.69467 0.8119 
4.71602 0.675518 
4.62821 3.06184 
2.20421 3.40873 
4.39782 1.88173 
2.14022 2.53323 
3.48058 4.01191 
6.0708 3.11134 
0.367647 5.79427 
3.85048 4.99262 
3.57848 4.57027 
3.9907 2.45717 
1.89986 3.88136 
0.775559 2.23351 
2.17608 2.77666 
1.21223 1.45554 
0.597467 2.17758 
0.108433 5.26774 
0.525918 4.39059 
0.374144 5.72776 
1.26136 5.90065 
0.0746391 5.25957 
3.22654 5.93626 
0.53766 8.6594 
0.303179 6.02322 
0.555689 7.14604 
1.45683 6.709 
4.56738 8.36064 
0.601948 6.98174 
1.64053 6.68867 
0.44051 8.35776 
0.0264615 7.87405 
0.843682 7.63958 
2.37247 6.10511 
1.60608 6.73564 
1.73248 7.94063 
1.90258 7.14689 
4.2212 5.11691 
3.51982 8.45358 
2.32564 5.16964 
2.10417 9.58032 
3.63862 8.49203 
5.22493 9.26054 
4.82356 9.64842 
6.00637 8.61282 
3.25146 6.14858 
5.13765 6.87458 
3.9374 7.51069 
4.53815 7.40493 
1.86695 7.79128 
3.96933 7.49637 
2.46916 7.84133 
3.66846 6.6394 
2.29239 6.34412 
3.5122 6.26795 
2.3503 6.30097 
4.29895 5.12392 
4.46492 6.46683 
4.30245 3.8714 
6.63235 7.13262 
5.05922 6.47917 
7.54568 2.29678 
5.87027 6.19069 
8.86879 6.51057 
7.08118 6.46988 
7.23158 7.06643 
7.04938 8.21991 
5.17529 7.73274 
6.5159 5.87566 
6.94256 6.47649 
7.12715 8.91543 
2.77871 9.52102 
5.61291 9.59648 
6.87571 9.79571 
5.42733 8.01486 
6.90665 7.97248 
8.61928 8.69337 
8.5394 8.73427 
8.01745 9.13214 
7.56764 8.83783 
9.12918 9.43492 
9.65397 8.93367 
9.10171 9.79908 
9.59979 8.20516 
9.65917 9.31279 
10.0221 7.44146 
8.97706 8.62607 
8.29735 8.03783 
8.3095 8.02769 
8.48766 7.94618 
8.25335 8.67566 
7.89317 8.1885 
7.6918 6.49129 
8.74364 7.43965 
9.52402 6.55928 
8.98601 7.8651 
9.81199 7.44085 
9.2279 5.28483 
9.89678 6.01609 
9.59286 5.22222 
8.16557 5.03923 
5.63229 5.04852 
7.0065 1.98938 
9.58792 5.04582 
8.24301 5.81282 
7.35025 5.3272 
6.69791 5.5597 
8.82297 5.76147 
7.20056 5.9359 
6.86962 6.40722 
5.73978 4.18887 
4.05242 4.50809 
5.87328 6.16555 
5.6172 4.93701 
7.28884 5.33286 
6.10152 5.34431 
6.83291 3.77151 
6.45313 4.75787 
5.3477 3.64806 
5.08392 2.02558 
5.98485 0.195987 
6.76834 0.742054 
6.90604 0.850069 
7.80025 2.11725 
7.89056 0.765706 
8.31824 3.82182 
7.63323 1.2598 
8.42125 0.572406 
8.00915 2.19317 
8.50367 -0.865788 
8.52776 2.26063 
8.32733 0.768927 
8.05952 4.10207 
8.90211 0.380924 
8.55016 3.08016 
8.9043 1.89644 
9.21496 2.53774 
0.573118 0.416176 
1.02439 1.18551 
0.371846 1.60919 
0.179628 1.25393 
0.397138 1.57023 
0.322906 0.35846 
1.28796 0.700892 
0.48601 0.926985 
-0.0776094 1.74054 
0.429129 2.94939 
-0.0169186 2.43343 
0.0225911 0.88368 
0.519666 1.48679 
0.0875486 0.927394 
1.85222 1.91465 
0.979833 1.42471 
1.49772 2.08755 
1.36101 2.0372 
2.00391 2.01272 
1.50647 2.08594 
2.46913 1.557 
2.13008 2.55709 
2.91592 1.31639 
2.20886 3.40637 
2.46513 0.336427 
1.82401 1.03892 
0.857882 0.421141 
1.74165 0.304142 
1.09593 0.314161 
1.8637 0.382072 
1.11789 0.282142 
3.65036 0.54036 
3.07393 -0.45202 
2.53689 0.533183 
2.97907 1.18719 
3.75735 0.553692 
4.28229 1.78508 
3.02087 0.0313506 
2.78125 0.681813 
3.00773 0.507777 
2.98475 0.0774508 
4.60132 0.136747 
4.82527 0.264522 
4.5466 0.699357 
3.79322 0.513307 
3.93939 0.251997 
4.47452 1.21262 
3.7413 0.576026 
3.72719 0.742898 
4.25828 0.982231 
4.66896 1.58405 
6.41509 1.561 
3.79387 1.82761 
5.66773 2.48244 
3.85026 1.42231 
2.40421 1.706 
4.10451 1.48779 
3.89045 1.9154 
2.88549 1.47249 
3.68219 2.57622 
3.60946 1.91708 
2.91762 2.96835 
3.85783 1.41305 
3.33512 1.63674 
1.81649 1.21799 
2.38324 0.724449 
2.05117 2.09322 
2.40391 2.01387 
1.88824 1.31174 
2.46812 1.03489 
2.54969 2.24807 
2.99227 2.12436 
2.24854 3.34 
2.8601 2.22906 
3.68746 2.99987 
2.92271 2.84182 
2.80231 2.64653 
3.48079 2.40097 
3.0771 3.13773 
3.54972 2.4872 
4.44604 2.12253 
3.66197 3.18107 
4.05368 2.45242 
4.83199 2.24473 
4.44805 3.16582 
4.0276 3.4935 
4.35151 3.81138 
3.51219 3.67879 
3.8915 3.08545 
4.05542 3.43758 
3.77126 4.1367 
4.00196 3.65908 
4.8755 3.03418 
4.50953 3.1575 
4.59879 4.34778 
4.3016 4.03695 
4.76074 4.30036 
3.75913 4.59904 
4.40179 4.216 
4.26417 5.14695 
2.65752 4.36715 
3.05999 3.4749 
3.86752 4.50103 
2.65155 4.00338 
3.12323 3.58882 
2.05063 3.52998 
2.65042 4.35042 
1.36496 4.20255 
3.25847 4.34578 
2.04306 4.77492 
3.01477 4.47193 
1.78907 6.50228 
1.77178 4.49583 
1.1357 4.86406 
1.89156 4.23287 
1.2649 3.81869 
1.88265 3.90099 
1.89844 5.39075 
2.65028 4.35037 
2.20042 4.5797 
1.52087 2.77084 
2.27489 3.20819 
1.53427 3.02772 
2.10873 2.67072 
1.58235 2.71912 
1.44528 3.22806 
1.40471 3.25725 
0.500493 3.26968 
1.4721 3.57422 
0.927804 3.31598 
1.53931 2.74833 
0.654441 2.23819 
1.31612 2.00463 
1.24069 2.45135 
1.05486 2.84956 
0.761985 3.17562 
0.411949 2.72415 
0.57534 3.16252 
0.672961 4.2391 
-0.0970069 3.87268 
0.739167 4.07106 
1.67444 4.78324 
1.10725 3.75875 
1.38412 3.95506 
1.16512 4.3063 
1.6572 4.57426 
0.522607 4.3898 
0.396477 4.4569 
0.121079 4.6541 
0.746436 4.90097 
0.375857 5.876 
0.872029 4.96638 
0.684056 5.98389 
1.63675 5.43431 
0.778258 6.08137 
1.09257 5.84752 
0.929651 5.72734 
0.822143 5.51396 
1.28971 5.88976 
0.932611 5.23842 
0.998685 5.28047 
1.9551 5.3163 
1.18648 4.859 
1.61483 4.69851 
2.53755 5.6692 
3.24594 5.86853 
1.38665 5.86808 
1.2012 5.37766 
1.6747 5.45106 
1.99236 5.75952 
1.28439 5.89214 
1.69317 6.10712 
2.43644 7.32403 
3.88566 8.15901 
1.58631 7.95916 
2.42672 7.89445 
0.851406 7.66429 
1.72505 7.02419 
0.891422 7.684 
1.96829 7.47862 
1.55929 7.21366 
1.18228 6.94535 
0.916896 6.45464 
1.05671 6.45332 
-0.246756 6.64522 
0.617413 6.60841 
0.134974 7.28633 
0.120088 7.82052 
0.765204 7.71023 
2.68053 9.30526 
0.194833 8.21781 
0.11794 8.32313 
0.781102 8.53429 
1.22318 8.0554 
0.475168 8.86119 
0.472589 8.80194 
0.439227 9.3692 
0.222242 9.72276 
0.499888 8.92331 
-0.666551 9.1282 
0.477488 9.51815 
1.42987 8.89109 
0.80173 9.69222 
1.20907 8.95242 
1.39662 9.60486 
1.27162 9.63968 
2.27936 8.86191 
1.85924 9.49406 
2.18508 8.30061 
1.82047 10.3242 
1.54553 9.65913 
2.58434 9.28263 
2.4065 7.9938 
0.963502 9.63004 
1.0552 9.02506 
1.85709 9.13192 
1.48678 8.83242 
1.49317 8.80134 
1.20893 8.19804 
1.83655 8.55857 
1.69121 7.95168 
2.3444 8.53351 
1.71874 8.68808 
3.15149 8.01274 
2.46998 7.63518 
2.52025 7.55814 
3.55388 7.79336 
2.91856 8.67008 
2.88589 8.46017 
2.88394 8.45995 
2.19486 8.37057 
3.70026 9.37403 
2.30847 9.01624 
2.50468 9.93807 
2.13022 9.80704 
3.40135 9.92642 
3.62295 9.48338 
3.57508 9.72319 
3.2906 8.81661 
2.81359 9.10268 
3.3754 8.95818 
2.72802 9.38029 
3.29574 9.04123 
3.82652 9.29722 
4.40124 9.59752 
3.93975 9.77726 
4.15464 9.8031 
4.51464 9.63166 
5.02418 10.1218 
4.6935 8.29429 
4.42499 9.43614 
3.47776 8.96113 
3.77491 8.69059 
4.15801 9.09537 
3.8814 8.74106 
3.07788 7.37368 
3.63175 6.80922 
3.13929 8.18874 
3.24234 7.82901 
3.67066 6.92465 
4.3201 8.13536 
4.65116 7.43629 
5.83809 6.25635 
4.84589 6.92156 
4.15148 6.40166 
4.13849 6.39084 
4.13937 7.20722 
4.78352 6.90248 
4.34209 6.48316 
4.78513 7.2988 
4.33088 7.26484 
3.2548 7.19885 
4.10189 7.1091 
2.29056 7.08306 
3.09384 7.25845 
2.91911 6.60493 
2.99955 7.11116 
2.34647 7.03345 
2.88969 6.90426 
3.75849 5.80033 
4.38682 6.46129 
2.48268 5.98342 
3.03124 6.51634 
2.27196 5.2242 
3.06203 5.52426 
2.37887 5.12357 
3.54101 5.74402 
2.4849 4.5851 
3.1795 5.07161 
3.04783 5.24336 
3.45447 5.07512 
3.63953 5.46644 
3.49136 5.08572 
3.92191 5.89438 
4.01926 5.36735 
3.92371 6.0959 
4.94273 5.26321 
4.80966 6.35029 
4.3141 5.69966 
4.93016 5.92795 
4.39032 5.82675 
4.33652 5.50103 
4.25592 5.23689 
5.24917 4.77931 
4.57301 4.77102 
5.28644 5.45369 
4.90316 4.87611 
6.54586 5.38976 
6.47548 6.51189 
5.81618 4.52638 
6.35063 5.29602 
6.00699 4.57683 
6.62461 4.45567 
7.14113 4.4402 
6.4857 4.84986 
7.49624 5.45301 
6.60152 4.85894 
6.92809 5.62596 
7.29813 6.0209 
6.94203 5.01076 
8.16595 5.03258 
6.97125 5.00364 
7.11951 4.53407 
6.42221 6.2272 
6.52835 5.8495 
6.99039 5.80016 
7.09182 6.46662 
6.5741 6.026 
6.81871 6.133 
6.54192 7.13053 
5.86446 6.34082 
6.40357 6.23276 
6.82172 6.4049 
5.89295 7.22437 
5.25843 6.8968 
5.97995 5.99049 
6.06654 5.57034 
5.03065 5.83668 
5.10491 5.59738 
5.47216 6.27338 
5.10944 6.89579 
5.63186 6.28394 
5.94976 7.26517 
6.04224 7.61222 
5.05516 7.19796 
5.29414 7.58257 
5.89854 7.23553 
6.3393 8.02653 
5.8333 8.13293 
5.66704 8.47242 
5.99133 8.12589 
5.77988 7.92363 
5.97732 7.50102 
4.54272 8.44528 
4.99099 7.79081 
4.67178 8.87072 
5.49583 8.41739 
5.64993 9.62755 
6.24733 8.5296 
5.43673 9.30855 
5.27721 8.48177 
5.44814 9.29643 
5.65278 8.4736 
5.90195 10.5707 
7.05151 9.16813 
6.31395 9.77408 
6.50942 9.84962 
6.42351 9.81706 
6.24109 9.51658 
7.10578 9.74702 
6.69822 9.49633 
7.08744 8.87728 
6.36528 9.28646 
6.58111 8.93908 
5.94702 9.02039 
6.64946 7.96341 
6.29744 8.55379 
7.57357 6.59692 
8.30694 7.42899 
6.80889 7.24498 
7.56094 7.04482 
7.95588 7.07533 
7.05691 8.19482 
7.89244 8.1849 
7.56213 7.52155 
7.98139 8.21415 
7.89787 7.62577 
8.2755 9.53766 
8.0653 8.81865 
7.14861 8.1774 
7.5058 7.74874 
7.63331 8.78358 
7.72025 8.27119 
7.61625 9.58356 
7.71097 9.08325 
6.96434 9.85074 
7.63737 9.64043 
8.16084 9.52683 
7.73369 9.69826 
8.31934 9.60094 
9.07144 9.35751 
8.62276 9.77696 
9.81709 9.7568 
9.18646 9.96331 
9.76904 9.72066 
9.69125 9.07889 
9.69594 9.35927 
9.56536 8.8621 
9.07144 9.35743 
8.47804 9.32367 
10.0561 8.66746 
9.00708 8.63719 
9.29157 8.5883 
8.90546 7.82583 
9.19945 7.3793 
9.52839 7.85748 
9.87598 8.06102 
11.7067 7.17868 
9.13812 6.58853 
9.6611 5.98659 
9.95852 6.4965 
9.6239 6.67718 
9.69341 6.84761 
9.51913 7.23802 
9.75774 6.60864 
8.25674 6.44091 
8.71181 7.42771 
7.63583 7.46167 
7.64272 7.13624 
7.7352 5.76695 
7.54773 5.99663 
8.22956 6.75284 
8.30612 6.3902 
9.01079 5.882 
8.85937 6.49979 
7.56276 5.49994 
8.31519 5.7175 
7.46922 4.96136 
8.18837 4.93544 
7.13965 4.49409 
7.4143 5.2019 
7.89263 4.75887 
8.1159 4.85171 
8.31792 4.90336 
9.14848 3.96705 
9.02181 5.24019 
8.36872 5.70711 
8.88717 5.13978 
9.5722 5.89833 
9.07442 5.95083 
9.69829 5.98823 
9.55186 5.27178 
8.95813 4.84589 
8.49522 4.30917 
9.59779 4.92204 
9.60946 4.629 
9.5175 4.48778 
9.46139 3.52141 
9.82397 4.14055 
9.07737 3.10005 
8.71845 3.79254 
9.21127 3.00194 
9.04524 4.4885 
13.2348 3.34889 
9.73825 3.5861 
9.14958 3.09965 
9.86966 2.97809 
8.57058 2.57215 
9.23121 2.4587 
9.28184 1.94566 
9.72641 2.72194 
9.71182 2.78684 
9.61436 3.52918 
8.40857 3.76629 
7.09496 3.31124 
8.60305 2.66828 
7.85457 3.30675 
7.91881 1.51048 
7.87731 3.028 
8.19826 3.79953 
7.13822 2.73013 
8.56143 2.35617 
7.98642 2.7451 
7.57763 4.32314 
7.17832 4.38057 
8.66501 4.29521 
8.24006 3.82879 
8.84594 3.85181 
9.22412 4.35666 
8.51434 4.26056 
8.16663 4.48906 
9.07217 4.45231 
8.51856 4.65972 
7.53431 3.81416 
6.82286 3.69295 
7.78821 3.0855 
7.52704 3.60941 
7.50403 3.75294 
7.46045 4.28807 
5.45495 4.07555 
6.55482 4.37013 
6.03475 4.10434 
6.48055 4.22743 
4.82441 3.71551 
5.11466 4.55578 
5.48493 4.06626 
4.93625 4.12383 
4.91581 3.07728 
4.9051 3.81585 
5.72755 3.35336 
5.80533 4.24281 
5.3645 3.36737 
6.46724 2.75262 
5.71173 2.82938 
6.27737 3.66165 
5.70611 2.78562 
5.59504 3.31735 
4.87957 3.03629 
4.85867 2.35753 
5.06053 3.15698 
5.54125 2.53843 
5.72699 2.48559 
6.81342 3.67387 
6.46922 2.73533 
7.87367 2.98054 
6.24434 3.06622 
5.80567 3.44932 
6.89649 3.43645 
6.32247 3.63487 
7.84118 3.08182 
7.2862 3.35472 
6.69615 2.55178 
6.91904 1.89422 
7.21221 2.94581 
7.48207 2.52193 
7.04483 1.15366 
7.74769 1.9326 
6.81819 1.55491 
7.34297 1.33928 
6.4069 1.87534 
6.74141 0.686477 
5.8353 2.00695 
6.41277 1.88618 
5.85688 2.11407 
5.89606 1.34978 
5.72435 2.48692 
6.3938 2.16199 
5.13197 2.00243 
5.84846 2.03051 
5.15284 2.01647 
6.74416 0.614411 
5.35297 1.50286 
4.94021 1.14696 
6.14241 1.86698 
5.65928 1.51541 
6.03358 1.37575 
5.64166 0.822426 
4.93166 1.01321 
5.09825 1.2374 
5.28597 -0.209336 
5.64254 0.442448 
4.89802 0.521769 
5.46944 0.316166 
5.74456 0.414731 
6.99042 0.262301 
6.26126 1.37772 
6.18212 0.714586 
6.32879 -0.843526 
6.66851 0.467239 
7.61963 0.0349336 
7.61819 0.250988 
7.13127 0.183983 
7.60425 -0.00483231 
8.32528 0.262132 
9.2998 0.873558 
8.32928 0.772973 
9.66036 1.35831 
7.71397 0.638606 
8.06082 0.169202 
8.40061 0.958608 
9.01432 0.384039 
8.36434 1.64077 
8.27215 2.15573 
7.01131 2.05531 
7.36515 1.68096 
8.29018 1.85465 
8.73095 1.52659 
7.90651 1.57573 
8.6062 1.45344 
7.98956 1.47962 
8.4009 0.967838 
9.1718 1.26844 
9.26127 2.4183 
9.50518 1.81438 
9.73561 2.54522 
10.014 2.19128 
9.54556 1.50004 
9.53744 1.64547 
9.12567 1.26486 
9.12369 0.787183 
8.94904 1.03731 
9.0852 0.821929 
9.07141 0.353914 
9.71436 0.792253 
9.60175 0.216932 
9.56158 0.29067 
9.72019 0.783436 
0.236342 -20.5558 
-20.6067 0.287233 
-20.5785 0.88368 
-20.0673 1.25393 
-20.2535 1.74054 
-19.7944 2.43343 
-18.4624 3.26968 
-18.7228 2.94939 
-19.4593 3.87268 
-18.3811 4.4569 
-18.9122 4.6541 
-18.9997 5.25957 
-18.4744 5.79427 
-18.6459 6.02322 
-19.8875 6.64522 
-19.3826 7.28633 
-19.8599 7.87405 
-19.9299 8.32313 
-20.2463 8.58491 
-21.8195 9.1282 
-20.6379 9.72276 
0.573118 -20.0985 
0.222242 30.5829 
1.11789 -19.9697 
0.80173 30.1306 
2.03784 -19.3777 
1.27162 29.7339 
1.74165 -19.5536 
1.82047 30.6677 
2.4215 -19.2034 
2.50468 29.6129 
3.07393 -20.3764 
2.81087 28.7375 
3.93939 -18.7552 
3.40135 29.2479 
4.60132 -18.885 
3.93975 28.8129 
4.82527 -18.6163 
4.15464 28.8222 
5.28597 -19.5687 
4.51464 28.4308 
6.32879 -20.9784 
5.02418 29.3858 
5.74456 -18.3727 
6.42351 28.9822 
6.99042 -19.0187 
5.90195 30.3561 
7.60425 -19.7888 
6.50942 29.0708 
7.13127 -19.2247 
6.96434 29.2263 
8.50367 -21.8404 
7.73369 29.2761 
8.06082 -19.6918 
8.31934 29.4164 
9.07141 -19.9658 
8.62276 29.9144 
9.60175 -20.5625 
9.18646 30.5986 
30.3812 0.216932 
30.1916 0.783436 
29.717 1.35831 
29.9032 2.19128 
29.3224 1.64547 
35.7757 3.34889 
29.1153 2.72194 
28.866 4.14055 
28.376 4.629 
29.54 5.28855 
28.3384 4.92204 
29.04 6.01609 
29.2801 6.4965 
32.9005 7.17868 
28.9222 6.60864 
29.7753 8.06102 
30.4444 8.66746 
30.0499 9.07889 
30.2455 9.35927 
30.7291 9.7568 
9.81709 30.6688 
0.236342 0 
0 0 
0 0.287233 
0 0.88368 
0 1.25393 
0 1.71786 
0 1.89535 
0 2.41158 
0 2.4449 
0 2.94939 
0 3.26968 
0 3.79184 
0 3.95364 
0 4.4569 
0 4.6541 
0 5.25957 
0 5.79427 
0 6.02322 
0 6.55409 
0 6.86631 
0 7.28633 
0 7.87405 
0 8.32313 
0 8.58491 
0 8.97232 
0 9.27347 
0 9.72276 
0 10 
0.222242 10 
0.573118 0 
0.80173 10 
1.11789 0 
1.27162 10 
2.03784 0 
1.74165 0 
1.68644 10 
2.01466 10 
2.50468 10 
2.4215 0 
2.81087 10 
3.02431 0 
3.40135 10 
3.93939 0 
3.38109 0 
3.93975 10 
4.60132 0 
4.15464 10 
4.82527 0 
4.51464 10 
5.08245 0 
4.97256 10 
6.0497 0 
5.74456 0 
5.35906 0 
5.1607 10 
5.74945 10 
6.54741 0 
6.19711 10 
6.42351 10 
6.50942 10 
6.99042 0 
7.59215 0 
7.13127 0 
7.60612 0 
6.96434 10 
7.73369 10 
8.36673 0 
8.06082 0 
8.31934 10 
8.78037 0 
8.62276 10 
9.07141 0 
9.18646 10 
9.60175 0 
10 2.20903 
10 2.18094 
10 3.56834 
10 2.99245 
10 5.56318 
10 5.26707 
10 6.89803 
10 7.4414 
10 7.5353 
10 8.7046 
10 8.61062 
10 9.7568 
10 10 
10 0 
10 0.216932 
10 0.783436 
10 1.35831 
10 1.64547 
10 2.72194 
10 4.14055 
10 4.629 
10 4.92204 
10 6.01609 
10 6.4965 
10 6.60864 
10 8.06102 
10 9.07889 
10 9.35927 
9.81709 10 
