# Date: 8/3/2013   Time: 18:25
# dimensions 
1 1 
# connectivity 
289
4  1  2  3  4    1 1 
5  5  6  7  8  9    1 1 
4  10  11  12  13    1 1 
5  14  15  16  17  18    1 1 
5  19  20  21  22  23    1 1 
4  24  25  26  27    1 1 
4  28  29  30  31    1 1 
4  32  33  34  35    1 1 
4  36  37  38  39    1 1 
3  40  41  42    1 1 
6  43  44  45  46  47  48    1 1 
6  49  50  51  52  53  54    1 1 
4  55  56  57  58    1 1 
5  59  60  61  62  63    1 1 
5  64  65  66  67  68    1 1 
4  69  70  71  72    1 1 
4  73  74  75  76    1 1 
6  77  78  79  80  81  82    1 1 
8  83  84  85  86  87  88  89  90    1 1 
4  91  92  93  94    1 1 
5  95  96  97  98  99    1 1 
7  100  101  102  103  104  105  106    1 1 
8  107  108  109  110  111  112  113  114    1 1 
5  115  116  117  118  119    1 1 
7  120  121  122  123  124  125  126    1 1 
8  127  128  129  130  131  132  133  134    1 1 
5  135  136  137  138  139    1 1 
5  140  141  142  143  144    1 1 
4  145  146  147  148    1 1 
5  149  150  151  152  153    1 1 
6  154  155  156  157  158  159    1 1 
7  160  161  162  163  164  165  166    1 1 
7  167  168  169  170  171  172  173    1 1 
5  174  175  176  177  178    1 1 
4  179  180  181  182    1 1 
6  183  184  185  186  187  188    1 1 
6  189  190  191  192  193  194    1 1 
7  195  196  197  198  199  200  201    1 1 
6  202  203  204  205  206  207    1 1 
6  208  209  210  211  212  213    1 1 
8  214  215  216  217  218  219  220  221    1 1 
5  222  223  224  225  226    1 1 
9  227  228  229  230  231  232  233  234  235    1 1 
5  236  237  238  239  240    1 1 
6  241  242  243  244  245  246    1 1 
6  247  248  249  250  251  252    1 1 
9  253  254  255  256  257  258  259  260  261    1 1 
6  262  263  264  265  266  267    1 1 
6  268  269  270  271  272  273    1 1 
6  274  275  276  277  278  279    1 1 
4  280  281  282  283    1 1 
4  284  285  286  287    1 1 
7  288  289  290  291  292  293  294    1 1 
6  295  296  297  298  299  300    1 1 
5  301  302  303  304  305    1 1 
6  306  307  308  309  310  311    1 1 
6  312  313  314  315  316  317    1 1 
5  318  319  320  321  322    1 1 
4  323  324  325  326    1 1 
9  327  328  329  330  331  332  333  334  335    1 1 
7  336  337  338  339  340  341  342    1 1 
5  343  344  345  346  347    1 1 
5  348  349  350  351  352    1 1 
5  353  354  355  356  357    1 1 
6  358  359  360  361  362  363    1 1 
5  364  365  366  367  368    1 1 
5  369  370  371  372  373    1 1 
4  374  375  376  377    1 1 
5  378  379  380  381  382    1 1 
7  383  384  385  386  387  388  389    1 1 
6  390  391  392  393  394  395    1 1 
8  396  397  398  399  400  401  402  403    1 1 
5  404  405  406  407  408    1 1 
5  409  410  411  412  413    1 1 
8  414  415  416  417  418  419  420  421    1 1 
4  422  423  424  425    1 1 
6  426  427  428  429  430  431    1 1 
7  432  433  434  435  436  437  438    1 1 
4  439  440  441  442    1 1 
6  443  444  445  446  447  448    1 1 
6  449  450  451  452  453  454    1 1 
6  455  456  457  458  459  460    1 1 
5  461  462  463  464  465    1 1 
8  466  467  468  469  470  471  472  473    1 1 
4  474  475  476  477    1 1 
6  478  479  480  481  482  483    1 1 
5  484  485  486  487  488    1 1 
6  489  490  491  492  493  494    1 1 
4  495  496  497  498    1 1 
6  499  500  501  502  503  504    1 1 
5  505  506  507  508  509    1 1 
6  510  511  512  513  514  515    1 1 
8  516  517  518  519  520  521  522  523    1 1 
5  524  525  526  527  528    1 1 
6  529  530  531  532  533  534    1 1 
9  535  536  537  538  539  540  541  542  543    1 1 
4  544  545  546  547    1 1 
7  548  549  550  551  552  553  554    1 1 
4  555  556  557  558    1 1 
8  559  560  561  562  563  564  565  566    1 1 
7  567  568  569  570  571  572  573    1 1 
4  574  575  576  577    1 1 
5  578  579  580  581  582    1 1 
5  583  584  585  586  587    1 1 
5  588  589  590  591  592    1 1 
9  593  594  595  596  597  598  599  600  601    1 1 
6  602  603  604  605  606  607    1 1 
4  608  609  610  611    1 1 
8  612  613  614  615  616  617  618  619    1 1 
7  620  621  622  623  624  625  626    1 1 
5  627  628  629  630  631    1 1 
3  632  633  634    1 1 
7  635  636  637  638  639  640  641    1 1 
6  642  643  644  645  646  647    1 1 
6  648  649  650  651  652  653    1 1 
6  654  655  656  657  658  659    1 1 
6  660  661  662  663  664  665    1 1 
7  666  667  668  669  670  671  672    1 1 
4  673  674  675  676    1 1 
4  677  678  679  680    1 1 
4  681  682  683  684    1 1 
9  685  686  687  688  689  690  691  692  693    1 1 
5  694  695  696  697  698    1 1 
5  699  700  701  702  703    1 1 
6  704  705  706  707  708  709    1 1 
5  710  711  712  713  714    1 1 
6  715  716  717  718  719  720    1 1 
6  721  722  723  724  725  726    1 1 
5  727  728  729  730  731    1 1 
7  732  733  734  735  736  737  738    1 1 
9  739  740  741  742  743  744  745  746  747    1 1 
5  748  749  750  751  752    1 1 
5  753  754  755  756  757    1 1 
7  758  759  760  761  762  763  764    1 1 
5  765  766  767  768  769    1 1 
4  770  771  772  773    1 1 
5  774  775  776  777  778    1 1 
6  779  780  781  782  783  784    1 1 
7  785  786  787  788  789  790  791    1 1 
7  792  793  794  795  796  797  798    1 1 
6  799  800  801  802  803  804    1 1 
7  805  806  807  808  809  810  811    1 1 
7  812  813  814  815  816  817  818    1 1 
5  819  820  821  822  823    1 1 
7  824  825  826  827  828  829  830    1 1 
8  831  832  833  834  835  836  837  838    1 1 
5  839  840  841  842  843    1 1 
4  844  845  846  847    1 1 
3  848  849  850    1 1 
10  851  852  853  854  855  856  857  858  859  860    1 1 
7  861  862  863  864  865  866  867    1 1 
5  868  869  870  871  872    1 1 
5  873  874  875  876  877    1 1 
4  878  879  880  881    1 1 
5  882  883  884  885  886    1 1 
6  887  888  889  890  891  892    1 1 
6  893  894  895  896  897  898    1 1 
8  899  900  901  902  903  904  905  906    1 1 
5  907  908  909  910  911    1 1 
5  912  913  914  915  916    1 1 
6  917  918  919  920  921  922    1 1 
6  923  924  925  926  927  928    1 1 
7  929  930  931  932  933  934  935    1 1 
7  936  937  938  939  940  941  942    1 1 
8  943  944  945  946  947  948  949  950    1 1 
5  951  952  953  954  955    1 1 
6  956  957  958  959  960  961    1 1 
6  962  963  964  965  966  967    1 1 
5  968  969  970  971  972    1 1 
5  973  974  975  976  977    1 1 
4  978  979  980  981    1 1 
5  982  983  984  985  986    1 1 
5  987  988  989  990  991    1 1 
5  992  993  994  995  996    1 1 
5  997  998  999  1000  1001    1 1 
7  1002  1003  1004  1005  1006  1007  1008    1 1 
6  1009  1010  1011  1012  1013  1014    1 1 
5  1015  1016  1017  1018  1019    1 1 
6  1020  1021  1022  1023  1024  1025    1 1 
5  1026  1027  1028  1029  1030    1 1 
7  1031  1032  1033  1034  1035  1036  1037    1 1 
4  1038  1039  1040  1041    1 1 
5  1042  1043  1044  1045  1046    1 1 
8  1047  1048  1049  1050  1051  1052  1053  1054    1 1 
6  1055  1056  1057  1058  1059  1060    1 1 
6  1061  1062  1063  1064  1065  1066    1 1 
4  1067  1068  1069  1070    1 1 
5  1071  1072  1073  1074  1075    1 1 
8  1076  1077  1078  1079  1080  1081  1082  1083    1 1 
7  1084  1085  1086  1087  1088  1089  1090    1 1 
6  1091  1092  1093  1094  1095  1096    1 1 
6  1097  1098  1099  1100  1101  1102    1 1 
9  1103  1104  1105  1106  1107  1108  1109  1110  1111    1 1 
5  1112  1113  1114  1115  1116    1 1 
6  1117  1118  1119  1120  1121  1122    1 1 
9  1123  1124  1125  1126  1127  1128  1129  1130  1131    1 1 
5  1132  1133  1134  1135  1136    1 1 
7  1137  1138  1139  1140  1141  1142  1143    1 1 
6  1144  1145  1146  1147  1148  1149    1 1 
7  1150  1151  1152  1153  1154  1155  1156    1 1 
8  1157  1158  1159  1160  1161  1162  1163  1164    1 1 
5  1165  1166  1167  1168  1169    1 1 
6  1170  1171  1172  1173  1174  1175    1 1 
6  1176  1177  1178  1179  1180  1181    1 1 
5  1182  1183  1184  1185  1186    1 1 
5  1187  1188  1189  1190  1191    1 1 
6  1192  1193  1194  1195  1196  1197    1 1 
5  1198  1199  1200  1201  1202    1 1 
7  1203  1204  1205  1206  1207  1208  1209    1 1 
4  1210  1211  1212  1213    1 1 
6  1214  1215  1216  1217  1218  1219    1 1 
5  1220  1221  1222  1223  1224    1 1 
5  1225  1226  1227  1228  1229    1 1 
4  1230  1231  1232  1233    1 1 
5  1234  1235  1236  1237  1238    1 1 
7  1239  1240  1241  1242  1243  1244  1245    1 1 
6  1246  1247  1248  1249  1250  1251    1 1 
5  1252  1253  1254  1255  1256    1 1 
5  1257  1258  1259  1260  1261    1 1 
5  1262  1263  1264  1265  1266    1 1 
4  1267  1268  1269  1270    1 1 
4  1271  1272  1273  1274    1 1 
5  1275  1276  1277  1278  1279    1 1 
6  1280  1281  1282  1283  1284  1285    1 1 
5  1286  1287  1288  1289  1290    1 1 
5  1291  1292  1293  1294  1295    1 1 
6  1296  1297  1298  1299  1300  1301    1 1 
5  1302  1303  1304  1305  1306    1 1 
6  1307  1308  1309  1310  1311  1312    1 1 
8  1313  1314  1315  1316  1317  1318  1319  1320    1 1 
6  1321  1322  1323  1324  1325  1326    1 1 
5  1327  1328  1329  1330  1331    1 1 
6  1332  1333  1334  1335  1336  1337    1 1 
6  1338  1339  1340  1341  1342  1343    1 1 
6  1344  1345  1346  1347  1348  1349    1 1 
5  1350  1351  1352  1353  1354    1 1 
6  1355  1356  1357  1358  1359  1360    1 1 
7  1361  1362  1363  1364  1365  1366  1367    1 1 
5  1368  1369  1370  1371  1372    1 1 
5  1373  1374  1375  1376  1377    1 1 
8  1378  1379  1380  1381  1382  1383  1384  1385    1 1 
6  1386  1387  1388  1389  1390  1391    1 1 
9  1392  1393  1394  1395  1396  1397  1398  1399  1400    1 1 
4  1401  1402  1403  1404    1 1 
6  1405  1406  1407  1408  1409  1410    1 1 
7  1411  1412  1413  1414  1415  1416  1417    1 1 
5  1418  1419  1420  1421  1422    1 1 
4  1423  1424  1425  1426    1 1 
5  1427  1428  1429  1430  1431    1 1 
10  1432  1433  1434  1435  1436  1437  1438  1439  1440  1441    1 1 
6  1442  1443  1444  1445  1446  1447    1 1 
9  1448  1449  1450  1451  1452  1453  1454  1455  1456    1 1 
7  1457  1458  1459  1460  1461  1462  1463    1 1 
6  1464  1465  1466  1467  1468  1469    1 1 
6  1470  1471  1472  1473  1474  1475    1 1 
4  1476  1477  1478  1479    1 1 
7  1480  1481  1482  1483  1484  1485  1486    1 1 
6  1487  1488  1489  1490  1491  1492    1 1 
9  1493  1494  1495  1496  1497  1498  1499  1500  1501    1 1 
7  1502  1503  1504  1505  1506  1507  1508    1 1 
5  1509  1510  1511  1512  1513    1 1 
6  1514  1515  1516  1517  1518  1519    1 1 
8  1520  1521  1522  1523  1524  1525  1526  1527    1 1 
5  1528  1529  1530  1531  1532    1 1 
7  1533  1534  1535  1536  1537  1538  1539    1 1 
7  1540  1541  1542  1543  1544  1545  1546    1 1 
3  1547  1548  1549    1 1 
4  1550  1551  1552  1553    1 1 
5  1554  1555  1556  1557  1558    1 1 
7  1559  1560  1561  1562  1563  1564  1565    1 1 
6  1566  1567  1568  1569  1570  1571    1 1 
3  1572  1573  1574    1 1 
5  1575  1576  1577  1578  1579    1 1 
5  1580  1581  1582  1583  1584    1 1 
4  1585  1586  1587  1588    1 1 
4  1589  1590  1591  1592    1 1 
5  1593  1594  1595  1596  1597    1 1 
4  1598  1599  1600  1601    1 1 
4  1602  1603  1604  1605    1 1 
5  1606  1607  1608  1609  1610    1 1 
4  1611  1612  1613  1614    1 1 
6  1615  1616  1617  1618  1619  1620    1 1 
4  1621  1622  1623  1624    1 1 
5  1625  1626  1627  1628  1629    1 1 
5  1630  1631  1632  1633  1634    1 1 
4  1635  1636  1637  1638    1 1 
4  1639  1640  1641  1642    1 1 
5  1643  1644  1645  1646  1647    1 1 
4  1648  1649  1650  1651    1 1 
# DG vertices (counter-clockwise) 
1651
0  0  
0.0509498  0  
0.0509498  0.025106  
0  0.025106  
0  0.025106  
0.0509498  0.025106  
0.0597731  0.0430118  
0.0237578  0.0971071  
0  0.0971071  
0  0.0971071  
0.0237578  0.0971071  
0.0335608  0.11445  
0  0.173278  
0  0.180674  
0.0415811  0.199405  
0.0551221  0.225704  
0.0447647  0.236901  
0  0.236901  
0  0.274757  
0.0339089  0.274757  
0.0372732  0.297962  
0.0290895  0.312245  
0  0.312245  
0  0.236901  
0.0447647  0.236901  
0.0339089  0.274757  
0  0.274757  
0  0.312245  
0.0290895  0.312245  
0.037282  0.374021  
0  0.374021  
0  0.374021  
0.037282  0.374021  
0.0437462  0.378673  
0  0.441981  
0  0.463535  
0.0674175  0.488108  
0.0442696  0.512337  
0  0.512337  
0  0.512337  
0.0442696  0.512337  
0  0.577852  
0  0.599371  
0.0179458  0.607983  
0.0285408  0.617896  
0.0406954  0.660432  
0.0319312  0.682194  
0  0.682194  
0  0.682194  
0.0319312  0.682194  
0.0329021  0.718927  
0.032872  0.719106  
0.0120302  0.726252  
0  0.726252  
0  0.726252  
0.0120302  0.726252  
0.0096891  0.774267  
0  0.774267  
0  0.774267  
0.0096891  0.774267  
0.0351454  0.789769  
0.0270109  0.833044  
0  0.833044  
0  0.833044  
0.0270109  0.833044  
0.0585244  0.863522  
0.0544353  0.878105  
0  0.920943  
0  0.938228  
0.0326062  0.966671  
0.0243979  0.992136  
0  0.992136  
0  0.992136  
0.0243979  0.992136  
0.0243979  1  
0  1  
0.0509498  0.025106  
0.0509498  0  
0.121058  0  
0.121058  0.0361255  
0.0950684  0.0520027  
0.0597731  0.0430118  
0.0237578  0.0971071  
0.0597731  0.0430118  
0.0950684  0.0520027  
0.115029  0.0955732  
0.109387  0.122247  
0.0930654  0.13721  
0.0600598  0.13797  
0.0335608  0.11445  
0.0961101  0.146113  
0.152565  0.199197  
0.101712  0.219267  
0.0895769  0.219469  
0.0335608  0.11445  
0.0600598  0.13797  
0.0415811  0.199405  
0  0.180674  
0  0.173278  
0.0702222  0.226722  
0.0895769  0.219469  
0.101712  0.219267  
0.134685  0.271237  
0.1333  0.29348  
0.113381  0.31322  
0.109038  0.310037  
0.0290895  0.312245  
0.0372732  0.297962  
0.109038  0.310037  
0.113381  0.31322  
0.11483  0.328778  
0.0450722  0.379129  
0.0437462  0.378673  
0.037282  0.374021  
0.0450722  0.379129  
0.11483  0.328778  
0.138345  0.353051  
0.128696  0.437428  
0.0953416  0.449638  
0.0437462  0.378673  
0.0450722  0.379129  
0.0953416  0.449638  
0.0741433  0.486634  
0.0674175  0.488108  
0  0.463535  
0  0.441981  
0.0442696  0.512337  
0.0674175  0.488108  
0.0741433  0.486634  
0.0917783  0.515377  
0.0712104  0.566626  
0.0179458  0.607983  
0  0.599371  
0  0.577852  
0.0712104  0.566626  
0.0951926  0.589117  
0.0477613  0.617107  
0.0285408  0.617896  
0.0179458  0.607983  
0.0951926  0.589117  
0.12152  0.590549  
0.118477  0.610714  
0.10655  0.631582  
0.0477613  0.617107  
0.0319312  0.682194  
0.0406954  0.660432  
0.108052  0.681012  
0.0329021  0.718927  
0.0120302  0.726252  
0.032872  0.719106  
0.069402  0.756388  
0.0351454  0.789769  
0.0096891  0.774267  
0.0738854  0.756593  
0.127394  0.748465  
0.137136  0.822154  
0.134859  0.837775  
0.123482  0.848294  
0.0793977  0.855871  
0.0544353  0.878105  
0.0585244  0.863522  
0.0793977  0.855871  
0.123482  0.848294  
0.138185  0.914601  
0.115254  0.942149  
0.0906967  0.949773  
0  0.938228  
0  0.920943  
0.0544353  0.878105  
0.0906967  0.949773  
0.0883964  0.953581  
0.062634  0.965267  
0.0326062  0.966671  
0.0326062  0.966671  
0.062634  0.965267  
0.062634  1  
0.0243979  1  
0.0243979  0.992136  
0.146738  0  
0.178265  0  
0.178265  0.0385471  
0.146738  0.034563  
0.115029  0.0955732  
0.191955  0.0891012  
0.20453  0.103962  
0.204404  0.116569  
0.139792  0.137561  
0.109387  0.122247  
0.139792  0.137561  
0.204404  0.116569  
0.207328  0.125676  
0.193035  0.178732  
0.160209  0.200528  
0.15416  0.199048  
0.0600598  0.13797  
0.0930654  0.13721  
0.0961101  0.146113  
0.0895769  0.219469  
0.0702222  0.226722  
0.0551221  0.225704  
0.0415811  0.199405  
0.101712  0.219267  
0.152565  0.199197  
0.15416  0.199048  
0.160209  0.200528  
0.16951  0.227865  
0.134685  0.271237  
0.0447647  0.236901  
0.0551221  0.225704  
0.0702222  0.226722  
0.109038  0.310037  
0.0372732  0.297962  
0.0339089  0.274757  
0.113381  0.31322  
0.1333  0.29348  
0.175109  0.28917  
0.191844  0.335488  
0.18378  0.348628  
0.176384  0.351117  
0.138345  0.353051  
0.11483  0.328778  
0.138345  0.353051  
0.176384  0.351117  
0.182585  0.446092  
0.177945  0.447624  
0.128696  0.437428  
0.0741433  0.486634  
0.0953416  0.449638  
0.128696  0.437428  
0.177945  0.447624  
0.17444  0.554381  
0.172423  0.555915  
0.169658  0.557228  
0.1471  0.557703  
0.0917783  0.515377  
0.0917783  0.515377  
0.1471  0.557703  
0.12152  0.590549  
0.0951926  0.589117  
0.0712104  0.566626  
0.0285408  0.617896  
0.0477613  0.617107  
0.10655  0.631582  
0.116826  0.682128  
0.108052  0.681012  
0.0406954  0.660432  
0.10655  0.631582  
0.118477  0.610714  
0.165668  0.638226  
0.148919  0.68298  
0.131241  0.694868  
0.116826  0.682128  
0.032872  0.719106  
0.0329021  0.718927  
0.108052  0.681012  
0.116826  0.682128  
0.131241  0.694868  
0.129334  0.745886  
0.127394  0.748465  
0.0738854  0.756593  
0.069402  0.756388  
0.0351454  0.789769  
0.069402  0.756388  
0.0738854  0.756593  
0.0793977  0.855871  
0.0585244  0.863522  
0.0270109  0.833044  
0.123482  0.848294  
0.134859  0.837775  
0.171831  0.851667  
0.223606  0.9274  
0.223156  0.92785  
0.138185  0.914601  
0.0883964  0.953581  
0.0906967  0.949773  
0.115254  0.942149  
0.17881  0.995077  
0.177932  1  
0.105348  1  
0.062634  0.965267  
0.0883964  0.953581  
0.105348  1  
0.062634  1  
0.121058  0  
0.146738  0  
0.146738  0.034563  
0.121058  0.0361255  
0.0950684  0.0520027  
0.121058  0.0361255  
0.146738  0.034563  
0.178265  0.0385471  
0.180583  0.0405043  
0.191955  0.0891012  
0.115029  0.0955732  
0.0961101  0.146113  
0.0930654  0.13721  
0.109387  0.122247  
0.139792  0.137561  
0.15416  0.199048  
0.152565  0.199197  
0.236193  0.204548  
0.265973  0.207738  
0.216723  0.271708  
0.199745  0.264168  
0.197354  0.257898  
0.265973  0.207738  
0.287132  0.205227  
0.278955  0.311082  
0.278172  0.312008  
0.25719  0.306652  
0.216723  0.271708  
0.16951  0.227865  
0.197354  0.257898  
0.199745  0.264168  
0.175109  0.28917  
0.1333  0.29348  
0.134685  0.271237  
0.176384  0.351117  
0.18378  0.348628  
0.204922  0.368266  
0.200367  0.443267  
0.182585  0.446092  
0.204922  0.368266  
0.23408  0.36947  
0.218834  0.445231  
0.200367  0.443267  
0.177945  0.447624  
0.182585  0.446092  
0.200367  0.443267  
0.218834  0.445231  
0.224578  0.446996  
0.255296  0.460435  
0.255849  0.46215  
0.208496  0.550045  
0.17444  0.554381  
0.12152  0.590549  
0.1471  0.557703  
0.169658  0.557228  
0.17324  0.614078  
0.172435  0.630777  
0.165668  0.638226  
0.118477  0.610714  
0.17324  0.614078  
0.217215  0.615716  
0.247405  0.645476  
0.246115  0.647815  
0.172435  0.630777  
0.212143  0.683252  
0.245575  0.650962  
0.285809  0.717074  
0.243641  0.754005  
0.219476  0.743522  
0.127394  0.748465  
0.129334  0.745886  
0.18504  0.751665  
0.197715  0.801117  
0.137136  0.822154  
0.137136  0.822154  
0.197715  0.801117  
0.212356  0.807674  
0.189049  0.844008  
0.171831  0.851667  
0.134859  0.837775  
0.171831  0.851667  
0.189049  0.844008  
0.266073  0.848376  
0.268282  0.908843  
0.223606  0.9274  
0.115254  0.942149  
0.138185  0.914601  
0.223156  0.92785  
0.220177  0.935969  
0.17881  0.995077  
0.220177  0.935969  
0.250147  1  
0.177932  1  
0.17881  0.995077  
0.178265  0  
0.256841  0  
0.256841  0.00640951  
0.180583  0.0405043  
0.178265  0.0385471  
0.180583  0.0405043  
0.256841  0.00640951  
0.267198  0.0237059  
0.274772  0.0648612  
0.269369  0.0703974  
0.20453  0.103962  
0.191955  0.0891012  
0.269369  0.0703974  
0.274772  0.0648612  
0.30678  0.0750232  
0.323751  0.156163  
0.319593  0.159969  
0.27534  0.115476  
0.193035  0.178732  
0.207328  0.125676  
0.246926  0.143253  
0.298655  0.18995  
0.297785  0.194808  
0.287132  0.205227  
0.265973  0.207738  
0.236193  0.204548  
0.160209  0.200528  
0.193035  0.178732  
0.236193  0.204548  
0.197354  0.257898  
0.16951  0.227865  
0.175109  0.28917  
0.199745  0.264168  
0.216723  0.271708  
0.25719  0.306652  
0.191844  0.335488  
0.191844  0.335488  
0.25719  0.306652  
0.278172  0.312008  
0.282348  0.341779  
0.263665  0.35488  
0.23408  0.36947  
0.204922  0.368266  
0.18378  0.348628  
0.23408  0.36947  
0.263665  0.35488  
0.224578  0.446996  
0.218834  0.445231  
0.255849  0.46215  
0.298145  0.511988  
0.29812  0.512489  
0.286882  0.55931  
0.277832  0.579264  
0.208496  0.550045  
0.172423  0.555915  
0.17444  0.554381  
0.208496  0.550045  
0.277832  0.579264  
0.28518  0.606403  
0.247405  0.645476  
0.217215  0.615716  
0.169658  0.557228  
0.172423  0.555915  
0.217215  0.615716  
0.17324  0.614078  
0.165668  0.638226  
0.172435  0.630777  
0.246115  0.647815  
0.245575  0.650962  
0.212143  0.683252  
0.148919  0.68298  
0.131241  0.694868  
0.148919  0.68298  
0.212143  0.683252  
0.219476  0.743522  
0.18504  0.751665  
0.129334  0.745886  
0.18504  0.751665  
0.219476  0.743522  
0.243641  0.754005  
0.256439  0.803999  
0.212356  0.807674  
0.197715  0.801117  
0.212356  0.807674  
0.256439  0.803999  
0.271605  0.821709  
0.266073  0.848376  
0.189049  0.844008  
0.220177  0.935969  
0.223156  0.92785  
0.223606  0.9274  
0.268282  0.908843  
0.283412  0.915956  
0.299576  0.943174  
0.280036  1  
0.250147  1  
0.299576  0.943174  
0.332138  0.967596  
0.332138  1  
0.280036  1  
0.256841  0.00640951  
0.256841  0  
0.344661  0  
0.344661  0.00849422  
0.336058  0.0137035  
0.267198  0.0237059  
0.267198  0.0237059  
0.336058  0.0137035  
0.311351  0.0735764  
0.30678  0.0750232  
0.274772  0.0648612  
0.20453  0.103962  
0.269369  0.0703974  
0.27534  0.115476  
0.246926  0.143253  
0.207328  0.125676  
0.204404  0.116569  
0.246926  0.143253  
0.27534  0.115476  
0.319593  0.159969  
0.298655  0.18995  
0.334821  0.219989  
0.410269  0.213826  
0.420662  0.260227  
0.41128  0.273348  
0.388562  0.276696  
0.346109  0.25583  
0.361792  0.326061  
0.419806  0.347355  
0.402043  0.380179  
0.359737  0.401521  
0.331385  0.393635  
0.263665  0.35488  
0.282348  0.341779  
0.318007  0.392901  
0.301844  0.416268  
0.255296  0.460435  
0.224578  0.446996  
0.301844  0.416268  
0.318007  0.392901  
0.331385  0.393635  
0.359737  0.401521  
0.384376  0.470739  
0.384177  0.471265  
0.353923  0.491001  
0.346628  0.491784  
0.255849  0.46215  
0.255296  0.460435  
0.301844  0.416268  
0.346628  0.491784  
0.298145  0.511988  
0.29812  0.512489  
0.298145  0.511988  
0.346628  0.491784  
0.353923  0.491001  
0.370154  0.553721  
0.366206  0.552834  
0.245575  0.650962  
0.246115  0.647815  
0.247405  0.645476  
0.28518  0.606403  
0.325994  0.621819  
0.329079  0.626876  
0.325132  0.691523  
0.306119  0.718498  
0.285809  0.717074  
0.329079  0.626876  
0.410739  0.668002  
0.399924  0.697015  
0.325132  0.691523  
0.243641  0.754005  
0.285809  0.717074  
0.306119  0.718498  
0.335539  0.754074  
0.320075  0.804266  
0.271605  0.821709  
0.256439  0.803999  
0.349207  0.823174  
0.397495  0.826823  
0.414505  0.870619  
0.336271  0.893757  
0.266073  0.848376  
0.271605  0.821709  
0.320075  0.804266  
0.349207  0.823174  
0.336271  0.893757  
0.335943  0.894083  
0.283412  0.915956  
0.268282  0.908843  
0.283412  0.915956  
0.335943  0.894083  
0.382577  0.933157  
0.373851  0.961063  
0.366008  0.964579  
0.332138  0.967596  
0.299576  0.943174  
0.332138  0.967596  
0.366008  0.964579  
0.373177  1  
0.332138  1  
0.344661  0.00849422  
0.344661  0  
0.385481  0  
0.385481  0.044566  
0.381599  0.045272  
0.336058  0.0137035  
0.344661  0.00849422  
0.381599  0.045272  
0.360148  0.0727612  
0.311351  0.0735764  
0.30678  0.0750232  
0.311351  0.0735764  
0.360148  0.0727612  
0.37768  0.140512  
0.323751  0.156163  
0.319593  0.159969  
0.323751  0.156163  
0.37768  0.140512  
0.405267  0.148838  
0.413317  0.202934  
0.410269  0.213826  
0.334821  0.219989  
0.297785  0.194808  
0.298655  0.18995  
0.287132  0.205227  
0.297785  0.194808  
0.334821  0.219989  
0.346109  0.25583  
0.301959  0.304069  
0.278955  0.311082  
0.346109  0.25583  
0.388562  0.276696  
0.352816  0.307807  
0.301959  0.304069  
0.278172  0.312008  
0.278955  0.311082  
0.301959  0.304069  
0.352816  0.307807  
0.361792  0.326061  
0.331385  0.393635  
0.318007  0.392901  
0.282348  0.341779  
0.384177  0.471265  
0.384376  0.470739  
0.411637  0.462205  
0.482701  0.480016  
0.488823  0.50924  
0.465042  0.527978  
0.401794  0.499949  
0.401794  0.499949  
0.465042  0.527978  
0.441133  0.572275  
0.419261  0.579861  
0.387432  0.569635  
0.29812  0.512489  
0.366206  0.552834  
0.286882  0.55931  
0.286882  0.55931  
0.366206  0.552834  
0.370154  0.553721  
0.386632  0.569666  
0.325994  0.621819  
0.28518  0.606403  
0.277832  0.579264  
0.306119  0.718498  
0.325132  0.691523  
0.399924  0.697015  
0.400121  0.708926  
0.350764  0.751083  
0.335539  0.754074  
0.350764  0.751083  
0.400121  0.708926  
0.429693  0.746455  
0.423139  0.783967  
0.418589  0.79205  
0.413786  0.79579  
0.335539  0.754074  
0.350764  0.751083  
0.413786  0.79579  
0.397495  0.826823  
0.349207  0.823174  
0.320075  0.804266  
0.335943  0.894083  
0.336271  0.893757  
0.414505  0.870619  
0.423778  0.879212  
0.42417  0.900553  
0.382577  0.933157  
0.382577  0.933157  
0.42417  0.900553  
0.453837  0.947732  
0.436607  0.970814  
0.408209  0.973419  
0.399987  0.973144  
0.373851  0.961063  
0.399987  0.973144  
0.408209  0.973419  
0.408209  1  
0.393992  1  
0.385481  0  
0.408837  0  
0.386924  0.0445176  
0.385481  0.044566  
0.408837  0  
0.460461  0  
0.422211  0.0557915  
0.386924  0.0445176  
0.360148  0.0727612  
0.381599  0.045272  
0.385481  0.044566  
0.386924  0.0445176  
0.422211  0.0557915  
0.449105  0.0962286  
0.416035  0.141324  
0.405267  0.148838  
0.37768  0.140512  
0.405267  0.148838  
0.416035  0.141324  
0.516502  0.184118  
0.490181  0.19798  
0.413317  0.202934  
0.410269  0.213826  
0.413317  0.202934  
0.490181  0.19798  
0.455724  0.262501  
0.420662  0.260227  
0.352816  0.307807  
0.388562  0.276696  
0.41128  0.273348  
0.422174  0.344989  
0.419806  0.347355  
0.361792  0.326061  
0.359737  0.401521  
0.402043  0.380179  
0.438318  0.416306  
0.411637  0.462205  
0.384376  0.470739  
0.489958  0.385316  
0.516384  0.395164  
0.527035  0.408067  
0.533646  0.420831  
0.483483  0.476639  
0.456043  0.4193  
0.353923  0.491001  
0.384177  0.471265  
0.401794  0.499949  
0.387432  0.569635  
0.386632  0.569666  
0.370154  0.553721  
0.456591  0.585704  
0.521252  0.606443  
0.521814  0.609337  
0.470522  0.667308  
0.470167  0.667188  
0.386632  0.569666  
0.387432  0.569635  
0.419261  0.579861  
0.411559  0.667431  
0.410739  0.668002  
0.329079  0.626876  
0.325994  0.621819  
0.410739  0.668002  
0.411559  0.667431  
0.470167  0.667188  
0.470522  0.667308  
0.494269  0.696801  
0.503018  0.7256  
0.429693  0.746455  
0.400121  0.708926  
0.399924  0.697015  
0.429693  0.746455  
0.503018  0.7256  
0.505441  0.727747  
0.487904  0.781965  
0.423139  0.783967  
0.418589  0.79205  
0.423139  0.783967  
0.487904  0.781965  
0.498936  0.826436  
0.496993  0.835808  
0.397495  0.826823  
0.413786  0.79579  
0.418589  0.79205  
0.496993  0.835808  
0.499846  0.853221  
0.423778  0.879212  
0.414505  0.870619  
0.366008  0.964579  
0.373851  0.961063  
0.399987  0.973144  
0.393992  1  
0.373177  1  
0.408209  0.973419  
0.436607  0.970814  
0.44038  1  
0.408209  1  
0.539378  0  
0.577708  0  
0.559529  0.056081  
0.559199  0.0560705  
0.539378  0.0518029  
0.460461  0  
0.477304  0  
0.516323  0.0539766  
0.481415  0.0931686  
0.449105  0.0962286  
0.422211  0.0557915  
0.559199  0.0560705  
0.559529  0.056081  
0.603884  0.0754826  
0.607683  0.089435  
0.591397  0.115594  
0.529624  0.169255  
0.526142  0.161035  
0.416035  0.141324  
0.449105  0.0962286  
0.481415  0.0931686  
0.526142  0.161035  
0.529624  0.169255  
0.528592  0.182096  
0.516502  0.184118  
0.490181  0.19798  
0.516502  0.184118  
0.528592  0.182096  
0.556672  0.217937  
0.512484  0.288601  
0.455724  0.262501  
0.41128  0.273348  
0.420662  0.260227  
0.455724  0.262501  
0.512484  0.288601  
0.513381  0.294667  
0.468529  0.34762  
0.422174  0.344989  
0.419806  0.347355  
0.422174  0.344989  
0.468529  0.34762  
0.489958  0.385316  
0.456043  0.4193  
0.438318  0.416306  
0.402043  0.380179  
0.438318  0.416306  
0.456043  0.4193  
0.483483  0.476639  
0.482701  0.480016  
0.411637  0.462205  
0.483483  0.476639  
0.533646  0.420831  
0.56959  0.433272  
0.558811  0.492434  
0.534085  0.527391  
0.488823  0.50924  
0.482701  0.480016  
0.465042  0.527978  
0.488823  0.50924  
0.534085  0.527391  
0.542512  0.540021  
0.53884  0.56599  
0.521252  0.606443  
0.456591  0.585704  
0.441133  0.572275  
0.419261  0.579861  
0.441133  0.572275  
0.456591  0.585704  
0.470167  0.667188  
0.411559  0.667431  
0.521814  0.609337  
0.55785  0.643486  
0.494269  0.696801  
0.470522  0.667308  
0.544576  0.776889  
0.587551  0.801888  
0.510924  0.815343  
0.496993  0.835808  
0.498936  0.826436  
0.510924  0.815343  
0.587551  0.801888  
0.61339  0.814623  
0.61274  0.817674  
0.598208  0.848868  
0.539792  0.875378  
0.531643  0.877003  
0.499846  0.853221  
0.42417  0.900553  
0.423778  0.879212  
0.499846  0.853221  
0.531643  0.877003  
0.511603  0.944728  
0.498685  0.950313  
0.453837  0.947732  
0.436607  0.970814  
0.453837  0.947732  
0.498685  0.950313  
0.490805  1  
0.44038  1  
0.498685  0.950313  
0.511603  0.944728  
0.525925  0.955464  
0.525925  1  
0.490805  1  
0.477304  0  
0.539378  0  
0.539378  0.0518029  
0.516323  0.0539766  
0.516323  0.0539766  
0.539378  0.0518029  
0.559199  0.0560705  
0.526142  0.161035  
0.481415  0.0931686  
0.591397  0.115594  
0.607683  0.089435  
0.629931  0.107225  
0.648222  0.178106  
0.646062  0.179668  
0.610899  0.190511  
0.528592  0.182096  
0.529624  0.169255  
0.591397  0.115594  
0.610899  0.190511  
0.567104  0.219353  
0.556672  0.217937  
0.556672  0.217937  
0.567104  0.219353  
0.61645  0.268812  
0.621641  0.308174  
0.579967  0.334066  
0.549097  0.326427  
0.513381  0.294667  
0.512484  0.288601  
0.549097  0.326427  
0.579967  0.334066  
0.582577  0.352972  
0.527035  0.408067  
0.516384  0.395164  
0.468529  0.34762  
0.513381  0.294667  
0.549097  0.326427  
0.516384  0.395164  
0.489958  0.385316  
0.582577  0.352972  
0.604268  0.405551  
0.598667  0.425237  
0.56959  0.433272  
0.533646  0.420831  
0.527035  0.408067  
0.558811  0.492434  
0.618735  0.492447  
0.626123  0.537891  
0.608567  0.547715  
0.542512  0.540021  
0.534085  0.527391  
0.521814  0.609337  
0.521252  0.606443  
0.53884  0.56599  
0.605514  0.61755  
0.565417  0.645229  
0.564098  0.645493  
0.55785  0.643486  
0.565417  0.645229  
0.605514  0.61755  
0.605946  0.61741  
0.668261  0.640591  
0.668743  0.641691  
0.612893  0.685442  
0.605984  0.683381  
0.494269  0.696801  
0.55785  0.643486  
0.564098  0.645493  
0.559691  0.70972  
0.555594  0.719844  
0.522565  0.73192  
0.505441  0.727747  
0.503018  0.7256  
0.605984  0.683381  
0.612893  0.685442  
0.619329  0.747586  
0.555594  0.719844  
0.559691  0.70972  
0.505441  0.727747  
0.522565  0.73192  
0.544576  0.776889  
0.510924  0.815343  
0.498936  0.826436  
0.487904  0.781965  
0.531643  0.877003  
0.539792  0.875378  
0.593876  0.945808  
0.569289  0.973404  
0.525925  0.955464  
0.511603  0.944728  
0.539792  0.875378  
0.598208  0.848868  
0.621258  0.886173  
0.603472  0.941984  
0.593876  0.945808  
0.525925  0.955464  
0.569289  0.973404  
0.572987  0.983266  
0.572987  1  
0.525925  1  
0.634025  0  
0.693843  0  
0.693843  0.0425446  
0.6401  0.0373313  
0.577708  0  
0.634025  0  
0.6401  0.0373313  
0.603884  0.0754826  
0.559529  0.056081  
0.629931  0.107225  
0.671068  0.108003  
0.673818  0.162376  
0.653249  0.178183  
0.648222  0.178106  
0.671068  0.108003  
0.707754  0.0996943  
0.723723  0.116986  
0.72854  0.138021  
0.673818  0.162376  
0.567104  0.219353  
0.610899  0.190511  
0.646062  0.179668  
0.652087  0.248382  
0.61645  0.268812  
0.61645  0.268812  
0.652087  0.248382  
0.685399  0.248347  
0.718151  0.294448  
0.713211  0.311673  
0.671629  0.334897  
0.621641  0.308174  
0.579967  0.334066  
0.621641  0.308174  
0.671629  0.334897  
0.668928  0.361829  
0.604268  0.405551  
0.582577  0.352972  
0.6209  0.444517  
0.700424  0.4211  
0.717361  0.431723  
0.686926  0.488334  
0.62664  0.466809  
0.56959  0.433272  
0.598667  0.425237  
0.6209  0.444517  
0.62664  0.466809  
0.618735  0.492447  
0.558811  0.492434  
0.53884  0.56599  
0.542512  0.540021  
0.608567  0.547715  
0.605946  0.61741  
0.605514  0.61755  
0.608567  0.547715  
0.626123  0.537891  
0.650316  0.542617  
0.674894  0.575728  
0.679885  0.593526  
0.668261  0.640591  
0.605946  0.61741  
0.564098  0.645493  
0.565417  0.645229  
0.605984  0.683381  
0.559691  0.70972  
0.621269  0.749756  
0.68636  0.706746  
0.707706  0.737729  
0.708721  0.797531  
0.622467  0.802645  
0.522565  0.73192  
0.555594  0.719844  
0.619329  0.747586  
0.621269  0.749756  
0.622467  0.802645  
0.61339  0.814623  
0.587551  0.801888  
0.544576  0.776889  
0.598208  0.848868  
0.61274  0.817674  
0.708227  0.8807  
0.699355  0.900156  
0.679469  0.915311  
0.621258  0.886173  
0.593876  0.945808  
0.603472  0.941984  
0.64678  0.962913  
0.628997  0.987767  
0.572987  0.983266  
0.569289  0.973404  
0.572987  0.983266  
0.628997  0.987767  
0.628997  1  
0.572987  1  
0.693843  0  
0.732592  0  
0.732592  0.0353403  
0.703268  0.0479457  
0.693843  0.0425446  
0.603884  0.0754826  
0.6401  0.0373313  
0.693843  0.0425446  
0.703268  0.0479457  
0.707754  0.0996943  
0.671068  0.108003  
0.629931  0.107225  
0.607683  0.089435  
0.703268  0.0479457  
0.732592  0.0353403  
0.739264  0.0360066  
0.78505  0.0658001  
0.782611  0.0770294  
0.723723  0.116986  
0.707754  0.0996943  
0.673818  0.162376  
0.72854  0.138021  
0.743564  0.155363  
0.746191  0.194814  
0.69664  0.210941  
0.653249  0.178183  
0.646062  0.179668  
0.648222  0.178106  
0.653249  0.178183  
0.69664  0.210941  
0.685399  0.248347  
0.652087  0.248382  
0.668928  0.361829  
0.671629  0.334897  
0.713211  0.311673  
0.719537  0.31698  
0.759135  0.359099  
0.765479  0.387929  
0.721673  0.431533  
0.717361  0.431723  
0.700424  0.4211  
0.604268  0.405551  
0.668928  0.361829  
0.700424  0.4211  
0.6209  0.444517  
0.598667  0.425237  
0.618735  0.492447  
0.62664  0.466809  
0.686926  0.488334  
0.688061  0.502105  
0.650316  0.542617  
0.626123  0.537891  
0.717361  0.431723  
0.721673  0.431533  
0.76771  0.478311  
0.775814  0.49616  
0.775556  0.497438  
0.756735  0.531191  
0.73276  0.52822  
0.688061  0.502105  
0.686926  0.488334  
0.73276  0.52822  
0.756735  0.531191  
0.768151  0.57473  
0.679885  0.593526  
0.674894  0.575728  
0.679885  0.593526  
0.768151  0.57473  
0.768319  0.574932  
0.715744  0.662129  
0.692415  0.664832  
0.668743  0.641691  
0.668261  0.640591  
0.612893  0.685442  
0.668743  0.641691  
0.692415  0.664832  
0.68636  0.706746  
0.621269  0.749756  
0.619329  0.747586  
0.692415  0.664832  
0.715744  0.662129  
0.757837  0.673458  
0.772854  0.71808  
0.758073  0.731965  
0.707706  0.737729  
0.68636  0.706746  
0.61274  0.817674  
0.61339  0.814623  
0.622467  0.802645  
0.708721  0.797531  
0.730405  0.813024  
0.734153  0.850565  
0.72609  0.86217  
0.708227  0.8807  
0.621258  0.886173  
0.679469  0.915311  
0.672002  0.956729  
0.64678  0.962913  
0.603472  0.941984  
0.679469  0.915311  
0.699355  0.900156  
0.766714  0.952113  
0.748807  0.966366  
0.691786  0.981705  
0.672002  0.956729  
0.64678  0.962913  
0.672002  0.956729  
0.691786  0.981705  
0.691786  1  
0.628997  1  
0.628997  0.987767  
0.732592  0  
0.7624  0  
0.7624  0.0144658  
0.739264  0.0360066  
0.732592  0.0353403  
0.78848  0.0886973  
0.832011  0.127798  
0.828351  0.139379  
0.80855  0.144948  
0.775616  0.144202  
0.723723  0.116986  
0.782611  0.0770294  
0.78848  0.0886973  
0.775616  0.144202  
0.743564  0.155363  
0.72854  0.138021  
0.757993  0.207918  
0.799553  0.176024  
0.855594  0.216289  
0.852634  0.224958  
0.775392  0.236048  
0.69664  0.210941  
0.746191  0.194814  
0.757993  0.207918  
0.775392  0.236048  
0.768182  0.25377  
0.718151  0.294448  
0.685399  0.248347  
0.719537  0.31698  
0.807774  0.310667  
0.814038  0.316756  
0.759135  0.359099  
0.765479  0.387929  
0.777307  0.390916  
0.80144  0.409471  
0.79066  0.447904  
0.76771  0.478311  
0.721673  0.431533  
0.80144  0.409471  
0.845747  0.420702  
0.847415  0.429889  
0.837413  0.447223  
0.79066  0.447904  
0.79066  0.447904  
0.837413  0.447223  
0.82632  0.478899  
0.775814  0.49616  
0.76771  0.478311  
0.688061  0.502105  
0.73276  0.52822  
0.674894  0.575728  
0.650316  0.542617  
0.768319  0.574932  
0.787549  0.585217  
0.76771  0.667452  
0.757837  0.673458  
0.715744  0.662129  
0.757837  0.673458  
0.76771  0.667452  
0.829781  0.660904  
0.837714  0.676362  
0.823876  0.720822  
0.808881  0.731354  
0.772854  0.71808  
0.707706  0.737729  
0.758073  0.731965  
0.759725  0.790931  
0.756946  0.797631  
0.730405  0.813024  
0.708721  0.797531  
0.758073  0.731965  
0.772854  0.71808  
0.808881  0.731354  
0.808828  0.745991  
0.759725  0.790931  
0.730405  0.813024  
0.756946  0.797631  
0.821849  0.811475  
0.783876  0.86943  
0.734153  0.850565  
0.699355  0.900156  
0.708227  0.8807  
0.72609  0.86217  
0.784689  0.948982  
0.766714  0.952113  
0.691786  0.981705  
0.748807  0.966366  
0.748807  1  
0.691786  1  
0.7624  0  
0.79423  0  
0.79423  0.010194  
0.7624  0.0144658  
0.7624  0.0144658  
0.79423  0.010194  
0.816722  0.0449273  
0.78505  0.0658001  
0.739264  0.0360066  
0.743564  0.155363  
0.775616  0.144202  
0.80855  0.144948  
0.799553  0.176024  
0.757993  0.207918  
0.746191  0.194814  
0.80855  0.144948  
0.828351  0.139379  
0.862376  0.201109  
0.855594  0.216289  
0.799553  0.176024  
0.718151  0.294448  
0.768182  0.25377  
0.807774  0.310667  
0.719537  0.31698  
0.713211  0.311673  
0.814038  0.316756  
0.823208  0.318478  
0.811107  0.36853  
0.777307  0.390916  
0.765479  0.387929  
0.759135  0.359099  
0.823208  0.318478  
0.826274  0.318082  
0.846799  0.364219  
0.844555  0.376925  
0.811107  0.36853  
0.837413  0.447223  
0.847415  0.429889  
0.910963  0.475336  
0.87878  0.512303  
0.867554  0.512654  
0.82632  0.478899  
0.756735  0.531191  
0.775556  0.497438  
0.836944  0.537708  
0.826917  0.570292  
0.796578  0.586657  
0.787549  0.585217  
0.768319  0.574932  
0.768151  0.57473  
0.836944  0.537708  
0.867554  0.512654  
0.87878  0.512303  
0.915894  0.597461  
0.909735  0.598269  
0.826917  0.570292  
0.787549  0.585217  
0.796578  0.586657  
0.833377  0.643843  
0.829781  0.660904  
0.76771  0.667452  
0.837714  0.676362  
0.862004  0.681658  
0.911528  0.736964  
0.911798  0.737462  
0.889192  0.750004  
0.823876  0.720822  
0.759725  0.790931  
0.808828  0.745991  
0.83476  0.794001  
0.825417  0.810527  
0.821849  0.811475  
0.756946  0.797631  
0.825417  0.810527  
0.83476  0.794001  
0.871119  0.77945  
0.892184  0.814638  
0.880355  0.85426  
0.856357  0.855247  
0.821849  0.811475  
0.825417  0.810527  
0.856357  0.855247  
0.816436  0.908674  
0.783876  0.86943  
0.72609  0.86217  
0.734153  0.850565  
0.783876  0.86943  
0.816436  0.908674  
0.819074  0.948087  
0.784689  0.948982  
0.748807  0.966366  
0.766714  0.952113  
0.784689  0.948982  
0.819074  0.948087  
0.832208  0.961066  
0.832208  1  
0.748807  1  
0.79423  0.010194  
0.79423  0  
0.854052  0  
0.852697  0.0439104  
0.816722  0.0449273  
0.854052  0  
0.910762  0  
0.911311  0.00867929  
0.875354  0.0630426  
0.852697  0.0439104  
0.78505  0.0658001  
0.816722  0.0449273  
0.852697  0.0439104  
0.875354  0.0630426  
0.884128  0.0771543  
0.832011  0.127798  
0.78848  0.0886973  
0.782611  0.0770294  
0.832011  0.127798  
0.884128  0.0771543  
0.909974  0.0891309  
0.912523  0.172082  
0.862376  0.201109  
0.828351  0.139379  
0.768182  0.25377  
0.775392  0.236048  
0.852634  0.224958  
0.855867  0.231081  
0.853281  0.301757  
0.826274  0.318082  
0.823208  0.318478  
0.814038  0.316756  
0.807774  0.310667  
0.826274  0.318082  
0.853281  0.301757  
0.912399  0.333144  
0.846799  0.364219  
0.912399  0.333144  
0.933224  0.339155  
0.933894  0.340626  
0.849784  0.392364  
0.844555  0.376925  
0.846799  0.364219  
0.777307  0.390916  
0.811107  0.36853  
0.844555  0.376925  
0.849784  0.392364  
0.847765  0.417432  
0.845747  0.420702  
0.80144  0.409471  
0.775556  0.497438  
0.775814  0.49616  
0.82632  0.478899  
0.867554  0.512654  
0.836944  0.537708  
0.796578  0.586657  
0.826917  0.570292  
0.909735  0.598269  
0.833377  0.643843  
0.902138  0.657098  
0.920361  0.627291  
0.928505  0.739155  
0.911798  0.737462  
0.911528  0.736964  
0.909735  0.598269  
0.915894  0.597461  
0.925939  0.601277  
0.928947  0.608751  
0.920361  0.627291  
0.902138  0.657098  
0.862004  0.681658  
0.837714  0.676362  
0.829781  0.660904  
0.833377  0.643843  
0.808828  0.745991  
0.808881  0.731354  
0.823876  0.720822  
0.889192  0.750004  
0.871119  0.77945  
0.83476  0.794001  
0.889192  0.750004  
0.911798  0.737462  
0.928505  0.739155  
0.939057  0.741353  
0.940486  0.743445  
0.953787  0.776534  
0.953016  0.806784  
0.892184  0.814638  
0.871119  0.77945  
0.856357  0.855247  
0.880355  0.85426  
0.900191  0.867607  
0.893454  0.943694  
0.832208  0.961066  
0.819074  0.948087  
0.816436  0.908674  
0.900191  0.867607  
0.926861  0.861943  
0.967687  0.916492  
0.952153  0.938128  
0.920779  0.950129  
0.893454  0.943694  
0.832208  0.961066  
0.893454  0.943694  
0.920779  0.950129  
0.925942  0.973303  
0.925942  1  
0.832208  1  
0.910762  0  
0.964727  0  
0.964727  0.0195861  
0.911311  0.00867929  
0.911311  0.00867929  
0.964727  0.0195861  
0.966857  0.0263421  
0.946255  0.0800798  
0.909974  0.0891309  
0.884128  0.0771543  
0.875354  0.0630426  
0.909974  0.0891309  
0.946255  0.0800798  
0.998905  0.108082  
0.962137  0.180638  
0.951513  0.189164  
0.912523  0.172082  
0.855594  0.216289  
0.862376  0.201109  
0.912523  0.172082  
0.951513  0.189164  
0.957148  0.207036  
0.962207  0.261248  
0.950945  0.272111  
0.855867  0.231081  
0.852634  0.224958  
0.950945  0.272111  
0.962207  0.261248  
1  0.262175  
1  0.309508  
0.936079  0.343843  
0.933894  0.340626  
0.933224  0.339155  
0.855867  0.231081  
0.950945  0.272111  
0.933224  0.339155  
0.912399  0.333144  
0.853281  0.301757  
0.933894  0.340626  
0.936079  0.343843  
0.942579  0.354137  
0.940009  0.392157  
0.847765  0.417432  
0.849784  0.392364  
0.847415  0.429889  
0.845747  0.420702  
0.847765  0.417432  
0.940009  0.392157  
0.942221  0.400153  
0.952017  0.448671  
0.935833  0.467666  
0.910963  0.475336  
0.935833  0.467666  
0.952017  0.448671  
1  0.45631  
1  0.494534  
0.967018  0.557728  
0.87878  0.512303  
0.910963  0.475336  
0.935833  0.467666  
0.967018  0.557728  
0.96716  0.558583  
0.925939  0.601277  
0.915894  0.597461  
0.920361  0.627291  
0.928947  0.608751  
0.940228  0.618937  
0.964623  0.656618  
0.939761  0.740377  
0.939057  0.741353  
0.928505  0.739155  
0.862004  0.681658  
0.902138  0.657098  
0.911528  0.736964  
0.964623  0.656618  
1  0.668092  
1  0.707273  
0.939761  0.740377  
0.926861  0.861943  
0.95586  0.825737  
1  0.872832  
1  0.900585  
0.967687  0.916492  
0.892184  0.814638  
0.953016  0.806784  
0.95617  0.814928  
0.95586  0.825737  
0.926861  0.861943  
0.900191  0.867607  
0.880355  0.85426  
0.920779  0.950129  
0.952153  0.938128  
0.985901  0.975141  
0.977784  1  
0.964935  1  
0.925942  0.973303  
0.925942  0.973303  
0.964935  1  
0.925942  1  
0.964727  0  
1  0  
1  0.0263421  
0.966857  0.0263421  
0.964727  0.0195861  
0.966857  0.0263421  
1  0.0263421  
1  0.108082  
0.998905  0.108082  
0.946255  0.0800798  
0.998905  0.108082  
1  0.108082  
1  0.180638  
0.962137  0.180638  
0.957148  0.207036  
1  0.207036  
1  0.262175  
0.962207  0.261248  
0.951513  0.189164  
0.962137  0.180638  
1  0.180638  
1  0.207036  
0.957148  0.207036  
1  0.309508  
1  0.354137  
0.942579  0.354137  
0.936079  0.343843  
0.942221  0.400153  
1  0.400153  
1  0.45631  
0.952017  0.448671  
0.942579  0.354137  
1  0.354137  
1  0.400153  
0.942221  0.400153  
0.940009  0.392157  
1  0.494534  
1  0.558583  
0.96716  0.558583  
0.967018  0.557728  
0.96716  0.558583  
1  0.558583  
1  0.618937  
0.940228  0.618937  
0.928947  0.608751  
0.925939  0.601277  
0.940228  0.618937  
1  0.618937  
1  0.668092  
0.964623  0.656618  
1  0.707273  
1  0.743445  
0.940486  0.743445  
0.939057  0.741353  
0.939761  0.740377  
0.953787  0.776534  
1  0.776534  
1  0.814928  
0.95617  0.814928  
0.953016  0.806784  
0.940486  0.743445  
1  0.743445  
1  0.776534  
0.953787  0.776534  
0.95586  0.825737  
0.95617  0.814928  
1  0.814928  
1  0.872832  
0.952153  0.938128  
0.967687  0.916492  
1  0.900585  
1  0.975141  
0.985901  0.975141  
0.985901  0.975141  
1  0.975141  
1  1  
0.977784  1  
# grid vertices 
661
0.297785 0.194808 
0.386924 0.0445176 
0.191955 0.0891012 
0.352816 0.307807 
0.286882 0.55931 
0.115254 0.942149 
0.549097 0.326427 
0.582577 0.352972 
0.298655 0.18995 
0.223606 0.9274 
0.522565 0.73192 
0.0351454 0.789769 
0.564098 0.645493 
0.335539 0.754074 
0.278172 0.312008 
0.212356 0.807674 
0.688061 0.502105 
0.808881 0.731354 
0.787549 0.585217 
0.423139 0.783967 
0.96716 0.558583 
0.0883964 0.953581 
0.775616 0.144202 
0.76771 0.478311 
0.629931 0.107225 
0.933894 0.340626 
0.845747 0.420702 
0.909735 0.598269 
0.0895769 0.219469 
0.139792 0.137561 
0.274772 0.0648612 
0.269369 0.0703974 
0.0950684 0.0520027 
0.267198 0.0237059 
0.20453 0.103962 
0.529624 0.169255 
0.323751 0.156163 
0.512484 0.288601 
0.528592 0.182096 
0.0674175 0.488108 
0.482701 0.480016 
0.278955 0.311082 
0.319593 0.159969 
0.386632 0.569666 
0.438318 0.416306 
0.0930654 0.13721 
0.182585 0.446092 
0.0285408 0.617896 
0.0477613 0.617107 
0.152565 0.199197 
0.193035 0.178732 
0.0329021 0.718927 
0.0319312 0.682194 
0.219476 0.743522 
0.069402 0.756388 
0.0585244 0.863522 
0.268282 0.908843 
-0.0104174 0.929141 
0.116826 0.682128 
0.370154 0.553721 
0.131241 0.694868 
0.579967 0.334066 
0.336271 0.893757 
0.531643 0.877003 
0.306119 0.718498 
0.494269 0.696801 
0.499846 0.853221 
0.220177 0.935969 
0.18504 0.751665 
0.325994 0.621819 
0.400121 0.708926 
0.28518 0.606403 
0.397495 0.826823 
0.266073 0.848376 
0.429693 0.746455 
0.410739 0.668002 
0.521814 0.609337 
0.411559 0.667431 
0.55785 0.643486 
0.503018 0.7256 
0.76771 0.667452 
0.496993 0.835808 
0.622467 0.802645 
0.621269 0.749756 
0.598208 0.848868 
0.366008 0.964579 
0.668261 0.640591 
0.61274 0.817674 
0.766714 0.952113 
0.708227 0.8807 
0.61339 0.814623 
0.784689 0.948982 
0.911798 0.737462 
0.062634 0.965267 
0.679885 0.593526 
0.759725 0.790931 
0.708721 0.797531 
0.928505 0.739155 
0.902138 0.657098 
0.880355 0.85426 
0.953787 0.776534 
0.719537 0.31698 
0.668743 0.641691 
0.862004 0.681658 
0.807774 0.310667 
0.940009 0.392157 
0.419806 0.347355 
0.556672 0.217937 
0.605946 0.61741 
0.53884 0.56599 
0.608567 0.547715 
0.542512 0.540021 
0.823208 0.318478 
0.598667 0.425237 
0.567104 0.219353 
0.621641 0.308174 
0.78505 0.0658001 
0.61645 0.268812 
0.713211 0.311673 
0.718151 0.294448 
0.853281 0.301757 
0.832011 0.127798 
0.685399 0.248347 
0.884128 0.0771543 
0.422211 0.0557915 
0.862376 0.201109 
0.964727 0.0195861 
0.121058 0.0361255 
0.0509498 0.025106 
0.0597731 0.0430118 
0.109387 0.122247 
0.0237578 0.0971071 
0.15416 0.199048 
-0.00335667 0.179161 
0.0335608 0.11445 
0.0415811 0.199405 
0.0600598 0.13797 
0.216723 0.271708 
0.0961101 0.146113 
0.236193 0.204548 
0.204404 0.116569 
0.178265 0.0385471 
0.146738 0.034563 
0.115029 0.0955732 
0.180583 0.0405043 
0.256841 0.00640951 
0.336058 0.0137035 
0.344661 0.00849422 
0.311351 0.0735764 
0.385481 0.044566 
0.27534 0.115476 
0.449105 0.0962286 
0.539378 0.0518029 
0.457529 -0.098919 
0.526142 0.161035 
0.46866 -0.0119584 
0.559199 0.0560705 
0.381599 0.045272 
0.416035 0.141324 
0.516502 0.184118 
0.346109 0.25583 
0.490181 0.19798 
0.455724 0.262501 
0.246926 0.143253 
0.207328 0.125676 
0.360148 0.0727612 
0.413317 0.202934 
0.30678 0.0750232 
0.405267 0.148838 
0.334821 0.219989 
0.37768 0.140512 
0.199745 0.264168 
0.160209 0.200528 
0.23408 0.36947 
0.265973 0.207738 
0.301959 0.304069 
0.287132 0.205227 
0.410269 0.213826 
0.420662 0.260227 
0.17444 0.554381 
0.388562 0.276696 
0.513381 0.294667 
0.41128 0.273348 
0.361792 0.326061 
0.224578 0.446996 
0.422174 0.344989 
0.301844 0.416268 
0.483483 0.476639 
0.402043 0.380179 
0.282348 0.341779 
0.0712104 0.566626 
0.191844 0.335488 
0.331385 0.393635 
0.366206 0.552834 
0.263665 0.35488 
0.298145 0.511988 
0.134685 0.271237 
0.218834 0.445231 
0.18378 0.348628 
0.200367 0.443267 
0.176384 0.351117 
0.204922 0.368266 
0.138345 0.353051 
0.0702222 0.226722 
0.16951 0.227865 
0.101712 0.219267 
0.197354 0.257898 
0.1333 0.29348 
0.175109 0.28917 
0.25719 0.306652 
0.0551221 0.225704 
0.0447647 0.236901 
0.0372732 0.297962 
0.0339089 0.274757 
0.113381 0.31322 
0.0290895 0.312245 
-0.0118972 0.459198 
0.037282 0.374021 
0.128696 0.437428 
0.0437462 0.378673 
0.109038 0.310037 
0.0450722 0.379129 
0.11483 0.328778 
0.0442696 0.512337 
-0.0109807 0.594102 
0.0953416 0.449638 
0.0179458 0.607983 
0.0951926 0.589117 
0.165668 0.638226 
0.0741433 0.486634 
0.169658 0.557228 
0.172423 0.555915 
0.0917783 0.515377 
0.177945 0.447624 
0.255849 0.46215 
0.148919 0.68298 
0.246115 0.647815 
0.17324 0.614078 
0.247405 0.645476 
0.217215 0.615716 
0.172435 0.630777 
0.0406954 0.660432 
0.108052 0.681012 
0.10655 0.631582 
0.12152 0.590549 
0.118477 0.610714 
0.1471 0.557703 
0.129334 0.745886 
0.212143 0.683252 
0.032872 0.719106 
0.0096891 0.774267 
0.0120302 0.726252 
0.127394 0.748465 
0.134859 0.837775 
0.0270109 0.833044 
0.0243979 0.992136 
0.0906967 0.949773 
0.0326062 0.966671 
0.154114 1.13354 
0.0544353 0.878105 
0.137136 0.822154 
0.223156 0.92785 
0.17881 0.995077 
0.267378 1.03681 
0.0793977 0.855871 
0.0738854 0.756593 
0.138185 0.914601 
0.123482 0.848294 
0.197715 0.801117 
0.171831 0.851667 
0.189049 0.844008 
0.285809 0.717074 
0.283412 0.915956 
0.256439 0.803999 
0.414505 0.870619 
0.349207 0.823174 
0.42417 0.900553 
0.335943 0.894083 
0.382577 0.933157 
0.299576 0.943174 
0.332138 0.967596 
0.383075 1.0489 
0.436607 0.970814 
0.373851 0.961063 
0.399987 0.973144 
0.463025 1.17518 
0.453837 0.947732 
0.408209 0.973419 
0.418589 0.79205 
0.423778 0.879212 
0.487904 0.781965 
0.498936 0.826436 
0.511603 0.944728 
0.498685 0.950313 
0.413786 0.79579 
0.271605 0.821709 
0.387432 0.569635 
0.329079 0.626876 
0.456591 0.585704 
0.470167 0.667188 
0.320075 0.804266 
0.243641 0.754005 
0.325132 0.691523 
0.245575 0.650962 
0.277832 0.579264 
0.29812 0.512489 
0.399924 0.697015 
0.350764 0.751083 
0.208496 0.550045 
0.255296 0.460435 
0.318007 0.392901 
0.346628 0.491784 
0.359737 0.401521 
0.384376 0.470739 
0.419261 0.579861 
0.353923 0.491001 
0.441133 0.572275 
0.384177 0.471265 
0.465042 0.527978 
0.401794 0.499949 
0.411637 0.462205 
0.489958 0.385316 
0.521252 0.606443 
0.470522 0.667308 
0.605514 0.61755 
0.565417 0.645229 
0.626123 0.537891 
0.765479 0.387929 
0.674894 0.575728 
0.73276 0.52822 
0.692415 0.664832 
0.768151 0.57473 
0.715744 0.662129 
0.768319 0.574932 
0.68636 0.706746 
0.756946 0.797631 
0.707706 0.737729 
0.758073 0.731965 
0.757837 0.673458 
0.911528 0.736964 
0.510924 0.815343 
0.505441 0.727747 
0.544576 0.776889 
0.559691 0.70972 
0.612893 0.685442 
0.555594 0.719844 
0.605984 0.683381 
0.619329 0.747586 
0.587551 0.801888 
0.539792 0.875378 
0.603472 0.941984 
0.572987 0.983266 
0.621258 0.886173 
0.679469 0.915311 
0.525925 0.955464 
0.569289 0.973404 
0.628997 0.987767 
0.593876 0.945808 
0.64678 0.962913 
0.672002 0.956729 
0.691786 0.981705 
0.832208 0.961066 
0.730405 0.813024 
0.748807 0.966366 
0.699355 0.900156 
0.816436 0.908674 
0.72609 0.86217 
0.900191 0.867607 
0.734153 0.850565 
0.953016 0.806784 
0.825417 0.810527 
0.889192 0.750004 
0.926861 0.861943 
0.83476 0.794001 
0.856357 0.855247 
0.892184 0.814638 
0.783876 0.86943 
0.821849 0.811475 
0.920779 0.950129 
0.819074 0.948087 
0.893454 0.943694 
0.975437 1.00719 
0.985901 0.975141 
0.925942 0.973303 
0.95617 0.814928 
0.952153 0.938128 
0.95586 0.825737 
0.967687 0.916492 
0.939761 0.740377 
1.0178 0.891823 
0.920361 0.627291 
0.939057 0.741353 
0.925939 0.601277 
0.940486 0.743445 
0.928947 0.608751 
0.772854 0.71808 
0.829781 0.660904 
0.871119 0.77945 
0.808828 0.745991 
0.823876 0.720822 
0.837714 0.676362 
0.833377 0.643843 
0.826917 0.570292 
0.796578 0.586657 
0.836944 0.537708 
0.915894 0.597461 
0.759135 0.359099 
0.867554 0.512654 
0.967018 0.557728 
0.935833 0.467666 
1.04484 0.682633 
1.01842 0.459243 
0.940228 0.618937 
0.964623 0.656618 
0.910963 0.475336 
0.942579 0.354137 
0.942221 0.400153 
0.952017 0.448671 
0.837413 0.447223 
0.933224 0.339155 
0.826274 0.318082 
0.855594 0.216289 
0.936079 0.343843 
0.950945 0.272111 
0.768182 0.25377 
0.852634 0.224958 
0.811107 0.36853 
0.849784 0.392364 
0.846799 0.364219 
0.912399 0.333144 
0.80144 0.409471 
0.775556 0.497438 
0.847415 0.429889 
0.756735 0.531191 
0.844555 0.376925 
0.847765 0.417432 
0.87878 0.512303 
0.82632 0.478899 
0.686926 0.488334 
0.533646 0.420831 
0.717361 0.431723 
0.775814 0.49616 
0.79066 0.447904 
0.721673 0.431533 
0.527035 0.408067 
0.456043 0.4193 
0.534085 0.527391 
0.488823 0.50924 
0.62664 0.466809 
0.558811 0.492434 
0.650316 0.542617 
0.618735 0.492447 
0.516384 0.395164 
0.468529 0.34762 
0.604268 0.405551 
0.56959 0.433272 
0.671629 0.334897 
0.6209 0.444517 
0.610899 0.190511 
0.652087 0.248382 
0.668928 0.361829 
0.700424 0.4211 
0.648222 0.178106 
0.775392 0.236048 
0.777307 0.390916 
0.814038 0.316756 
0.653249 0.178183 
0.80855 0.144948 
0.72854 0.138021 
0.746191 0.194814 
0.707754 0.0996943 
0.693843 0.0425446 
0.481415 0.0931686 
0.516323 0.0539766 
0.591397 0.115594 
0.603884 0.0754826 
0.646062 0.179668 
0.69664 0.210941 
0.673818 0.162376 
0.607683 0.089435 
0.559529 0.056081 
0.615202 -0.115668 
0.671068 0.108003 
0.6401 0.0373313 
0.703268 0.0479457 
0.7624 0.0144658 
0.732592 0.0353403 
0.723723 0.116986 
0.739264 0.0360066 
0.816722 0.0449273 
0.79423 0.010194 
0.782611 0.0770294 
0.852697 0.0439104 
0.757993 0.207918 
0.743564 0.155363 
0.855867 0.231081 
0.799553 0.176024 
0.909974 0.0891309 
0.78848 0.0886973 
0.951513 0.189164 
0.828351 0.139379 
0.912523 0.172082 
0.957148 0.207036 
0.966857 0.0263421 
0.962137 0.180638 
1.08427 0.264242 
0.962207 0.261248 
0.875354 0.0630426 
0.911311 0.00867929 
0.872634 -0.601917 
0.998905 0.108082 
0.946255 0.0800798 
0.0509498 -2.04269 
-2.01685 0.025106 
-2.01426 0.0971071 
-2.01448 0.179161 
-1.89797 0.274757 
-1.89524 0.236901 
-1.89208 0.312245 
-1.85649 0.374021 
-1.93963 0.459198 
-1.82584 0.512337 
-1.94477 0.594102 
-1.88456 0.682194 
-1.94005 0.726252 
-1.96633 0.774267 
-1.96568 0.833044 
-2.09148 0.929141 
-2.07421 0.992136 
0.121058 -1.97707 
0.0243979 3.09074 
0.178265 -1.93821 
0.062634 3.01804 
0.146738 -1.96397 
0.154114 3.26956 
0.256841 -1.95804 
0.267378 3.03608 
0.344661 -1.92119 
0.332138 2.87862 
0.385481 -1.83926 
0.383075 3.02433 
0.457529 -2.11356 
0.408209 2.86987 
0.615202 -2.15623 
0.463025 3.26558 
0.539378 -1.81233 
0.525925 2.82588 
0.693843 -1.8685 
0.572987 2.88623 
0.732592 -1.8985 
0.628997 2.90652 
0.7624 -1.95165 
0.691786 2.9144 
0.79423 -1.9754 
0.748807 2.90917 
0.872634 -3.17935 
0.832208 2.94356 
0.964727 -2.06304 
0.925942 3.02426 
3.04613 0.0263421 
3.04755 0.108082 
2.9381 0.180638 
3.12853 0.264242 
2.91433 0.207036 
2.82279 0.354137 
2.95265 0.459243 
2.80979 0.400153 
2.85219 0.558583 
2.81045 0.618937 
3.03368 0.682633 
2.85798 0.743445 
2.9247 0.814928 
2.89941 0.776534 
3.08135 0.891823 
3.07972 0.975141 
0.975437 3.11659 
0.0509498 0 
0 0 
0 0.025106 
0 0.0971071 
0 0.173278 
0 0.180674 
0 0.236901 
0 0.274757 
0 0.312245 
0 0.374021 
0 0.441981 
0 0.463535 
0 0.512337 
0 0.577852 
0 0.599371 
0 0.682194 
0 0.726252 
0 0.774267 
0 0.833044 
0 0.920943 
0 0.938228 
0 0.992136 
0 1 
0.0243979 1 
0.121058 0 
0.062634 1 
0.178265 0 
0.146738 0 
0.105348 1 
0.177932 1 
0.250147 1 
0.256841 0 
0.280036 1 
0.332138 1 
0.344661 0 
0.373177 1 
0.385481 0 
0.393992 1 
0.408209 1 
0.408837 0 
0.460461 0 
0.44038 1 
0.577708 0 
0.539378 0 
0.477304 0 
0.490805 1 
0.525925 1 
0.572987 1 
0.693843 0 
0.634025 0 
0.628997 1 
0.732592 0 
0.691786 1 
0.7624 0 
0.748807 1 
0.79423 0 
0.832208 1 
0.854052 0 
0.910762 0 
0.925942 1 
0.964727 0 
1 0.309508 
1 0.262175 
1 0.494534 
1 0.45631 
1 0.707273 
1 0.668092 
1 0.900585 
1 0.872832 
0.964935 1 
0.977784 1 
1 0 
1 0.0263421 
1 0.108082 
1 0.180638 
1 0.207036 
1 0.354137 
1 0.400153 
1 0.558583 
1 0.618937 
1 0.743445 
1 0.776534 
1 0.814928 
1 0.975141 
1 1 
