# Date: 7/11/2013   Time: 11:44
# dimensions 
10 10 
# connectivity 
16
6  1  2  3  4  5  6    1 1 
6  7  8  9  10  11  12    1 1 
5  13  14  15  16  17    1 1 
6  18  19  20  21  22  23    1 1 
6  24  25  26  27  28  29    1 1 
6  30  31  32  33  34  35    1 1 
6  36  37  38  39  40  41    1 1 
6  42  43  44  45  46  47    1 1 
6  48  49  50  51  52  53    1 1 
6  54  55  56  57  58  59    1 1 
6  60  61  62  63  64  65    1 1 
7  66  67  68  69  70  71  72    1 1 
5  73  74  75  76  77    1 1 
7  78  79  80  81  82  83  84    1 1 
7  85  86  87  88  89  90  91    1 1 
5  92  93  94  95  96    1 1 
# DG vertices (counter-clockwise) 
96
-3.33333  -3.33333  
-0.280995  -3.33333  
-0.280995  -1.11304  
-0.280995  -1.11304  
-0.579399  -0.807719  
-3.33333  -0.807719  
-3.33333  -0.807719  
-0.579399  -0.807719  
-0.771076  5.22359  
-0.771076  5.22359  
-1.318  5.56785  
-3.33333  5.56785  
-3.33333  5.56785  
-1.318  5.56785  
-1.318  5.56785  
-0.854993  11.3756  
-3.33333  11.3756  
-3.33333  11.3756  
-0.854993  11.3756  
0.181227  12.492  
0.181227  12.492  
0.181227  13.3333  
-3.33333  13.3333  
-0.280995  -3.33333  
4.61863  -3.33333  
4.61863  -0.444079  
4.61863  -0.444079  
4.56249  -0.405453  
-0.280995  -1.11304  
-0.579399  -0.807719  
-0.280995  -1.11304  
4.56249  -0.405453  
4.15516  4.03762  
2.64959  5.57068  
-0.771076  5.22359  
-1.318  5.56785  
-0.771076  5.22359  
2.64959  5.57068  
5.04782  9.74949  
0.181227  12.492  
-0.854993  11.3756  
5.04782  9.74949  
5.05625  9.7526  
5.05625  9.7526  
5.05625  13.3333  
0.181227  13.3333  
0.181227  12.492  
4.61863  -3.33333  
9.89963  -3.33333  
9.89963  -1.26583  
9.5043  -0.609269  
9.5043  -0.609269  
4.61863  -0.444079  
4.56249  -0.405453  
4.61863  -0.444079  
9.5043  -0.609269  
10.5577  4.04172  
10.1934  4.53134  
4.15516  4.03762  
2.64959  5.57068  
4.15516  4.03762  
10.1934  4.53134  
9.35126  9.70892  
5.05625  9.7526  
5.04782  9.74949  
5.05625  9.7526  
9.35126  9.70892  
9.87502  10.3075  
13.3333  10.3075  
13.3333  10.3075  
13.3333  13.3333  
5.05625  13.3333  
9.89963  -3.33333  
13.3333  -3.33333  
13.3333  -3.33333  
13.3333  -1.26583  
9.89963  -1.26583  
9.5043  -0.609269  
9.89963  -1.26583  
9.89963  -3.33333  
13.3333  -3.33333  
13.3333  -3.33333  
13.3333  4.04172  
10.5577  4.04172  
10.1934  4.53134  
10.5577  4.04172  
13.3333  4.04172  
13.3333  4.04172  
13.3333  10.3075  
9.87502  10.3075  
9.35126  9.70892  
9.87502  10.3075  
13.3333  10.3075  
13.3333  10.3075  
13.3333  13.3333  
9.87502  13.3333  
# grid vertices 
47
Inf Inf 
-0.854993 11.3756 
-0.771076 5.22359 
-0.280995 -1.11304 
-1.318 5.56785 
-0.579399 -0.807719 
4.61863 -0.444079 
2.64959 5.57068 
5.05625 9.7526 
0.181227 12.492 
5.04782 9.74949 
4.56249 -0.405453 
9.87502 10.3075 
9.35126 9.70892 
10.1934 4.53134 
4.15516 4.03762 
9.89963 -1.26583 
10.5577 4.04172 
9.5043 -0.609269 
-0.280995 -32.7615 
-32.2032 -0.807719 
-31.2317 5.56785 
-33.0814 11.3756 
4.61863 -29.4717 
0.181227 44.9702 
9.89963 -32.7901 
5.05625 38.0758 
41.4239 -1.26583 
39.7676 4.04172 
40.6519 10.3075 
9.87502 41.0844 
-0.280995 -3.33333 
-3.33333 -3.33333 
-3.33333 -0.807719 
-3.33333 5.56785 
-3.33333 11.3756 
-3.33333 13.3333 
0.181227 13.3333 
4.61863 -3.33333 
5.05625 13.3333 
9.89963 -3.33333 
13.3333 10.3075 
13.3333 13.3333 
13.3333 -3.33333 
13.3333 -1.26583 
13.3333 4.04172 
9.87502 13.3333 
