# Date: 8/5/2013   Time: 19:44
# dimensions 
1 1 
# connectivity 
64
4 1 2 3 4 1 1 
4 5 6 7 8 1 1 
4 9 10 11 12 1 1 
4 13 14 15 16 1 1 
4 17 18 19 20 1 1 
4 21 22 23 24 1 1 
4 25 26 27 28 1 1 
4 29 30 31 32 1 1 
4 33 34 35 36 1 1 
4 37 38 39 40 1 1 
4 41 42 43 44 1 1 
4 45 46 47 48 1 1 
4 49 50 51 52 1 1 
4 53 54 55 56 1 1 
4 57 58 59 60 1 1 
4 61 62 63 64 1 1 
4 65 66 67 68 1 1 
4 69 70 71 72 1 1 
4 73 74 75 76 1 1 
4 77 78 79 80 1 1 
4 81 82 83 84 1 1 
4 85 86 87 88 1 1 
4 89 90 91 92 1 1 
4 93 94 95 96 1 1 
4 97 98 99 100 1 1 
4 101 102 103 104 1 1 
4 105 106 107 108 1 1 
4 109 110 111 112 1 1 
4 113 114 115 116 1 1 
4 117 118 119 120 1 1 
4 121 122 123 124 1 1 
4 125 126 127 128 1 1 
4 129 130 131 132 1 1 
4 133 134 135 136 1 1 
4 137 138 139 140 1 1 
4 141 142 143 144 1 1 
4 145 146 147 148 1 1 
4 149 150 151 152 1 1 
4 153 154 155 156 1 1 
4 157 158 159 160 1 1 
4 161 162 163 164 1 1 
4 165 166 167 168 1 1 
4 169 170 171 172 1 1 
4 173 174 175 176 1 1 
4 177 178 179 180 1 1 
4 181 182 183 184 1 1 
4 185 186 187 188 1 1 
4 189 190 191 192 1 1 
4 193 194 195 196 1 1 
4 197 198 199 200 1 1 
4 201 202 203 204 1 1 
4 205 206 207 208 1 1 
4 209 210 211 212 1 1 
4 213 214 215 216 1 1 
4 217 218 219 220 1 1 
4 221 222 223 224 1 1 
4 225 226 227 228 1 1 
4 229 230 231 232 1 1 
4 233 234 235 236 1 1 
4 237 238 239 240 1 1 
4 241 242 243 244 1 1 
4 245 246 247 248 1 1 
4 249 250 251 252 1 1 
4 253 254 255 256 1 1 
# DG vertices (counter-clockwise) 
256
 0 0 
 0.124894 0 
 0.100418 0.115438 
 0 0.149115 
 0 0.149115 
 0.100418 0.115438 
 0.14424 0.246578 
 0 0.271485 
 0 0.271485 
 0.14424 0.246578 
 0.119718 0.384534 
 0 0.355589 
 0 0.355589 
 0.119718 0.384534 
 0.109 0.486007 
 0 0.497721 
 0 0.497721 
 0.109 0.486007 
 0.136421 0.619609 
 0 0.59939 
 0 0.59939 
 0.136421 0.619609 
 0.142327 0.731869 
 0 0.754139 
 0 0.754139 
 0.142327 0.731869 
 0.147638 0.852154 
 0 0.877689 
 0 0.877689 
 0.147638 0.852154 
 0.153125 1 
 0 1 
 0.124894 0 
 0.228878 0 
 0.246697 0.131583 
 0.100418 0.115438 
 0.100418 0.115438 
 0.246697 0.131583 
 0.274024 0.264057 
 0.14424 0.246578 
 0.14424 0.246578 
 0.274024 0.264057 
 0.254568 0.351748 
 0.119718 0.384534 
 0.119718 0.384534 
 0.254568 0.351748 
 0.238244 0.490309 
 0.109 0.486007 
 0.109 0.486007 
 0.238244 0.490309 
 0.272262 0.648645 
 0.136421 0.619609 
 0.136421 0.619609 
 0.272262 0.648645 
 0.234883 0.725793 
 0.142327 0.731869 
 0.142327 0.731869 
 0.234883 0.725793 
 0.236433 0.8511 
 0.147638 0.852154 
 0.147638 0.852154 
 0.236433 0.8511 
 0.276898 1 
 0.153125 1 
 0.228878 0 
 0.373921 0 
 0.369472 0.150831 
 0.246697 0.131583 
 0.246697 0.131583 
 0.369472 0.150831 
 0.369467 0.237295 
 0.274024 0.264057 
 0.274024 0.264057 
 0.369467 0.237295 
 0.359185 0.357165 
 0.254568 0.351748 
 0.254568 0.351748 
 0.359185 0.357165 
 0.388466 0.523926 
 0.238244 0.490309 
 0.238244 0.490309 
 0.388466 0.523926 
 0.403558 0.652248 
 0.272262 0.648645 
 0.272262 0.648645 
 0.403558 0.652248 
 0.372043 0.754198 
 0.234883 0.725793 
 0.234883 0.725793 
 0.372043 0.754198 
 0.348712 0.904613 
 0.236433 0.8511 
 0.236433 0.8511 
 0.348712 0.904613 
 0.370954 1 
 0.276898 1 
 0.373921 0 
 0.494871 0 
 0.507212 0.142374 
 0.369472 0.150831 
 0.369472 0.150831 
 0.507212 0.142374 
 0.518962 0.251649 
 0.369467 0.237295 
 0.369467 0.237295 
 0.518962 0.251649 
 0.480048 0.381716 
 0.359185 0.357165 
 0.359185 0.357165 
 0.480048 0.381716 
 0.497739 0.505371 
 0.388466 0.523926 
 0.388466 0.523926 
 0.497739 0.505371 
 0.48098 0.613529 
 0.403558 0.652248 
 0.403558 0.652248 
 0.48098 0.613529 
 0.528319 0.75849 
 0.372043 0.754198 
 0.372043 0.754198 
 0.528319 0.75849 
 0.52262 0.900963 
 0.348712 0.904613 
 0.348712 0.904613 
 0.52262 0.900963 
 0.502812 1 
 0.370954 1 
 0.494871 0 
 0.626795 0 
 0.607256 0.110175 
 0.507212 0.142374 
 0.507212 0.142374 
 0.607256 0.110175 
 0.641704 0.278145 
 0.518962 0.251649 
 0.518962 0.251649 
 0.641704 0.278145 
 0.59745 0.353181 
 0.480048 0.381716 
 0.480048 0.381716 
 0.59745 0.353181 
 0.615994 0.50779 
 0.497739 0.505371 
 0.497739 0.505371 
 0.615994 0.50779 
 0.633198 0.6173 
 0.48098 0.613529 
 0.48098 0.613529 
 0.633198 0.6173 
 0.610839 0.775001 
 0.528319 0.75849 
 0.528319 0.75849 
 0.610839 0.775001 
 0.630686 0.861482 
 0.52262 0.900963 
 0.52262 0.900963 
 0.630686 0.861482 
 0.612989 1 
 0.502812 1 
 0.626795 0 
 0.728749 0 
 0.73966 0.151104 
 0.607256 0.110175 
 0.607256 0.110175 
 0.73966 0.151104 
 0.730503 0.254635 
 0.641704 0.278145 
 0.641704 0.278145 
 0.730503 0.254635 
 0.752457 0.372175 
 0.59745 0.353181 
 0.59745 0.353181 
 0.752457 0.372175 
 0.77226 0.516242 
 0.615994 0.50779 
 0.615994 0.50779 
 0.77226 0.516242 
 0.738478 0.640704 
 0.633198 0.6173 
 0.633198 0.6173 
 0.738478 0.640704 
 0.764701 0.778135 
 0.610839 0.775001 
 0.610839 0.775001 
 0.764701 0.778135 
 0.75749 0.875325 
 0.630686 0.861482 
 0.630686 0.861482 
 0.75749 0.875325 
 0.77043 1 
 0.612989 1 
 0.728749 0 
 0.863669 0 
 0.891104 0.129562 
 0.73966 0.151104 
 0.73966 0.151104 
 0.891104 0.129562 
 0.865241 0.277431 
 0.730503 0.254635 
 0.730503 0.254635 
 0.865241 0.277431 
 0.897902 0.399902 
 0.752457 0.372175 
 0.752457 0.372175 
 0.897902 0.399902 
 0.886799 0.51827 
 0.77226 0.516242 
 0.77226 0.516242 
 0.886799 0.51827 
 0.851286 0.606121 
 0.738478 0.640704 
 0.738478 0.640704 
 0.851286 0.606121 
 0.890574 0.753788 
 0.764701 0.778135 
 0.764701 0.778135 
 0.890574 0.753788 
 0.848642 0.855286 
 0.75749 0.875325 
 0.75749 0.875325 
 0.848642 0.855286 
 0.855297 1 
 0.77043 1 
 0.863669 0 
 1 0 
 1 0.151303 
 0.891104 0.129562 
 0.891104 0.129562 
 1 0.151303 
 1 0.255617 
 0.865241 0.277431 
 0.865241 0.277431 
 1 0.255617 
 1 0.389586 
 0.897902 0.399902 
 0.897902 0.399902 
 1 0.389586 
 1 0.479065 
 0.886799 0.51827 
 0.886799 0.51827 
 1 0.479065 
 1 0.606997 
 0.851286 0.606121 
 0.851286 0.606121 
 1 0.606997 
 1 0.738456 
 0.890574 0.753788 
 0.890574 0.753788 
 1 0.738456 
 1 0.877197 
 0.848642 0.855286 
 0.848642 0.855286 
 1 0.877197 
 1 1 
 0.855297 1 
# grid vertices (counter-clockwise) 
81
0 0 
0 0.149115 
0 0.271485 
0 0.355589 
0 0.497721 
0 0.59939 
0 0.754139 
0 0.877689 
0 1 
0.124894 0 
0.100418 0.115438 
0.14424 0.246578 
0.119718 0.384534 
0.109 0.486007 
0.136421 0.619609 
0.142327 0.731869 
0.147638 0.852154 
0.153125 1 
0.228878 0 
0.246697 0.131583 
0.274024 0.264057 
0.254568 0.351748 
0.238244 0.490309 
0.272262 0.648645 
0.234883 0.725793 
0.236433 0.8511 
0.276898 1 
0.373921 0 
0.369472 0.150831 
0.369467 0.237295 
0.359185 0.357165 
0.388466 0.523926 
0.403558 0.652248 
0.372043 0.754198 
0.348712 0.904613 
0.370954 1 
0.494871 0 
0.507212 0.142374 
0.518962 0.251649 
0.480048 0.381716 
0.497739 0.505371 
0.48098 0.613529 
0.528319 0.75849 
0.52262 0.900963 
0.502812 1 
0.626795 0 
0.607256 0.110175 
0.641704 0.278145 
0.59745 0.353181 
0.615994 0.50779 
0.633198 0.6173 
0.610839 0.775001 
0.630686 0.861482 
0.612989 1 
0.728749 0 
0.73966 0.151104 
0.730503 0.254635 
0.752457 0.372175 
0.77226 0.516242 
0.738478 0.640704 
0.764701 0.778135 
0.75749 0.875325 
0.77043 1 
0.863669 0 
0.891104 0.129562 
0.865241 0.277431 
0.897902 0.399902 
0.886799 0.51827 
0.851286 0.606121 
0.890574 0.753788 
0.848642 0.855286 
0.855297 1 
1 0 
1 0.151303 
1 0.255617 
1 0.389586 
1 0.479065 
1 0.606997 
1 0.738456 
1 0.877197 
1 1 
