# Date: 8/4/2013   Time: 10:12
# dimensions 
1 1 
# connectivity 
4
4 1 2 3 4 1 1 
4 5 6 7 8 1 1 
4 9 10 11 12 1 1 
4 13 14 15 16 1 1 
# DG vertices (counter-clockwise) 
16
 1 0 
 1 0.744004 
 0.558465 0.684413 
 0.176077 0 
 1 0.744004 
 1 1 
 0.599605 1 
 0.558465 0.684413 
 0.176077 0 
 0.558465 0.684413 
 0 0.179514 
 0 0 
 0.558465 0.684413 
 0.599605 1 
 0 1 
 0 0.179514 
# grid vertices (counter-clockwise) 
9
1 0 
1 0.744004 
1 1 
0.176077 0 
0.558465 0.684413 
0.599605 1 
0 0 
0 0.179514 
0 1 
