# Date: 8/4/2013   Time: 9:52
# dimensions 
1 1 
# connectivity 
64
4 1 2 3 4 1 1 
4 5 6 7 8 1 1 
4 9 10 11 12 1 1 
4 13 14 15 16 1 1 
4 17 18 19 20 1 1 
4 21 22 23 24 1 1 
4 25 26 27 28 1 1 
4 29 30 31 32 1 1 
4 33 34 35 36 1 1 
4 37 38 39 40 1 1 
4 41 42 43 44 1 1 
4 45 46 47 48 1 1 
4 49 50 51 52 1 1 
4 53 54 55 56 1 1 
4 57 58 59 60 1 1 
4 61 62 63 64 1 1 
4 65 66 67 68 1 1 
4 69 70 71 72 1 1 
4 73 74 75 76 1 1 
4 77 78 79 80 1 1 
4 81 82 83 84 1 1 
4 85 86 87 88 1 1 
4 89 90 91 92 1 1 
4 93 94 95 96 1 1 
4 97 98 99 100 1 1 
4 101 102 103 104 1 1 
4 105 106 107 108 1 1 
4 109 110 111 112 1 1 
4 113 114 115 116 1 1 
4 117 118 119 120 1 1 
4 121 122 123 124 1 1 
4 125 126 127 128 1 1 
4 129 130 131 132 1 1 
4 133 134 135 136 1 1 
4 137 138 139 140 1 1 
4 141 142 143 144 1 1 
4 145 146 147 148 1 1 
4 149 150 151 152 1 1 
4 153 154 155 156 1 1 
4 157 158 159 160 1 1 
4 161 162 163 164 1 1 
4 165 166 167 168 1 1 
4 169 170 171 172 1 1 
4 173 174 175 176 1 1 
4 177 178 179 180 1 1 
4 181 182 183 184 1 1 
4 185 186 187 188 1 1 
4 189 190 191 192 1 1 
4 193 194 195 196 1 1 
4 197 198 199 200 1 1 
4 201 202 203 204 1 1 
4 205 206 207 208 1 1 
4 209 210 211 212 1 1 
4 213 214 215 216 1 1 
4 217 218 219 220 1 1 
4 221 222 223 224 1 1 
4 225 226 227 228 1 1 
4 229 230 231 232 1 1 
4 233 234 235 236 1 1 
4 237 238 239 240 1 1 
4 241 242 243 244 1 1 
4 245 246 247 248 1 1 
4 249 250 251 252 1 1 
4 253 254 255 256 1 1 
# DG vertices (counter-clockwise) 
256
 1 0 
 1 0.0955491 
 0.893276 0.135241 
 0.937732 0 
 1 0.0955491 
 1 0.256062 
 0.859581 0.222096 
 0.893276 0.135241 
 1 0.256062 
 1 0.321299 
 0.897662 0.297088 
 0.859581 0.222096 
 1 0.321299 
 1 0.428333 
 0.883165 0.416148 
 0.897662 0.297088 
 1 0.428333 
 1 0.624619 
 0.846251 0.569534 
 0.883165 0.416148 
 1 0.624619 
 1 0.780536 
 0.896955 0.716125 
 0.846251 0.569534 
 1 0.780536 
 1 0.912159 
 0.860714 0.863594 
 0.896955 0.716125 
 1 0.912159 
 1 1 
 0.782221 1 
 0.860714 0.863594 
 0.937732 0 
 0.893276 0.135241 
 0.837867 0.0958767 
 0.893218 0 
 0.893276 0.135241 
 0.859581 0.222096 
 0.776587 0.202021 
 0.837867 0.0958767 
 0.859581 0.222096 
 0.897662 0.297088 
 0.722038 0.316223 
 0.776587 0.202021 
 0.897662 0.297088 
 0.883165 0.416148 
 0.684219 0.395399 
 0.722038 0.316223 
 0.883165 0.416148 
 0.846251 0.569534 
 0.690858 0.461663 
 0.684219 0.395399 
 0.846251 0.569534 
 0.896955 0.716125 
 0.704287 0.595694 
 0.690858 0.461663 
 0.896955 0.716125 
 0.860714 0.863594 
 0.684747 0.849634 
 0.704287 0.595694 
 0.860714 0.863594 
 0.782221 1 
 0.673177 1 
 0.684747 0.849634 
 0.893218 0 
 0.837867 0.0958767 
 0.75775 0.0801648 
 0.812396 0 
 0.837867 0.0958767 
 0.776587 0.202021 
 0.691645 0.222297 
 0.75775 0.0801648 
 0.776587 0.202021 
 0.722038 0.316223 
 0.646318 0.278074 
 0.691645 0.222297 
 0.722038 0.316223 
 0.684219 0.395399 
 0.60913 0.387567 
 0.646318 0.278074 
 0.684219 0.395399 
 0.690858 0.461663 
 0.565967 0.509078 
 0.60913 0.387567 
 0.690858 0.461663 
 0.704287 0.595694 
 0.608551 0.613969 
 0.565967 0.509078 
 0.704287 0.595694 
 0.684747 0.849634 
 0.556267 0.813212 
 0.608551 0.613969 
 0.684747 0.849634 
 0.673177 1 
 0.525079 1 
 0.556267 0.813212 
 0.812396 0 
 0.75775 0.0801648 
 0.630096 0.0879957 
 0.672253 0 
 0.75775 0.0801648 
 0.691645 0.222297 
 0.549499 0.256229 
 0.630096 0.0879957 
 0.691645 0.222297 
 0.646318 0.278074 
 0.521926 0.313782 
 0.549499 0.256229 
 0.646318 0.278074 
 0.60913 0.387567 
 0.492409 0.375394 
 0.521926 0.313782 
 0.60913 0.387567 
 0.565967 0.509078 
 0.479123 0.479776 
 0.492409 0.375394 
 0.565967 0.509078 
 0.608551 0.613969 
 0.458393 0.642634 
 0.479123 0.479776 
 0.608551 0.613969 
 0.556267 0.813212 
 0.443039 0.763256 
 0.458393 0.642634 
 0.556267 0.813212 
 0.525079 1 
 0.412904 1 
 0.443039 0.763256 
 0.672253 0 
 0.630096 0.0879957 
 0.516893 0.116885 
 0.547258 0 
 0.630096 0.0879957 
 0.549499 0.256229 
 0.465785 0.177732 
 0.516893 0.116885 
 0.549499 0.256229 
 0.521926 0.313782 
 0.47103 0.296751 
 0.465785 0.177732 
 0.521926 0.313782 
 0.492409 0.375394 
 0.384862 0.423235 
 0.47103 0.296751 
 0.492409 0.375394 
 0.479123 0.479776 
 0.345984 0.602959 
 0.384862 0.423235 
 0.479123 0.479776 
 0.458393 0.642634 
 0.31914 0.728945 
 0.345984 0.602959 
 0.458393 0.642634 
 0.443039 0.763256 
 0.333471 0.821573 
 0.31914 0.728945 
 0.443039 0.763256 
 0.412904 1 
 0.276741 1 
 0.333471 0.821573 
 0.547258 0 
 0.516893 0.116885 
 0.406343 0.0967209 
 0.364313 0 
 0.516893 0.116885 
 0.465785 0.177732 
 0.424877 0.139373 
 0.406343 0.0967209 
 0.465785 0.177732 
 0.47103 0.296751 
 0.396794 0.232785 
 0.424877 0.139373 
 0.47103 0.296751 
 0.384862 0.423235 
 0.332539 0.44651 
 0.396794 0.232785 
 0.384862 0.423235 
 0.345984 0.602959 
 0.298856 0.555074 
 0.332539 0.44651 
 0.345984 0.602959 
 0.31914 0.728945 
 0.227235 0.78591 
 0.298856 0.555074 
 0.31914 0.728945 
 0.333471 0.821573 
 0.21173 0.865585 
 0.227235 0.78591 
 0.333471 0.821573 
 0.276741 1 
 0.185572 1 
 0.21173 0.865585 
 0.364313 0 
 0.406343 0.0967209 
 0.166031 0.143888 
 0.197124 0 
 0.406343 0.0967209 
 0.424877 0.139373 
 0.194896 0.239793 
 0.166031 0.143888 
 0.424877 0.139373 
 0.396794 0.232785 
 0.150101 0.41197 
 0.194896 0.239793 
 0.396794 0.232785 
 0.332539 0.44651 
 0.11426 0.54361 
 0.150101 0.41197 
 0.332539 0.44651 
 0.298856 0.555074 
 0.0913626 0.731994 
 0.11426 0.54361 
 0.298856 0.555074 
 0.227235 0.78591 
 0.0906302 0.816313 
 0.0913626 0.731994 
 0.227235 0.78591 
 0.21173 0.865585 
 0.0723276 0.897554 
 0.0906302 0.816313 
 0.21173 0.865585 
 0.185572 1 
 0.110579 1 
 0.0723276 0.897554 
 0.197124 0 
 0.166031 0.143888 
 0 0.0982347 
 0 0 
 0.166031 0.143888 
 0.194896 0.239793 
 0 0.324893 
 0 0.0982347 
 0.194896 0.239793 
 0.150101 0.41197 
 0 0.452787 
 0 0.324893 
 0.150101 0.41197 
 0.11426 0.54361 
 0 0.594437 
 0 0.452787 
 0.11426 0.54361 
 0.0913626 0.731994 
 0 0.733879 
 0 0.594437 
 0.0913626 0.731994 
 0.0906302 0.816313 
 0 0.836484 
 0 0.733879 
 0.0906302 0.816313 
 0.0723276 0.897554 
 0 0.910417 
 0 0.836484 
 0.0723276 0.897554 
 0.110579 1 
 0 1 
 0 0.910417 
# grid vertices (counter-clockwise) 
81
1 0 
1 0.0955491 
1 0.256062 
1 0.321299 
1 0.428333 
1 0.624619 
1 0.780536 
1 0.912159 
1 1 
0.937732 0 
0.893276 0.135241 
0.859581 0.222096 
0.897662 0.297088 
0.883165 0.416148 
0.846251 0.569534 
0.896955 0.716125 
0.860714 0.863594 
0.782221 1 
0.893218 0 
0.837867 0.0958767 
0.776587 0.202021 
0.722038 0.316223 
0.684219 0.395399 
0.690858 0.461663 
0.704287 0.595694 
0.684747 0.849634 
0.673177 1 
0.812396 0 
0.75775 0.0801648 
0.691645 0.222297 
0.646318 0.278074 
0.60913 0.387567 
0.565967 0.509078 
0.608551 0.613969 
0.556267 0.813212 
0.525079 1 
0.672253 0 
0.630096 0.0879957 
0.549499 0.256229 
0.521926 0.313782 
0.492409 0.375394 
0.479123 0.479776 
0.458393 0.642634 
0.443039 0.763256 
0.412904 1 
0.547258 0 
0.516893 0.116885 
0.465785 0.177732 
0.47103 0.296751 
0.384862 0.423235 
0.345984 0.602959 
0.31914 0.728945 
0.333471 0.821573 
0.276741 1 
0.364313 0 
0.406343 0.0967209 
0.424877 0.139373 
0.396794 0.232785 
0.332539 0.44651 
0.298856 0.555074 
0.227235 0.78591 
0.21173 0.865585 
0.185572 1 
0.197124 0 
0.166031 0.143888 
0.194896 0.239793 
0.150101 0.41197 
0.11426 0.54361 
0.0913626 0.731994 
0.0906302 0.816313 
0.0723276 0.897554 
0.110579 1 
0 0 
0 0.0982347 
0 0.324893 
0 0.452787 
0 0.594437 
0 0.733879 
0 0.836484 
0 0.910417 
0 1 
