# Date: 8/4/2013   Time: 13:33
# dimensions 
1 1 
# connectivity 
9
4  1  2  3  4    1 1 
4  5  6  7  8    1 1 
5  9  10  11  12  13    1 1 
3  14  15  16    1 1 
8  17  18  19  20  21  22  23  24    1 1 
5  25  26  27  28  29    1 1 
5  30  31  32  33  34    1 1 
5  35  36  37  38  39    1 1 
4  40  41  42  43    1 1 
# DG vertices (counter-clockwise) 
43
0.870585  0  
1  0  
1  0.329609  
0.870585  0.255688  
0.370585  0  
0.870585  0  
0.870585  0.255688  
0.370585  0.23046  
0  0  
0.370585  0  
0.370585  0.23046  
0.272682  0.371506  
0  0.371506  
1  0.332285  
1  0.830271  
0.713232  0.830271  
0.272682  0.371506  
0.370585  0.23046  
0.870585  0.255688  
1  0.329609  
1  0.332285  
0.713232  0.830271  
0.704994  0.834922  
0.359665  0.62475  
0  0.371506  
0.272682  0.371506  
0.359665  0.62475  
0.204994  0.871506  
0  0.871506  
0.704994  0.834922  
0.713232  0.830271  
1  0.830271  
1  1  
0.704994  1  
0.359665  0.62475  
0.704994  0.834922  
0.704994  1  
0.204994  1  
0.204994  0.871506  
0  0.871506  
0.204994  0.871506  
0.204994  1  
0  1  
# grid vertices 
30
Inf Inf 
0.204994 0.871506 
0.370585 0.23046 
0.359665 0.62475 
0.704994 0.834922 
0.713232 0.830271 
0.272682 0.371506 
0.870585 0.255688 
1.00116 0.330271 
2.94449 0.330271 
0.870585 -1.6024 
0.370585 -1.48275 
2.52057 0.830271 
-1.40265 0.371506 
0.704994 2.64181 
0.204994 2.76011 
-1.68361 0.871506 
1 0 
0.870585 0 
1 0.329609 
0.370585 0 
0 0 
0 0.371506 
1 0.332285 
1 0.830271 
0 1 
0.204994 1 
0.704994 1 
1 1 
0 0.871506 
