# Date: 8/4/2013   Time: 10:18
# dimensions 
1 1 
# connectivity 
16
4 1 2 3 4 1 1 
4 5 6 7 8 1 1 
4 9 10 11 12 1 1 
4 13 14 15 16 1 1 
4 17 18 19 20 1 1 
4 21 22 23 24 1 1 
4 25 26 27 28 1 1 
4 29 30 31 32 1 1 
4 33 34 35 36 1 1 
4 37 38 39 40 1 1 
4 41 42 43 44 1 1 
4 45 46 47 48 1 1 
4 49 50 51 52 1 1 
4 53 54 55 56 1 1 
4 57 58 59 60 1 1 
4 61 62 63 64 1 1 
# DG vertices (counter-clockwise) 
64
 1 0 
 1 0.625698 
 0.890516 0.326711 
 0.776379 0 
 1 0.625698 
 1 0.792541 
 0.871955 0.669816 
 0.890516 0.326711 
 1 0.792541 
 1 0.846451 
 0.676406 0.875152 
 0.871955 0.669816 
 1 0.846451 
 1 1 
 0.662877 1 
 0.676406 0.875152 
 0.776379 0 
 0.890516 0.326711 
 0.673389 0.317063 
 0.708332 0 
 0.890516 0.326711 
 0.871955 0.669816 
 0.657197 0.463981 
 0.673389 0.317063 
 0.871955 0.669816 
 0.676406 0.875152 
 0.600647 0.609002 
 0.657197 0.463981 
 0.676406 0.875152 
 0.662877 1 
 0.448179 1 
 0.600647 0.609002 
 0.708332 0 
 0.673389 0.317063 
 0.548411 0.20882 
 0.269682 0 
 0.673389 0.317063 
 0.657197 0.463981 
 0.271358 0.564846 
 0.548411 0.20882 
 0.657197 0.463981 
 0.600647 0.609002 
 0.389345 0.776733 
 0.271358 0.564846 
 0.600647 0.609002 
 0.448179 1 
 0.301877 1 
 0.389345 0.776733 
 0.269682 0 
 0.548411 0.20882 
 0 0.356208 
 0 0 
 0.548411 0.20882 
 0.271358 0.564846 
 0 0.635783 
 0 0.356208 
 0.271358 0.564846 
 0.389345 0.776733 
 0 0.74917 
 0 0.635783 
 0.389345 0.776733 
 0.301877 1 
 0 1 
 0 0.74917 
# grid vertices (counter-clockwise) 
25
1 0 
1 0.625698 
1 0.792541 
1 0.846451 
1 1 
0.776379 0 
0.890516 0.326711 
0.871955 0.669816 
0.676406 0.875152 
0.662877 1 
0.708332 0 
0.673389 0.317063 
0.657197 0.463981 
0.600647 0.609002 
0.448179 1 
0.269682 0 
0.548411 0.20882 
0.271358 0.564846 
0.389345 0.776733 
0.301877 1 
0 0 
0 0.356208 
0 0.635783 
0 0.74917 
0 1 
