# Date: 8/4/2013   Time: 9:52
# dimensions 
1 1 
# connectivity 
16
4 1 2 3 4 1 1 
4 5 6 7 8 1 1 
4 9 10 11 12 1 1 
4 13 14 15 16 1 1 
4 17 18 19 20 1 1 
4 21 22 23 24 1 1 
4 25 26 27 28 1 1 
4 29 30 31 32 1 1 
4 33 34 35 36 1 1 
4 37 38 39 40 1 1 
4 41 42 43 44 1 1 
4 45 46 47 48 1 1 
4 49 50 51 52 1 1 
4 53 54 55 56 1 1 
4 57 58 59 60 1 1 
4 61 62 63 64 1 1 
# DG vertices (counter-clockwise) 
64
 1 0 
 1 0.256062 
 0.776587 0.202021 
 0.893218 0 
 1 0.256062 
 1 0.428333 
 0.684219 0.395399 
 0.776587 0.202021 
 1 0.428333 
 1 0.780536 
 0.704287 0.595694 
 0.684219 0.395399 
 1 0.780536 
 1 1 
 0.673177 1 
 0.704287 0.595694 
 0.893218 0 
 0.776587 0.202021 
 0.549499 0.256229 
 0.672253 0 
 0.776587 0.202021 
 0.684219 0.395399 
 0.492409 0.375394 
 0.549499 0.256229 
 0.684219 0.395399 
 0.704287 0.595694 
 0.458393 0.642634 
 0.492409 0.375394 
 0.704287 0.595694 
 0.673177 1 
 0.412904 1 
 0.458393 0.642634 
 0.672253 0 
 0.549499 0.256229 
 0.424877 0.139373 
 0.364313 0 
 0.549499 0.256229 
 0.492409 0.375394 
 0.332539 0.44651 
 0.424877 0.139373 
 0.492409 0.375394 
 0.458393 0.642634 
 0.227235 0.78591 
 0.332539 0.44651 
 0.458393 0.642634 
 0.412904 1 
 0.185572 1 
 0.227235 0.78591 
 0.364313 0 
 0.424877 0.139373 
 0 0.324893 
 0 0 
 0.424877 0.139373 
 0.332539 0.44651 
 0 0.594437 
 0 0.324893 
 0.332539 0.44651 
 0.227235 0.78591 
 0 0.836484 
 0 0.594437 
 0.227235 0.78591 
 0.185572 1 
 0 1 
 0 0.836484 
# grid vertices (counter-clockwise) 
25
1 0 
1 0.256062 
1 0.428333 
1 0.780536 
1 1 
0.893218 0 
0.776587 0.202021 
0.684219 0.395399 
0.704287 0.595694 
0.673177 1 
0.672253 0 
0.549499 0.256229 
0.492409 0.375394 
0.458393 0.642634 
0.412904 1 
0.364313 0 
0.424877 0.139373 
0.332539 0.44651 
0.227235 0.78591 
0.185572 1 
0 0 
0 0.324893 
0 0.594437 
0 0.836484 
0 1 
