# Date: 8/4/2013   Time: 12:51
# dimensions 
1 1 
# connectivity 
25
4  1  2  3  4    1 1 
4  5  6  7  8    1 1 
4  9  10  11  12    1 1 
3  13  14  15    1 1 
4  16  17  18  19    1 1 
5  20  21  22  23  24    1 1 
8  25  26  27  28  29  30  31  32    1 1 
6  33  34  35  36  37  38    1 1 
7  39  40  41  42  43  44  45    1 1 
5  46  47  48  49  50    1 1 
4  51  52  53  54    1 1 
4  55  56  57  58    1 1 
6  59  60  61  62  63  64    1 1 
7  65  66  67  68  69  70  71    1 1 
4  72  73  74  75    1 1 
5  76  77  78  79  80    1 1 
8  81  82  83  84  85  86  87  88    1 1 
4  89  90  91  92    1 1 
7  93  94  95  96  97  98  99    1 1 
6  100  101  102  103  104  105    1 1 
4  106  107  108  109    1 1 
4  110  111  112  113    1 1 
6  114  115  116  117  118  119    1 1 
5  120  121  122  123  124    1 1 
4  125  126  127  128    1 1 
# DG vertices (counter-clockwise) 
128
0.884758  0  
1  0  
1  0.0858533  
0.884758  0.0858533  
0.613047  0  
0.884758  0  
0.884758  0.0858533  
0.839612  0.146454  
0.306243  0  
0.448408  0  
0.313459  0.0721465  
0.306243  0.047669  
0.209062  0  
0.306243  0  
0.306243  0.047669  
0  0  
0.121087  0  
0.116032  0.0334417  
0  0.0334417  
0.839612  0.146454  
0.884758  0.0858533  
1  0.0858533  
1  0.232045  
0.831911  0.232045  
0.55747  0.110365  
0.549687  0.0597691  
0.564175  0  
0.613047  0  
0.839612  0.146454  
0.831911  0.232045  
0.811468  0.27611  
0.799322  0.284308  
0.448408  0  
0.564175  0  
0.549687  0.0597691  
0.335013  0.174538  
0.301924  0.11961  
0.313459  0.0721465  
0.116032  0.0334417  
0.121087  0  
0.209062  0  
0.306243  0.047669  
0.313459  0.0721465  
0.301924  0.11961  
0.124313  0.0964926  
0  0.0334417  
0.116032  0.0334417  
0.124313  0.0964926  
0.107056  0.128549  
0  0.128549  
0.811468  0.27611  
0.831911  0.232045  
1  0.232045  
1  0.413241  
0.527182  0.254209  
0.55747  0.110365  
0.799322  0.284308  
0.710292  0.381615  
0.335013  0.174538  
0.549687  0.0597691  
0.55747  0.110365  
0.527182  0.254209  
0.34121  0.325692  
0.339345  0.325119  
0.107056  0.128549  
0.124313  0.0964926  
0.301924  0.11961  
0.335013  0.174538  
0.339345  0.325119  
0.123833  0.412511  
0.115101  0.408216  
0  0.128549  
0.107056  0.128549  
0.115101  0.408216  
0  0.408216  
0.749735  0.708924  
1  0.638457  
1  0.929412  
0.954716  0.929412  
0.839296  0.855367  
0.710292  0.381615  
0.799322  0.284308  
0.811468  0.27611  
1  0.413241  
1  0.638457  
0.749735  0.708924  
0.640944  0.685988  
0.639096  0.669741  
0.34121  0.325692  
0.527182  0.254209  
0.710292  0.381615  
0.639096  0.669741  
0.123833  0.412511  
0.339345  0.325119  
0.34121  0.325692  
0.639096  0.669741  
0.640944  0.685988  
0.485466  0.819272  
0.232059  0.7423  
0  0.408216  
0.115101  0.408216  
0.123833  0.412511  
0.232059  0.7423  
0.100885  0.813109  
0  0.813109  
0.954716  0.929412  
1  0.929412  
1  1  
0.954716  1  
0.839296  0.855367  
0.954716  0.929412  
0.954716  1  
0.839296  1  
0.485466  0.819272  
0.640944  0.685988  
0.749735  0.708924  
0.839296  0.855367  
0.839296  1  
0.485466  1  
0.100885  0.813109  
0.232059  0.7423  
0.485466  0.819272  
0.485466  1  
0.100885  1  
0  0.813109  
0.100885  0.813109  
0.100885  1  
0  1  
# grid vertices 
74
Inf Inf 
0.313459 0.0721465 
0.639096 0.669741 
0.306243 0.047669 
0.232059 0.7423 
0.640944 0.685988 
0.123833 0.412511 
0.12716 -0.0401743 
0.124313 0.0964926 
0.116032 0.0334417 
0.335013 0.174538 
0.100885 0.813109 
0.301924 0.11961 
0.485466 0.819272 
0.107056 0.128549 
0.115101 0.408216 
0.55747 0.110365 
0.339345 0.325119 
0.34121 0.325692 
0.710292 0.381615 
0.954716 0.929412 
0.749735 0.708924 
0.839296 0.855367 
0.799322 0.284308 
1.22322 0.575604 
0.563841 -0.0617133 
0.811468 0.27611 
0.549687 0.0597691 
0.527182 0.254209 
0.570795 -0.0273119 
0.831911 0.232045 
0.839612 0.146454 
0.884758 0.0858533 
2.86427 0.0858533 
0.884758 -1.89365 
0.563841 -2.04126 
0.306243 -1.85863 
0.12716 -2.11074 
2.6727 0.232045 
-1.90242 0.0334417 
3.3646 0.575604 
-1.84788 0.128549 
2.99436 0.929412 
-1.6948 0.408216 
0.954716 2.96905 
0.839296 2.76091 
0.485466 2.55309 
0.100885 2.7346 
-1.82061 0.813109 
1 0 
0.884758 0 
1 0.0858533 
0.613047 0 
0.448408 0 
0.306243 0 
0.209062 0 
0.121087 0 
0 0 
0 0.0334417 
1 0.232045 
0.564175 0 
0 0.128549 
1 0.413241 
0 0.408216 
1 0.638457 
1 0.929412 
1 0.413241 
0 1 
0.100885 1 
0.954716 1 
1 1 
0.839296 1 
0.485466 1 
0 0.813109 
