# Date: 8/4/2013   Time: 12:51
# dimensions 
1 1 
# connectivity 
289
4  1  2  3  4    1 1 
5  5  6  7  8  9    1 1 
4  10  11  12  13    1 1 
4  14  15  16  17    1 1 
3  18  19  20    1 1 
4  21  22  23  24    1 1 
4  25  26  27  28    1 1 
4  29  30  31  32    1 1 
3  33  34  35    1 1 
5  36  37  38  39  40    1 1 
4  41  42  43  44    1 1 
3  45  46  47    1 1 
3  48  49  50    1 1 
3  51  52  53    1 1 
3  54  55  56    1 1 
4  57  58  59  60    1 1 
4  61  62  63  64    1 1 
5  65  66  67  68  69    1 1 
7  70  71  72  73  74  75  76    1 1 
6  77  78  79  80  81  82    1 1 
5  83  84  85  86  87    1 1 
6  88  89  90  91  92  93    1 1 
8  94  95  96  97  98  99  100  101    1 1 
7  102  103  104  105  106  107  108    1 1 
5  109  110  111  112  113    1 1 
4  114  115  116  117    1 1 
7  118  119  120  121  122  123  124    1 1 
6  125  126  127  128  129  130    1 1 
6  131  132  133  134  135  136    1 1 
4  137  138  139  140    1 1 
7  141  142  143  144  145  146  147    1 1 
8  148  149  150  151  152  153  154  155    1 1 
6  156  157  158  159  160  161    1 1 
5  162  163  164  165  166    1 1 
5  167  168  169  170  171    1 1 
5  172  173  174  175  176    1 1 
4  177  178  179  180    1 1 
7  181  182  183  184  185  186  187    1 1 
5  188  189  190  191  192    1 1 
5  193  194  195  196  197    1 1 
4  198  199  200  201    1 1 
5  202  203  204  205  206    1 1 
5  207  208  209  210  211    1 1 
8  212  213  214  215  216  217  218  219    1 1 
7  220  221  222  223  224  225  226    1 1 
5  227  228  229  230  231    1 1 
5  232  233  234  235  236    1 1 
7  237  238  239  240  241  242  243    1 1 
7  244  245  246  247  248  249  250    1 1 
6  251  252  253  254  255  256    1 1 
4  257  258  259  260    1 1 
4  261  262  263  264    1 1 
6  265  266  267  268  269  270    1 1 
8  271  272  273  274  275  276  277  278    1 1 
5  279  280  281  282  283    1 1 
7  284  285  286  287  288  289  290    1 1 
6  291  292  293  294  295  296    1 1 
5  297  298  299  300  301    1 1 
6  302  303  304  305  306  307    1 1 
6  308  309  310  311  312  313    1 1 
4  314  315  316  317    1 1 
3  318  319  320    1 1 
10  321  322  323  324  325  326  327  328  329  330    1 1 
4  331  332  333  334    1 1 
4  335  336  337  338    1 1 
4  339  340  341  342    1 1 
5  343  344  345  346  347    1 1 
5  348  349  350  351  352    1 1 
4  353  354  355  356    1 1 
6  357  358  359  360  361  362    1 1 
7  363  364  365  366  367  368  369    1 1 
5  370  371  372  373  374    1 1 
7  375  376  377  378  379  380  381    1 1 
7  382  383  384  385  386  387  388    1 1 
6  389  390  391  392  393  394    1 1 
4  395  396  397  398    1 1 
7  399  400  401  402  403  404  405    1 1 
6  406  407  408  409  410  411    1 1 
5  412  413  414  415  416    1 1 
5  417  418  419  420  421    1 1 
6  422  423  424  425  426  427    1 1 
7  428  429  430  431  432  433  434    1 1 
5  435  436  437  438  439    1 1 
6  440  441  442  443  444  445    1 1 
6  446  447  448  449  450  451    1 1 
3  452  453  454    1 1 
7  455  456  457  458  459  460  461    1 1 
5  462  463  464  465  466    1 1 
7  467  468  469  470  471  472  473    1 1 
5  474  475  476  477  478    1 1 
8  479  480  481  482  483  484  485  486    1 1 
4  487  488  489  490    1 1 
5  491  492  493  494  495    1 1 
7  496  497  498  499  500  501  502    1 1 
9  503  504  505  506  507  508  509  510  511    1 1 
5  512  513  514  515  516    1 1 
8  517  518  519  520  521  522  523  524    1 1 
7  525  526  527  528  529  530  531    1 1 
8  532  533  534  535  536  537  538  539    1 1 
6  540  541  542  543  544  545    1 1 
9  546  547  548  549  550  551  552  553  554    1 1 
4  555  556  557  558    1 1 
4  559  560  561  562    1 1 
8  563  564  565  566  567  568  569  570    1 1 
4  571  572  573  574    1 1 
5  575  576  577  578  579    1 1 
4  580  581  582  583    1 1 
6  584  585  586  587  588  589    1 1 
10  590  591  592  593  594  595  596  597  598  599    1 1 
5  600  601  602  603  604    1 1 
4  605  606  607  608    1 1 
4  609  610  611  612    1 1 
5  613  614  615  616  617    1 1 
5  618  619  620  621  622    1 1 
6  623  624  625  626  627  628    1 1 
6  629  630  631  632  633  634    1 1 
6  635  636  637  638  639  640    1 1 
7  641  642  643  644  645  646  647    1 1 
5  648  649  650  651  652    1 1 
4  653  654  655  656    1 1 
5  657  658  659  660  661    1 1 
7  662  663  664  665  666  667  668    1 1 
7  669  670  671  672  673  674  675    1 1 
8  676  677  678  679  680  681  682  683    1 1 
10  684  685  686  687  688  689  690  691  692  693    1 1 
7  694  695  696  697  698  699  700    1 1 
5  701  702  703  704  705    1 1 
6  706  707  708  709  710  711    1 1 
10  712  713  714  715  716  717  718  719  720  721    1 1 
6  722  723  724  725  726  727    1 1 
8  728  729  730  731  732  733  734  735    1 1 
5  736  737  738  739  740    1 1 
4  741  742  743  744    1 1 
6  745  746  747  748  749  750    1 1 
9  751  752  753  754  755  756  757  758  759    1 1 
4  760  761  762  763    1 1 
5  764  765  766  767  768    1 1 
8  769  770  771  772  773  774  775  776    1 1 
5  777  778  779  780  781    1 1 
5  782  783  784  785  786    1 1 
5  787  788  789  790  791    1 1 
6  792  793  794  795  796  797    1 1 
5  798  799  800  801  802    1 1 
4  803  804  805  806    1 1 
4  807  808  809  810    1 1 
7  811  812  813  814  815  816  817    1 1 
5  818  819  820  821  822    1 1 
5  823  824  825  826  827    1 1 
4  828  829  830  831    1 1 
5  832  833  834  835  836    1 1 
8  837  838  839  840  841  842  843  844    1 1 
6  845  846  847  848  849  850    1 1 
4  851  852  853  854    1 1 
4  855  856  857  858    1 1 
7  859  860  861  862  863  864  865    1 1 
6  866  867  868  869  870  871    1 1 
7  872  873  874  875  876  877  878    1 1 
8  879  880  881  882  883  884  885  886    1 1 
7  887  888  889  890  891  892  893    1 1 
7  894  895  896  897  898  899  900    1 1 
3  901  902  903    1 1 
5  904  905  906  907  908    1 1 
8  909  910  911  912  913  914  915  916    1 1 
7  917  918  919  920  921  922  923    1 1 
4  924  925  926  927    1 1 
8  928  929  930  931  932  933  934  935    1 1 
5  936  937  938  939  940    1 1 
5  941  942  943  944  945    1 1 
5  946  947  948  949  950    1 1 
5  951  952  953  954  955    1 1 
5  956  957  958  959  960    1 1 
6  961  962  963  964  965  966    1 1 
5  967  968  969  970  971    1 1 
6  972  973  974  975  976  977    1 1 
5  978  979  980  981  982    1 1 
5  983  984  985  986  987    1 1 
8  988  989  990  991  992  993  994  995    1 1 
7  996  997  998  999  1000  1001  1002    1 1 
6  1003  1004  1005  1006  1007  1008    1 1 
5  1009  1010  1011  1012  1013    1 1 
7  1014  1015  1016  1017  1018  1019  1020    1 1 
7  1021  1022  1023  1024  1025  1026  1027    1 1 
7  1028  1029  1030  1031  1032  1033  1034    1 1 
7  1035  1036  1037  1038  1039  1040  1041    1 1 
5  1042  1043  1044  1045  1046    1 1 
7  1047  1048  1049  1050  1051  1052  1053    1 1 
4  1054  1055  1056  1057    1 1 
4  1058  1059  1060  1061    1 1 
5  1062  1063  1064  1065  1066    1 1 
5  1067  1068  1069  1070  1071    1 1 
9  1072  1073  1074  1075  1076  1077  1078  1079  1080    1 1 
5  1081  1082  1083  1084  1085    1 1 
6  1086  1087  1088  1089  1090  1091    1 1 
7  1092  1093  1094  1095  1096  1097  1098    1 1 
7  1099  1100  1101  1102  1103  1104  1105    1 1 
4  1106  1107  1108  1109    1 1 
6  1110  1111  1112  1113  1114  1115    1 1 
6  1116  1117  1118  1119  1120  1121    1 1 
6  1122  1123  1124  1125  1126  1127    1 1 
5  1128  1129  1130  1131  1132    1 1 
7  1133  1134  1135  1136  1137  1138  1139    1 1 
7  1140  1141  1142  1143  1144  1145  1146    1 1 
5  1147  1148  1149  1150  1151    1 1 
4  1152  1153  1154  1155    1 1 
4  1156  1157  1158  1159    1 1 
7  1160  1161  1162  1163  1164  1165  1166    1 1 
4  1167  1168  1169  1170    1 1 
5  1171  1172  1173  1174  1175    1 1 
5  1176  1177  1178  1179  1180    1 1 
6  1181  1182  1183  1184  1185  1186    1 1 
5  1187  1188  1189  1190  1191    1 1 
6  1192  1193  1194  1195  1196  1197    1 1 
5  1198  1199  1200  1201  1202    1 1 
7  1203  1204  1205  1206  1207  1208  1209    1 1 
7  1210  1211  1212  1213  1214  1215  1216    1 1 
6  1217  1218  1219  1220  1221  1222    1 1 
5  1223  1224  1225  1226  1227    1 1 
7  1228  1229  1230  1231  1232  1233  1234    1 1 
5  1235  1236  1237  1238  1239    1 1 
6  1240  1241  1242  1243  1244  1245    1 1 
6  1246  1247  1248  1249  1250  1251    1 1 
4  1252  1253  1254  1255    1 1 
6  1256  1257  1258  1259  1260  1261    1 1 
8  1262  1263  1264  1265  1266  1267  1268  1269    1 1 
6  1270  1271  1272  1273  1274  1275    1 1 
6  1276  1277  1278  1279  1280  1281    1 1 
8  1282  1283  1284  1285  1286  1287  1288  1289    1 1 
6  1290  1291  1292  1293  1294  1295    1 1 
7  1296  1297  1298  1299  1300  1301  1302    1 1 
6  1303  1304  1305  1306  1307  1308    1 1 
7  1309  1310  1311  1312  1313  1314  1315    1 1 
6  1316  1317  1318  1319  1320  1321    1 1 
6  1322  1323  1324  1325  1326  1327    1 1 
5  1328  1329  1330  1331  1332    1 1 
6  1333  1334  1335  1336  1337  1338    1 1 
5  1339  1340  1341  1342  1343    1 1 
7  1344  1345  1346  1347  1348  1349  1350    1 1 
6  1351  1352  1353  1354  1355  1356    1 1 
5  1357  1358  1359  1360  1361    1 1 
7  1362  1363  1364  1365  1366  1367  1368    1 1 
5  1369  1370  1371  1372  1373    1 1 
7  1374  1375  1376  1377  1378  1379  1380    1 1 
6  1381  1382  1383  1384  1385  1386    1 1 
5  1387  1388  1389  1390  1391    1 1 
6  1392  1393  1394  1395  1396  1397    1 1 
5  1398  1399  1400  1401  1402    1 1 
5  1403  1404  1405  1406  1407    1 1 
5  1408  1409  1410  1411  1412    1 1 
7  1413  1414  1415  1416  1417  1418  1419    1 1 
5  1420  1421  1422  1423  1424    1 1 
6  1425  1426  1427  1428  1429  1430    1 1 
10  1431  1432  1433  1434  1435  1436  1437  1438  1439  1440    1 1 
6  1441  1442  1443  1444  1445  1446    1 1 
5  1447  1448  1449  1450  1451    1 1 
5  1452  1453  1454  1455  1456    1 1 
6  1457  1458  1459  1460  1461  1462    1 1 
7  1463  1464  1465  1466  1467  1468  1469    1 1 
5  1470  1471  1472  1473  1474    1 1 
6  1475  1476  1477  1478  1479  1480    1 1 
7  1481  1482  1483  1484  1485  1486  1487    1 1 
6  1488  1489  1490  1491  1492  1493    1 1 
5  1494  1495  1496  1497  1498    1 1 
8  1499  1500  1501  1502  1503  1504  1505  1506    1 1 
7  1507  1508  1509  1510  1511  1512  1513    1 1 
6  1514  1515  1516  1517  1518  1519    1 1 
7  1520  1521  1522  1523  1524  1525  1526    1 1 
6  1527  1528  1529  1530  1531  1532    1 1 
6  1533  1534  1535  1536  1537  1538    1 1 
6  1539  1540  1541  1542  1543  1544    1 1 
5  1545  1546  1547  1548  1549    1 1 
7  1550  1551  1552  1553  1554  1555  1556    1 1 
4  1557  1558  1559  1560    1 1 
4  1561  1562  1563  1564    1 1 
4  1565  1566  1567  1568    1 1 
4  1569  1570  1571  1572    1 1 
5  1573  1574  1575  1576  1577    1 1 
4  1578  1579  1580  1581    1 1 
5  1582  1583  1584  1585  1586    1 1 
4  1587  1588  1589  1590    1 1 
4  1591  1592  1593  1594    1 1 
5  1595  1596  1597  1598  1599    1 1 
5  1600  1601  1602  1603  1604    1 1 
4  1605  1606  1607  1608    1 1 
4  1609  1610  1611  1612    1 1 
5  1613  1614  1615  1616  1617    1 1 
5  1618  1619  1620  1621  1622    1 1 
5  1623  1624  1625  1626  1627    1 1 
5  1628  1629  1630  1631  1632    1 1 
4  1633  1634  1635  1636    1 1 
# DG vertices (counter-clockwise) 
1636
0.97239  0  
1  0  
1  0.0176421  
0.977645  0.0176421  
0.883591  0.00177814  
0.883591  0  
0.94311  0  
0.934276  0.0131492  
0.884988  0.00552866  
0.827157  0  
0.883591  0  
0.883591  0.00177814  
0.834595  0.0177599  
0.761045  0  
0.805718  0  
0.799147  0.0191851  
0.782768  0.0185845  
0.684277  0  
0.697017  0  
0.684277  0.0120661  
0.669377  0  
0.684277  0  
0.684277  0.0120661  
0.682522  0.0152679  
0.615018  0  
0.660894  0  
0.641055  0.0358872  
0.626308  0.033803  
0.496287  0.00403803  
0.495656  0  
0.522635  0  
0.511  0.0153303  
0.450833  0  
0.476675  0  
0.460438  0.01825  
0.391655  8.66422e-05  
0.391645  0  
0.440212  0  
0.422863  0.0159369  
0.409249  0.0150855  
0.262504  0  
0.310043  0  
0.306918  0.010475  
0.263556  0.0151229  
0.201375  0  
0.231214  0  
0.214355  0.0171206  
0.168413  0  
0.197889  0  
0.183833  0.0122456  
0.0925713  0  
0.123965  0  
0.10276  0.0178448  
0.0689743  0  
0.0889978  0  
0.0773202  0.0104076  
0.0236826  0  
0.0549792  0  
0.045415  0.0219422  
0.0350637  0.0201218  
0  0  
0.0129864  0  
0.00572176  0.00927966  
0  0.00927966  
0.977245  0.0186477  
0.977645  0.0176421  
1  0.0176421  
1  0.0503003  
0.986907  0.0503003  
0.934276  0.0131492  
0.94311  0  
0.97239  0  
0.977645  0.0176421  
0.977245  0.0186477  
0.958322  0.0302229  
0.934977  0.0153487  
0.885412  0.0114487  
0.884988  0.00552866  
0.934276  0.0131492  
0.934977  0.0153487  
0.925739  0.0479944  
0.916682  0.0535341  
0.805718  0  
0.827157  0  
0.834595  0.0177599  
0.820517  0.0410677  
0.799147  0.0191851  
0.718603  0  
0.758842  0  
0.748318  0.0281569  
0.743786  0.033609  
0.716988  0.0186044  
0.714959  0.0162483  
0.682522  0.0152679  
0.684277  0.0120661  
0.697017  0  
0.718603  0  
0.714959  0.0162483  
0.697152  0.0271591  
0.684356  0.0297141  
0.68355  0.0297042  
0.660894  0  
0.669377  0  
0.682522  0.0152679  
0.68355  0.0297042  
0.681844  0.0309109  
0.652717  0.0415723  
0.641055  0.0358872  
0.522635  0  
0.557005  0  
0.544566  0.0356146  
0.512601  0.0187037  
0.511  0.0153303  
0.476675  0  
0.482227  0  
0.461988  0.0227498  
0.460438  0.01825  
0.342216  0  
0.391645  0  
0.391655  8.66422e-05  
0.388339  0.00503105  
0.374091  0.0209209  
0.369624  0.0242067  
0.343009  0.0194209  
0.306918  0.010475  
0.310043  0  
0.342216  0  
0.343009  0.0194209  
0.33557  0.027954  
0.313013  0.0216491  
0.214355  0.0171206  
0.231214  0  
0.262504  0  
0.263556  0.0151229  
0.251743  0.0555315  
0.236629  0.0577576  
0.154169  0  
0.168413  0  
0.183833  0.0122456  
0.178313  0.0191731  
0.0773202  0.0104076  
0.0889978  0  
0.0925713  0  
0.10276  0.0178448  
0.100027  0.0237472  
0.0844305  0.0313976  
0.0818992  0.0320433  
0.0549792  0  
0.0689743  0  
0.0773202  0.0104076  
0.0818992  0.0320433  
0.0751961  0.0377715  
0.0664335  0.0364801  
0.0509597  0.0288566  
0.045415  0.0219422  
0.00572176  0.00927966  
0.0129864  0  
0.0236826  0  
0.0350637  0.0201218  
0.0201012  0.0283853  
0.0122609  0.0269698  
0  0.00927966  
0.00572176  0.00927966  
0.0122609  0.0269698  
0.004514  0.0305873  
0  0.0305873  
0.972503  0.0734067  
0.986907  0.0503003  
1  0.0503003  
1  0.105218  
0.970687  0.0987205  
0.958322  0.0302229  
0.977245  0.0186477  
0.986907  0.0503003  
0.972503  0.0734067  
0.949802  0.0438901  
0.934977  0.0153487  
0.958322  0.0302229  
0.949802  0.0438901  
0.925739  0.0479944  
0.834595  0.0177599  
0.883591  0.00177814  
0.884988  0.00552866  
0.885412  0.0114487  
0.865415  0.0438387  
0.82326  0.0596169  
0.820517  0.0410677  
0.758842  0  
0.761045  0  
0.782768  0.0185845  
0.77517  0.0389144  
0.748318  0.0281569  
0.716988  0.0186044  
0.743786  0.033609  
0.742609  0.0418954  
0.726051  0.0646961  
0.722035  0.0559232  
0.697152  0.0271591  
0.714959  0.0162483  
0.716988  0.0186044  
0.722035  0.0559232  
0.569478  0  
0.615018  0  
0.626308  0.033803  
0.623077  0.0368313  
0.586784  0.0304871  
0.482227  0  
0.495656  0  
0.496287  0.00403803  
0.466499  0.0375205  
0.461988  0.0227498  
0.422863  0.0159369  
0.440212  0  
0.450833  0  
0.460438  0.01825  
0.461988  0.0227498  
0.466499  0.0375205  
0.465999  0.044306  
0.44044  0.0386905  
0.388339  0.00503105  
0.391655  8.66422e-05  
0.409249  0.0150855  
0.407532  0.0510591  
0.402673  0.0572171  
0.401396  0.0571783  
0.394904  0.043863  
0.263556  0.0151229  
0.306918  0.010475  
0.313013  0.0216491  
0.275803  0.0692632  
0.251743  0.0555315  
0.138776  0.00652834  
0.137464  0  
0.154169  0  
0.178313  0.0191731  
0.173422  0.0340413  
0.123965  0  
0.137464  0  
0.138776  0.00652834  
0.135465  0.0260842  
0.122903  0.0397469  
0.100027  0.0237472  
0.10276  0.0178448  
0.0201012  0.0283853  
0.0350637  0.0201218  
0.045415  0.0219422  
0.0509597  0.0288566  
0.0329977  0.0545117  
0.0304347  0.0559974  
0.0217665  0.0497348  
0.004514  0.0305873  
0.0122609  0.0269698  
0.0201012  0.0283853  
0.0217665  0.0497348  
0.00976739  0.052639  
0.00603375  0.0500707  
0  0.0305873  
0.004514  0.0305873  
0.00603375  0.0500707  
0  0.0500707  
0.984562  0.157935  
1  0.13294  
1  0.173138  
0.992007  0.173138  
0.938947  0.113297  
0.970687  0.0987205  
1  0.105218  
1  0.13294  
0.984562  0.157935  
0.975809  0.153418  
0.914062  0.0687355  
0.916682  0.0535341  
0.925739  0.0479944  
0.949802  0.0438901  
0.972503  0.0734067  
0.970687  0.0987205  
0.938947  0.113297  
0.933649  0.114201  
0.865415  0.0438387  
0.885412  0.0114487  
0.916682  0.0535341  
0.914062  0.0687355  
0.88183  0.0692359  
0.77517  0.0389144  
0.782768  0.0185845  
0.799147  0.0191851  
0.820517  0.0410677  
0.82326  0.0596169  
0.82143  0.0645124  
0.776045  0.0520803  
0.743786  0.033609  
0.748318  0.0281569  
0.77517  0.0389144  
0.776045  0.0520803  
0.773537  0.0535489  
0.742609  0.0418954  
0.684356  0.0297141  
0.697152  0.0271591  
0.722035  0.0559232  
0.726051  0.0646961  
0.723665  0.0751528  
0.557005  0  
0.569478  0  
0.586784  0.0304871  
0.554651  0.048691  
0.546359  0.0501745  
0.544566  0.0356146  
0.496287  0.00403803  
0.511  0.0153303  
0.512601  0.0187037  
0.474847  0.0611401  
0.465999  0.044306  
0.466499  0.0375205  
0.409249  0.0150855  
0.422863  0.0159369  
0.44044  0.0386905  
0.407532  0.0510591  
0.374091  0.0209209  
0.388339  0.00503105  
0.394904  0.043863  
0.173422  0.0340413  
0.178313  0.0191731  
0.183833  0.0122456  
0.197889  0  
0.201375  0  
0.214355  0.0171206  
0.236629  0.0577576  
0.207083  0.0757827  
0.179214  0.0710063  
0.175087  0.0575494  
0.135465  0.0260842  
0.138776  0.00652834  
0.173422  0.0340413  
0.175087  0.0575494  
0.0844305  0.0313976  
0.100027  0.0237472  
0.122903  0.0397469  
0.124398  0.0658422  
0.0509597  0.0288566  
0.0664335  0.0364801  
0.0512055  0.0582303  
0.0329977  0.0545117  
0.00976739  0.052639  
0.0217665  0.0497348  
0.0304347  0.0559974  
0.0286753  0.0959666  
0.0062719  0.0654254  
0  0.0500707  
0.00603375  0.0500707  
0.00976739  0.052639  
0.0062719  0.0654254  
0  0.0654254  
0.983196  0.182463  
0.992007  0.173138  
1  0.173138  
1  0.204051  
0.975809  0.153418  
0.984562  0.157935  
0.992007  0.173138  
0.983196  0.182463  
0.978529  0.185167  
0.958021  0.172244  
0.930778  0.117239  
0.933649  0.114201  
0.938947  0.113297  
0.975809  0.153418  
0.958021  0.172244  
0.923915  0.165449  
0.910849  0.155751  
0.88183  0.0692359  
0.914062  0.0687355  
0.933649  0.114201  
0.930778  0.117239  
0.85872  0.093695  
0.821801  0.0701663  
0.82143  0.0645124  
0.82326  0.0596169  
0.865415  0.0438387  
0.88183  0.0692359  
0.85872  0.093695  
0.857075  0.0941526  
0.723665  0.0751528  
0.726051  0.0646961  
0.742609  0.0418954  
0.773537  0.0535489  
0.737439  0.112972  
0.72768  0.109771  
0.722126  0.0927178  
0.681844  0.0309109  
0.68355  0.0297042  
0.684356  0.0297141  
0.723665  0.0751528  
0.722126  0.0927178  
0.698508  0.0761837  
0.586784  0.0304871  
0.623077  0.0368313  
0.612865  0.0541637  
0.554651  0.048691  
0.474847  0.0611401  
0.512601  0.0187037  
0.544566  0.0356146  
0.546359  0.0501745  
0.532668  0.0864531  
0.522261  0.0981507  
0.480957  0.083286  
0.369624  0.0242067  
0.374091  0.0209209  
0.394904  0.043863  
0.401396  0.0571783  
0.377271  0.0630716  
0.370244  0.0600818  
0.33557  0.027954  
0.343009  0.0194209  
0.369624  0.0242067  
0.370244  0.0600818  
0.336204  0.0646412  
0.313013  0.0216491  
0.33557  0.027954  
0.336204  0.0646412  
0.304425  0.0962988  
0.275803  0.0692632  
0.122903  0.0397469  
0.135465  0.0260842  
0.175087  0.0575494  
0.179214  0.0710063  
0.130879  0.0940868  
0.124398  0.0658422  
0.0751961  0.0377715  
0.0818992  0.0320433  
0.0844305  0.0313976  
0.124398  0.0658422  
0.130879  0.0940868  
0.115694  0.111396  
0.0894291  0.0997992  
0.0512055  0.0582303  
0.0664335  0.0364801  
0.0751961  0.0377715  
0.0894291  0.0997992  
0.0607705  0.0999146  
0.0304347  0.0559974  
0.0329977  0.0545117  
0.0512055  0.0582303  
0.0607705  0.0999146  
0.0309129  0.105718  
0.0286753  0.0959666  
0  0.0654254  
0.0062719  0.0654254  
0.0286753  0.0959666  
0.0309129  0.105718  
0.021369  0.114232  
0  0.114232  
1  0.204452  
1  0.226874  
0.984756  0.215833  
0.974842  0.19276  
0.978529  0.185167  
0.983196  0.182463  
1  0.204051  
1  0.204452  
0.984756  0.215833  
0.969166  0.214319  
0.923915  0.165449  
0.958021  0.172244  
0.978529  0.185167  
0.974842  0.19276  
0.937192  0.185258  
0.854681  0.117258  
0.857075  0.0941526  
0.85872  0.093695  
0.930778  0.117239  
0.910849  0.155751  
0.909073  0.156792  
0.893524  0.15544  
0.800343  0.098889  
0.821801  0.0701663  
0.857075  0.0941526  
0.854681  0.117258  
0.841129  0.126624  
0.773537  0.0535489  
0.776045  0.0520803  
0.82143  0.0645124  
0.821801  0.0701663  
0.800343  0.098889  
0.76326  0.128879  
0.762722  0.128887  
0.737439  0.112972  
0.652717  0.0415723  
0.681844  0.0309109  
0.698508  0.0761837  
0.660216  0.0619442  
0.546359  0.0501745  
0.554651  0.048691  
0.612865  0.0541637  
0.607964  0.0796462  
0.532668  0.0864531  
0.522261  0.0981507  
0.532668  0.0864531  
0.607964  0.0796462  
0.620967  0.102276  
0.609142  0.120817  
0.60533  0.122894  
0.523697  0.102396  
0.402673  0.0572171  
0.407532  0.0510591  
0.44044  0.0386905  
0.465999  0.044306  
0.474847  0.0611401  
0.480957  0.083286  
0.476161  0.0857862  
0.440689  0.0928183  
0.415731  0.0746438  
0.377271  0.0630716  
0.401396  0.0571783  
0.402673  0.0572171  
0.415731  0.0746438  
0.380159  0.104445  
0.336204  0.0646412  
0.370244  0.0600818  
0.377271  0.0630716  
0.380159  0.104445  
0.380153  0.104477  
0.318297  0.125048  
0.309287  0.119067  
0.304425  0.0962988  
0.318297  0.125048  
0.380153  0.104477  
0.410956  0.126517  
0.410971  0.146415  
0.393802  0.167343  
0.37869  0.171086  
0.344782  0.165418  
0.207083  0.0757827  
0.236629  0.0577576  
0.251743  0.0555315  
0.275803  0.0692632  
0.304425  0.0962988  
0.309287  0.119067  
0.227514  0.179531  
0.220302  0.171474  
0.130879  0.0940868  
0.179214  0.0710063  
0.207083  0.0757827  
0.220302  0.171474  
0.120823  0.141519  
0.115694  0.111396  
0.021369  0.114232  
0.0309129  0.105718  
0.0607705  0.0999146  
0.0894291  0.0997992  
0.115694  0.111396  
0.120823  0.141519  
0.102234  0.17687  
0.0475793  0.188203  
0.0376065  0.178615  
0  0.114232  
0.021369  0.114232  
0.0376065  0.178615  
0  0.178615  
1  0.233264  
1  0.270216  
0.965296  0.270216  
0.962578  0.263959  
0.955273  0.225714  
0.969166  0.214319  
0.984756  0.215833  
1  0.226874  
1  0.233264  
0.962578  0.263959  
0.948517  0.245111  
0.948112  0.24163  
0.937192  0.185258  
0.974842  0.19276  
0.969166  0.214319  
0.955273  0.225714  
0.841129  0.126624  
0.854681  0.117258  
0.893524  0.15544  
0.826869  0.177899  
0.820241  0.167626  
0.76326  0.128879  
0.800343  0.098889  
0.841129  0.126624  
0.820241  0.167626  
0.660216  0.0619442  
0.698508  0.0761837  
0.722126  0.0927178  
0.72768  0.109771  
0.718266  0.114554  
0.649679  0.0991725  
0.612865  0.0541637  
0.623077  0.0368313  
0.626308  0.033803  
0.641055  0.0358872  
0.652717  0.0415723  
0.660216  0.0619442  
0.649679  0.0991725  
0.642318  0.102923  
0.620967  0.102276  
0.607964  0.0796462  
0.609142  0.120817  
0.620967  0.102276  
0.642318  0.102923  
0.653513  0.139809  
0.622396  0.138867  
0.622396  0.138867  
0.653513  0.139809  
0.654013  0.140503  
0.628748  0.168901  
0.524776  0.11791  
0.523697  0.102396  
0.60533  0.122894  
0.58403  0.164617  
0.415731  0.0746438  
0.440689  0.0928183  
0.410956  0.126517  
0.380153  0.104477  
0.380159  0.104445  
0.440689  0.0928183  
0.476161  0.0857862  
0.451543  0.155937  
0.410971  0.146415  
0.410956  0.126517  
0.463714  0.169317  
0.51884  0.135181  
0.525246  0.189557  
0.49638  0.231667  
0.476879  0.233633  
0.465581  0.218077  
0.393802  0.167343  
0.410971  0.146415  
0.451543  0.155937  
0.463714  0.169317  
0.465581  0.218077  
0.42594  0.204467  
0.309287  0.119067  
0.318297  0.125048  
0.344782  0.165418  
0.314177  0.235534  
0.228174  0.18901  
0.227514  0.179531  
0.102234  0.17687  
0.120823  0.141519  
0.220302  0.171474  
0.227514  0.179531  
0.228174  0.18901  
0.174021  0.280363  
0.152115  0.285164  
0  0.178615  
0.0376065  0.178615  
0.0475793  0.188203  
0.0347514  0.227352  
0  0.227352  
0.965296  0.270216  
1  0.270216  
1  0.300707  
0.958896  0.300707  
0.870098  0.230329  
0.897937  0.209362  
0.948112  0.24163  
0.948517  0.245111  
0.874376  0.27728  
0.909073  0.156792  
0.910849  0.155751  
0.923915  0.165449  
0.937192  0.185258  
0.955273  0.225714  
0.948112  0.24163  
0.897937  0.209362  
0.826869  0.177899  
0.893524  0.15544  
0.909073  0.156792  
0.897937  0.209362  
0.870098  0.230329  
0.833197  0.206652  
0.825689  0.195423  
0.762722  0.128887  
0.76326  0.128879  
0.820241  0.167626  
0.826869  0.177899  
0.825689  0.195423  
0.787229  0.214021  
0.755447  0.192409  
0.749078  0.180244  
0.695354  0.141971  
0.718266  0.114554  
0.72768  0.109771  
0.737439  0.112972  
0.762722  0.128887  
0.749078  0.180244  
0.723399  0.191217  
0.705452  0.181179  
0.700185  0.177169  
0.6925  0.168373  
0.642318  0.102923  
0.649679  0.0991725  
0.718266  0.114554  
0.695354  0.141971  
0.664211  0.144337  
0.654013  0.140503  
0.653513  0.139809  
0.664211  0.144337  
0.695354  0.141971  
0.6925  0.168373  
0.681177  0.176926  
0.652655  0.185748  
0.654013  0.140503  
0.664211  0.144337  
0.652655  0.185748  
0.649191  0.188225  
0.627385  0.174569  
0.628748  0.168901  
0.60533  0.122894  
0.609142  0.120817  
0.622396  0.138867  
0.628748  0.168901  
0.627385  0.174569  
0.611524  0.17795  
0.591546  0.175452  
0.588688  0.174105  
0.586015  0.17181  
0.58403  0.164617  
0.51884  0.135181  
0.524776  0.11791  
0.58403  0.164617  
0.586015  0.17181  
0.548853  0.189875  
0.525246  0.189557  
0.476161  0.0857862  
0.480957  0.083286  
0.522261  0.0981507  
0.523697  0.102396  
0.524776  0.11791  
0.51884  0.135181  
0.463714  0.169317  
0.451543  0.155937  
0.548853  0.189875  
0.586015  0.17181  
0.588688  0.174105  
0.573003  0.215915  
0.564746  0.214893  
0.37869  0.171086  
0.393802  0.167343  
0.42594  0.204467  
0.381793  0.237914  
0.344782  0.165418  
0.37869  0.171086  
0.381793  0.237914  
0.365338  0.275612  
0.325022  0.261522  
0.314177  0.235534  
0.0347514  0.227352  
0.0475793  0.188203  
0.102234  0.17687  
0.152115  0.285164  
0.122189  0.31017  
0.121642  0.310374  
0.0871896  0.316621  
0.0818791  0.312854  
0.0486954  0.270598  
0  0.227352  
0.0347514  0.227352  
0.0486954  0.270598  
0  0.270598  
0.958896  0.300707  
1  0.300707  
1  0.339495  
0.967637  0.339495  
0.950547  0.323639  
0.874376  0.27728  
0.948517  0.245111  
0.962578  0.263959  
0.965296  0.270216  
0.958896  0.300707  
0.950547  0.323639  
0.856594  0.337045  
0.85468  0.331379  
0.833197  0.206652  
0.870098  0.230329  
0.874376  0.27728  
0.85468  0.331379  
0.802882  0.289918  
0.787229  0.214021  
0.825689  0.195423  
0.833197  0.206652  
0.802882  0.289918  
0.765012  0.275046  
0.755447  0.192409  
0.787229  0.214021  
0.765012  0.275046  
0.726061  0.278067  
0.724607  0.277118  
0.723399  0.191217  
0.749078  0.180244  
0.755447  0.192409  
0.724607  0.277118  
0.707512  0.270078  
0.700074  0.255283  
0.705452  0.181179  
0.723399  0.191217  
0.700074  0.255283  
0.685032  0.240179  
0.685456  0.236104  
0.700185  0.177169  
0.705452  0.181179  
0.685456  0.236104  
0.686411  0.215002  
0.681177  0.176926  
0.6925  0.168373  
0.700185  0.177169  
0.686411  0.215002  
0.649191  0.188225  
0.652655  0.185748  
0.681177  0.176926  
0.686411  0.215002  
0.685456  0.236104  
0.685032  0.240179  
0.653939  0.222765  
0.611524  0.17795  
0.627385  0.174569  
0.649191  0.188225  
0.653939  0.222765  
0.619327  0.234717  
0.591546  0.175452  
0.611524  0.17795  
0.619327  0.234717  
0.602676  0.246594  
0.600899  0.243495  
0.588688  0.174105  
0.591546  0.175452  
0.600899  0.243495  
0.573003  0.215915  
0.525246  0.189557  
0.548853  0.189875  
0.564746  0.214893  
0.526169  0.249443  
0.49638  0.231667  
0.381793  0.237914  
0.42594  0.204467  
0.465581  0.218077  
0.476879  0.233633  
0.457613  0.264333  
0.407827  0.30634  
0.387287  0.296734  
0.365338  0.275612  
0.228174  0.18901  
0.314177  0.235534  
0.325022  0.261522  
0.254983  0.321014  
0.233237  0.313584  
0.174021  0.280363  
0  0.270598  
0.0486954  0.270598  
0.0818791  0.312854  
0  0.312854  
0.967637  0.339495  
1  0.339495  
1  0.386309  
0.969002  0.386309  
0.852151  0.354593  
0.856594  0.337045  
0.950547  0.323639  
0.967637  0.339495  
0.969002  0.386309  
0.949911  0.432399  
0.894671  0.415081  
0.894671  0.415081  
0.949911  0.432399  
0.979232  0.470185  
0.905863  0.535633  
0.892715  0.530556  
0.862734  0.480219  
0.796542  0.415783  
0.814686  0.37976  
0.852151  0.354593  
0.894671  0.415081  
0.862734  0.480219  
0.818724  0.476492  
0.818599  0.476348  
0.726061  0.278067  
0.765012  0.275046  
0.802882  0.289918  
0.85468  0.331379  
0.856594  0.337045  
0.852151  0.354593  
0.814686  0.37976  
0.72684  0.353522  
0.689206  0.394132  
0.694626  0.386477  
0.72684  0.353522  
0.814686  0.37976  
0.796542  0.415783  
0.751798  0.434494  
0.700215  0.409453  
0.663512  0.295264  
0.663757  0.294709  
0.707512  0.270078  
0.724607  0.277118  
0.726061  0.278067  
0.72684  0.353522  
0.694626  0.386477  
0.648054  0.438609  
0.673601  0.473464  
0.624285  0.484383  
0.631606  0.340063  
0.663512  0.295264  
0.694626  0.386477  
0.689206  0.394132  
0.67317  0.394369  
0.602676  0.246594  
0.619327  0.234717  
0.653939  0.222765  
0.685032  0.240179  
0.700074  0.255283  
0.707512  0.270078  
0.663757  0.294709  
0.596239  0.264274  
0.595443  0.264866  
0.596239  0.264274  
0.663757  0.294709  
0.663512  0.295264  
0.631606  0.340063  
0.605288  0.339382  
0.589433  0.31134  
0.537335  0.260482  
0.595443  0.264866  
0.589433  0.31134  
0.529113  0.321344  
0.564746  0.214893  
0.573003  0.215915  
0.600899  0.243495  
0.602676  0.246594  
0.596239  0.264274  
0.595443  0.264866  
0.537335  0.260482  
0.526169  0.249443  
0.325022  0.261522  
0.365338  0.275612  
0.387287  0.296734  
0.289235  0.390718  
0.254983  0.321014  
0.122189  0.31017  
0.152115  0.285164  
0.174021  0.280363  
0.233237  0.313584  
0.188018  0.415388  
0.0871896  0.316621  
0.121642  0.310374  
0.128133  0.444007  
0.0804017  0.473989  
0.0187788  0.429835  
0  0.312854  
0.0818791  0.312854  
0.0871896  0.316621  
0.0187788  0.429835  
0  0.432131  
0.969002  0.386309  
1  0.386309  
1  0.474831  
0.979232  0.470185  
0.949911  0.432399  
0.979232  0.470185  
1  0.474831  
1  0.522464  
0.967259  0.581531  
0.919388  0.570822  
0.905863  0.535633  
0.919388  0.570822  
0.967259  0.581531  
0.972735  0.586161  
0.968722  0.635167  
0.891842  0.639509  
0.809374  0.501279  
0.818724  0.476492  
0.862734  0.480219  
0.892715  0.530556  
0.871305  0.539615  
0.807164  0.549265  
0.751798  0.434494  
0.796542  0.415783  
0.818599  0.476348  
0.751522  0.48155  
0.746386  0.477941  
0.700215  0.409453  
0.751798  0.434494  
0.746386  0.477941  
0.720232  0.490064  
0.692879  0.468347  
0.649322  0.410417  
0.67317  0.394369  
0.689206  0.394132  
0.700215  0.409453  
0.692879  0.468347  
0.676931  0.47442  
0.673601  0.473464  
0.648054  0.438609  
0.605598  0.499803  
0.624285  0.484383  
0.673601  0.473464  
0.676931  0.47442  
0.664821  0.540267  
0.663167  0.54085  
0.591277  0.520207  
0.567119  0.526917  
0.591277  0.520207  
0.663167  0.54085  
0.661999  0.595115  
0.580825  0.583213  
0.562178  0.558222  
0.613235  0.412789  
0.649322  0.410417  
0.648054  0.438609  
0.624285  0.484383  
0.605598  0.499803  
0.605288  0.339382  
0.631606  0.340063  
0.67317  0.394369  
0.649322  0.410417  
0.613235  0.412789  
0.591803  0.405577  
0.568025  0.388372  
0.523175  0.329151  
0.529113  0.321344  
0.589433  0.31134  
0.605288  0.339382  
0.568025  0.388372  
0.519364  0.390768  
0.509195  0.380478  
0.457613  0.264333  
0.476879  0.233633  
0.49638  0.231667  
0.526169  0.249443  
0.537335  0.260482  
0.529113  0.321344  
0.523175  0.329151  
0.233237  0.313584  
0.254983  0.321014  
0.289235  0.390718  
0.289435  0.392165  
0.225764  0.451917  
0.193204  0.432067  
0.188018  0.415388  
0.121642  0.310374  
0.122189  0.31017  
0.188018  0.415388  
0.193204  0.432067  
0.128133  0.444007  
0  0.432131  
0.0187788  0.429835  
0.0804017  0.473989  
0.0926454  0.509631  
0.0411099  0.552623  
0.0291362  0.553336  
0  0.524875  
0  0.524875  
0.0291362  0.553336  
0.0137996  0.564863  
0  0.564863  
1  0.522464  
1  0.591259  
0.972735  0.586161  
0.967259  0.581531  
0.972735  0.586161  
1  0.591259  
1  0.664123  
0.996435  0.663563  
0.968722  0.635167  
0.891842  0.639509  
0.968722  0.635167  
0.996435  0.663563  
0.990668  0.666274  
0.864413  0.673404  
0.871305  0.539615  
0.892715  0.530556  
0.905863  0.535633  
0.919388  0.570822  
0.891842  0.639509  
0.864413  0.673404  
0.846839  0.689475  
0.843145  0.690876  
0.82673  0.639683  
0.751522  0.48155  
0.818599  0.476348  
0.818724  0.476492  
0.809374  0.501279  
0.76327  0.504855  
0.720232  0.490064  
0.746386  0.477941  
0.751522  0.48155  
0.76327  0.504855  
0.763228  0.529797  
0.707646  0.533638  
0.676931  0.47442  
0.692879  0.468347  
0.720232  0.490064  
0.707646  0.533638  
0.704563  0.537066  
0.700057  0.538782  
0.664821  0.540267  
0.663167  0.54085  
0.664821  0.540267  
0.700057  0.538782  
0.710106  0.618973  
0.688864  0.637026  
0.670985  0.625573  
0.661999  0.595115  
0.580825  0.583213  
0.661999  0.595115  
0.670985  0.625573  
0.606524  0.635808  
0.591803  0.405577  
0.613235  0.412789  
0.605598  0.499803  
0.591277  0.520207  
0.567119  0.526917  
0.566777  0.526585  
0.519364  0.390768  
0.568025  0.388372  
0.591803  0.405577  
0.566777  0.526585  
0.516776  0.490407  
0.515693  0.488741  
0.413573  0.392061  
0.430698  0.368258  
0.509195  0.380478  
0.519364  0.390768  
0.515693  0.488741  
0.411414  0.471967  
0.407827  0.30634  
0.457613  0.264333  
0.523175  0.329151  
0.509195  0.380478  
0.430698  0.368258  
0.387287  0.296734  
0.407827  0.30634  
0.430698  0.368258  
0.413573  0.392061  
0.30724  0.401676  
0.289435  0.392165  
0.289235  0.390718  
0.128133  0.444007  
0.193204  0.432067  
0.225764  0.451917  
0.229498  0.490626  
0.0980988  0.514736  
0.0926454  0.509631  
0.0804017  0.473989  
0.0137996  0.564863  
0.0291362  0.553336  
0.0411099  0.552623  
0.0579911  0.644076  
0.0127714  0.594423  
0  0.564863  
0.0137996  0.564863  
0.0127714  0.594423  
0  0.594423  
1  0.701689  
1  0.741713  
0.988474  0.741713  
0.971854  0.730456  
0.990668  0.666274  
0.996435  0.663563  
1  0.664123  
1  0.701689  
0.971854  0.730456  
0.95444  0.731137  
0.939204  0.718874  
0.864413  0.673404  
0.990668  0.666274  
0.939204  0.718874  
0.846839  0.689475  
0.795903  0.560774  
0.807164  0.549265  
0.871305  0.539615  
0.82673  0.639683  
0.792913  0.572842  
0.76327  0.504855  
0.809374  0.501279  
0.807164  0.549265  
0.795903  0.560774  
0.763228  0.529797  
0.704563  0.537066  
0.707646  0.533638  
0.763228  0.529797  
0.795903  0.560774  
0.792913  0.572842  
0.752691  0.582693  
0.700057  0.538782  
0.704563  0.537066  
0.752691  0.582693  
0.728581  0.612094  
0.710106  0.618973  
0.60179  0.648123  
0.606524  0.635808  
0.670985  0.625573  
0.688864  0.637026  
0.698402  0.689331  
0.648028  0.691958  
0.60179  0.648123  
0.648028  0.691958  
0.613404  0.716036  
0.550487  0.706811  
0.54842  0.702597  
0.492902  0.62893  
0.562178  0.558222  
0.580825  0.583213  
0.606524  0.635808  
0.60179  0.648123  
0.54842  0.702597  
0.532707  0.692807  
0.516776  0.490407  
0.566777  0.526585  
0.567119  0.526917  
0.562178  0.558222  
0.492902  0.62893  
0.460284  0.623562  
0.433544  0.575361  
0.409422  0.473999  
0.411414  0.471967  
0.515693  0.488741  
0.516776  0.490407  
0.433544  0.575361  
0.416037  0.563932  
0.30724  0.401676  
0.413573  0.392061  
0.411414  0.471967  
0.409422  0.473999  
0.346529  0.48417  
0.225764  0.451917  
0.289435  0.392165  
0.30724  0.401676  
0.346529  0.48417  
0.311723  0.528073  
0.247664  0.528769  
0.229498  0.490626  
0.0980988  0.514736  
0.229498  0.490626  
0.247664  0.528769  
0.2118  0.604179  
0.129209  0.580057  
0.0411099  0.552623  
0.0926454  0.509631  
0.0980988  0.514736  
0.129209  0.580057  
0.0597385  0.647745  
0.0579911  0.644076  
0  0.594423  
0.0127714  0.594423  
0.0579911  0.644076  
0.0597385  0.647745  
0.0427944  0.708525  
0  0.708525  
0.988474  0.741713  
1  0.741713  
1  0.846831  
0.991974  0.846831  
0.95444  0.731137  
0.971854  0.730456  
0.988474  0.741713  
0.991974  0.846831  
0.983914  0.847827  
0.954262  0.838985  
0.831091  0.710464  
0.842944  0.691111  
0.843145  0.690876  
0.846839  0.689475  
0.939204  0.718874  
0.95444  0.731137  
0.954262  0.838985  
0.94101  0.838918  
0.798165  0.787801  
0.805282  0.728313  
0.831091  0.710464  
0.94101  0.838918  
0.921172  0.851816  
0.858872  0.865418  
0.728581  0.612094  
0.752691  0.582693  
0.792913  0.572842  
0.82673  0.639683  
0.843145  0.690876  
0.842944  0.691111  
0.688864  0.637026  
0.710106  0.618973  
0.728581  0.612094  
0.842944  0.691111  
0.831091  0.710464  
0.805282  0.728313  
0.723151  0.720621  
0.698402  0.689331  
0.627111  0.772913  
0.641262  0.756041  
0.702188  0.743534  
0.678717  0.815381  
0.646316  0.805569  
0.628615  0.784535  
0.613404  0.716036  
0.648028  0.691958  
0.698402  0.689331  
0.723151  0.720621  
0.702313  0.743427  
0.702188  0.743534  
0.641262  0.756041  
0.550641  0.72763  
0.550487  0.706811  
0.613404  0.716036  
0.641262  0.756041  
0.627111  0.772913  
0.573595  0.765067  
0.499289  0.788215  
0.550641  0.72763  
0.573595  0.765067  
0.571723  0.787741  
0.523695  0.843311  
0.512577  0.838667  
0.50022  0.809928  
0.532707  0.692807  
0.54842  0.702597  
0.550487  0.706811  
0.550641  0.72763  
0.499289  0.788215  
0.439241  0.741338  
0.460284  0.623562  
0.492902  0.62893  
0.532707  0.692807  
0.439241  0.741338  
0.378205  0.736781  
0.371638  0.704188  
0.346529  0.48417  
0.409422  0.473999  
0.416037  0.563932  
0.351313  0.574399  
0.311723  0.528073  
0.247664  0.528769  
0.311723  0.528073  
0.351313  0.574399  
0.330549  0.666751  
0.226938  0.653123  
0.2118  0.604179  
0.0541657  0.717542  
0.20551  0.689715  
0.234294  0.82382  
0.128999  0.818061  
0.0806957  0.796791  
0.0597385  0.647745  
0.129209  0.580057  
0.2118  0.604179  
0.226938  0.653123  
0.20551  0.689715  
0.0541657  0.717542  
0.0427944  0.708525  
0  0.708525  
0.0427944  0.708525  
0.0541657  0.717542  
0.0806957  0.796791  
0.0535199  0.838846  
0  0.838846  
0.983914  0.847827  
0.991974  0.846831  
1  0.846831  
1  0.947435  
0.96033  0.947435  
0.921172  0.851816  
0.94101  0.838918  
0.954262  0.838985  
0.983914  0.847827  
0.96033  0.947435  
0.955985  0.955186  
0.903142  0.927963  
0.858872  0.865418  
0.921172  0.851816  
0.903142  0.927963  
0.885612  0.938886  
0.822751  0.916994  
0.749066  0.85791  
0.798165  0.787801  
0.858872  0.865418  
0.822751  0.916994  
0.799412  0.929225  
0.785692  0.929727  
0.7805  0.925648  
0.702313  0.743427  
0.723151  0.720621  
0.805282  0.728313  
0.798165  0.787801  
0.749066  0.85791  
0.738344  0.855917  
0.702188  0.743534  
0.702313  0.743427  
0.738344  0.855917  
0.690977  0.853658  
0.678717  0.815381  
0.646316  0.805569  
0.678717  0.815381  
0.690977  0.853658  
0.670727  0.87082  
0.62433  0.864155  
0.609767  0.850308  
0.601011  0.818324  
0.628615  0.784535  
0.646316  0.805569  
0.609767  0.850308  
0.604635  0.847729  
0.573595  0.765067  
0.627111  0.772913  
0.628615  0.784535  
0.601011  0.818324  
0.571723  0.787741  
0.571723  0.787741  
0.601011  0.818324  
0.604635  0.847729  
0.539695  0.860018  
0.523695  0.843311  
0.459996  0.868797  
0.512577  0.838667  
0.523695  0.843311  
0.539695  0.860018  
0.543994  0.905478  
0.520273  0.92802  
0.472773  0.925144  
0.378205  0.736781  
0.439241  0.741338  
0.499289  0.788215  
0.50022  0.809928  
0.355336  0.803564  
0.351313  0.574399  
0.416037  0.563932  
0.433544  0.575361  
0.460284  0.623562  
0.371638  0.704188  
0.330549  0.666751  
0.20551  0.689715  
0.226938  0.653123  
0.330549  0.666751  
0.371638  0.704188  
0.378205  0.736781  
0.355336  0.803564  
0.350016  0.813552  
0.293675  0.837955  
0.239677  0.828724  
0.234294  0.82382  
0.128999  0.818061  
0.234294  0.82382  
0.239677  0.828724  
0.178321  0.94059  
0.141495  0.960913  
0.119701  0.931715  
0.0535199  0.838846  
0.0806957  0.796791  
0.128999  0.818061  
0.119701  0.931715  
0.049339  0.889951  
0  0.838846  
0.0535199  0.838846  
0.049339  0.889951  
0.0322866  0.904034  
0  0.904034  
0.955907  0.956878  
0.955985  0.955186  
0.96033  0.947435  
1  0.947435  
1  0.979387  
0.982652  0.979387  
0.885612  0.938886  
0.903142  0.927963  
0.955985  0.955186  
0.955907  0.956878  
0.919381  1  
0.898325  1  
0.892966  0.99281  
0.799412  0.929225  
0.822751  0.916994  
0.885612  0.938886  
0.892966  0.99281  
0.833268  0.97202  
0.712241  0.938067  
0.7805  0.925648  
0.785692  0.929727  
0.76382  1  
0.720765  1  
0.694899  0.973667  
0.670727  0.87082  
0.690977  0.853658  
0.738344  0.855917  
0.749066  0.85791  
0.7805  0.925648  
0.712241  0.938067  
0.671083  0.913177  
0.636743  0.9491  
0.671083  0.913177  
0.712241  0.938067  
0.694899  0.973667  
0.672861  0.978379  
0.636768  0.95869  
0.62433  0.864155  
0.670727  0.87082  
0.671083  0.913177  
0.636743  0.9491  
0.600814  0.917828  
0.570807  0.919636  
0.600814  0.917828  
0.636743  0.9491  
0.636768  0.95869  
0.636716  0.958756  
0.60866  0.974098  
0.584976  0.976843  
0.573708  0.972048  
0.539695  0.860018  
0.604635  0.847729  
0.609767  0.850308  
0.62433  0.864155  
0.600814  0.917828  
0.570807  0.919636  
0.543994  0.905478  
0.520273  0.92802  
0.543994  0.905478  
0.570807  0.919636  
0.573708  0.972048  
0.537387  0.986938  
0.52408  0.972709  
0.446035  0.953703  
0.472773  0.925144  
0.520273  0.92802  
0.52408  0.972709  
0.496538  0.979618  
0.476852  0.978426  
0.458319  0.965447  
0.350016  0.813552  
0.355336  0.803564  
0.50022  0.809928  
0.512577  0.838667  
0.459996  0.868797  
0.390904  0.853547  
0.390904  0.853547  
0.459996  0.868797  
0.472773  0.925144  
0.446035  0.953703  
0.445707  0.953757  
0.407175  0.953886  
0.293675  0.837955  
0.350016  0.813552  
0.390904  0.853547  
0.407175  0.953886  
0.402306  0.958444  
0.309485  0.961919  
0.239677  0.828724  
0.293675  0.837955  
0.309485  0.961919  
0.289643  0.998096  
0.178321  0.94059  
0.0322866  0.904034  
0.049339  0.889951  
0.119701  0.931715  
0.141495  0.960913  
0.12665  1  
0.0575368  1  
0.0300381  0.970266  
0  0.904034  
0.0322866  0.904034  
0.0300381  0.970266  
0  0.970266  
0.982652  0.979387  
1  0.979387  
1  1  
0.982652  1  
0.955907  0.956878  
0.982652  0.979387  
0.982652  1  
0.919381  1  
0.833268  0.97202  
0.892966  0.99281  
0.898325  1  
0.833268  1  
0.785692  0.929727  
0.799412  0.929225  
0.833268  0.97202  
0.833268  1  
0.76382  1  
0.672861  0.978379  
0.694899  0.973667  
0.720765  1  
0.672861  1  
0.636716  0.958756  
0.636768  0.95869  
0.672861  0.978379  
0.672861  1  
0.636716  1  
0.60866  0.974098  
0.636716  0.958756  
0.636716  1  
0.60866  1  
0.584976  0.976843  
0.60866  0.974098  
0.60866  1  
0.584976  1  
0.537387  0.986938  
0.573708  0.972048  
0.584976  0.976843  
0.584976  1  
0.537387  1  
0.496538  0.979618  
0.52408  0.972709  
0.537387  0.986938  
0.537387  1  
0.496538  1  
0.476852  0.978426  
0.496538  0.979618  
0.496538  1  
0.476852  1  
0.458319  0.965447  
0.476852  0.978426  
0.476852  1  
0.458319  1  
0.445707  0.953757  
0.446035  0.953703  
0.458319  0.965447  
0.458319  1  
0.445707  1  
0.402306  0.958444  
0.407175  0.953886  
0.445707  0.953757  
0.445707  1  
0.402306  1  
0.309485  0.961919  
0.402306  0.958444  
0.402306  1  
0.289643  1  
0.289643  0.998096  
0.141495  0.960913  
0.178321  0.94059  
0.289643  0.998096  
0.289643  1  
0.12665  1  
0  0.970266  
0.0300381  0.970266  
0.0575368  1  
0  1  
# grid vertices 
679
Inf Inf 
0.843145 0.690876 
0.410956 0.126517 
0.336204 0.0646412 
0.461988 0.0227498 
0.124398 0.0658422 
0.173422 0.0340413 
0.402673 0.0572171 
0.885412 0.0114487 
0.374091 0.0209209 
0.138776 0.00652834 
0.0286753 0.0959666 
0.0201012 0.0283853 
0.239677 0.828724 
0.601011 0.818324 
0.512577 0.838667 
0.0664335 0.0364801 
0.670985 0.625573 
0.636768 0.95869 
0.573595 0.765067 
0.720232 0.490064 
0.543994 0.905478 
0.842944 0.691111 
0.908182 1.01322 
0.509195 0.380478 
0.796542 0.415783 
0.825689 0.195423 
0.605288 0.339382 
0.972503 0.0734067 
0.512601 0.0187037 
0.0329977 0.0545117 
0.0751961 0.0377715 
0.136495 -0.0140351 
0.306918 0.010475 
0.380159 0.104445 
0.570517 -0.0630853 
0.391655 8.66422e-05 
0.415731 0.0746438 
0.422863 0.0159369 
0.580878 -0.102213 
0.476161 0.0857862 
0.613235 0.412789 
0.0818992 0.0320433 
0.275803 0.0692632 
0.135465 0.0260842 
0.178313 0.0191731 
0.263556 0.0151229 
0.344782 0.165418 
0.304425 0.0962988 
0.532668 0.0864531 
0.0475793 0.188203 
0.0512055 0.0582303 
0.387287 0.296734 
0.566777 0.526585 
0.410971 0.146415 
0.451543 0.155937 
0.0926454 0.509631 
0.152115 0.285164 
0.121642 0.310374 
0.459996 0.868797 
0.193204 0.432067 
0.188018 0.415388 
0.568025 0.388372 
0.309485 0.961919 
0.350016 0.813552 
0.516776 0.490407 
0.537387 0.986938 
0.390904 0.853547 
0.346529 0.48417 
0.407827 0.30634 
0.430698 0.368258 
0.42594 0.204467 
0.529113 0.321344 
0.476879 0.233633 
0.49638 0.231667 
0.628748 0.168901 
0.605598 0.499803 
0.689206 0.394132 
0.72684 0.353522 
0.814686 0.37976 
0.67317 0.394369 
0.795903 0.560774 
0.636743 0.9491 
0.641262 0.756041 
0.673601 0.473464 
0.862734 0.480219 
0.752691 0.582693 
0.76327 0.504855 
0.712241 0.938067 
0.892715 0.530556 
0.822751 0.916994 
0.921172 0.851816 
0.700215 0.409453 
0.85468 0.331379 
0.648028 0.691958 
0.792913 0.572842 
0.694626 0.386477 
0.718266 0.114554 
0.871305 0.539615 
0.833197 0.206652 
0.707512 0.270078 
0.602676 0.246594 
0.765012 0.275046 
0.664211 0.144337 
0.787229 0.214021 
0.802882 0.289918 
0.546359 0.0501745 
0.600899 0.243495 
0.58403 0.164617 
0.631606 0.340063 
0.586015 0.17181 
0.663757 0.294709 
0.595443 0.264866 
0.686411 0.215002 
0.949802 0.0438901 
0.854681 0.117258 
0.755447 0.192409 
0.77517 0.0389144 
0.986907 0.0503003 
0.82143 0.0645124 
0.85872 0.093695 
0.958322 0.0302229 
0.916682 0.0535341 
0.949911 0.432399 
0.923915 0.165449 
0.0191961 -0.00793215 
0.0509597 0.0288566 
0.0913662 -0.00211075 
0.10276 0.0178448 
0.00572176 0.00927966 
0.045415 0.0219422 
0.0217665 0.0497348 
0.0350637 0.0201218 
0.0599076 -0.0113066 
0.0773202 0.0104076 
0.130879 0.0940868 
0.175087 0.0575494 
0.251743 0.0555315 
0.343009 0.0194209 
0.33557 0.027954 
0.318297 0.125048 
0.100027 0.0237472 
0.13551 -0.00971586 
0.137219 -0.0247719 
0.183833 0.0122456 
0.199988 -0.00182908 
0.214355 0.0171206 
0.260439 -0.0296793 
0.313013 0.0216491 
0.338342 -0.094853 
0.447371 -0.00657691 
0.358265 -0.281603 
0.460438 0.01825 
0.409249 0.0150855 
0.466499 0.0375205 
0.641055 0.0358872 
0.511 0.0153303 
0.49365 -0.012839 
0.492988 -0.0183358 
0.523697 0.102396 
0.522261 0.0981507 
0.480957 0.083286 
0.496287 0.00403803 
0.642318 0.102923 
0.544566 0.0356146 
0.612865 0.0541637 
0.561756 -0.0136037 
0.369624 0.0242067 
0.370244 0.0600818 
0.388339 0.00503105 
0.394904 0.043863 
0.44044 0.0386905 
0.407532 0.0510591 
0.474847 0.0611401 
0.465999 0.044306 
0.309287 0.119067 
0.380153 0.104477 
0.377271 0.0630716 
0.401396 0.0571783 
0.440689 0.0928183 
0.465581 0.218077 
0.554651 0.048691 
0.548853 0.189875 
0.586784 0.0304871 
0.626308 0.033803 
0.607964 0.0796462 
0.611524 0.17795 
0.51884 0.135181 
0.588688 0.174105 
0.537335 0.260482 
0.573003 0.215915 
0.524776 0.11791 
0.653513 0.139809 
0.228174 0.18901 
0.179214 0.0710063 
0.381793 0.237914 
0.37869 0.171086 
0.393802 0.167343 
0.463714 0.169317 
0.525246 0.189557 
0.564746 0.214893 
0.0871896 0.316621 
0.115694 0.111396 
0.254983 0.321014 
0.102234 0.17687 
0.365338 0.275612 
0.236629 0.0577576 
0.0894291 0.0997992 
0.0304347 0.0559974 
0.0844305 0.0313976 
0.122903 0.0397469 
0.220302 0.171474 
0.120823 0.141519 
0.227514 0.179531 
0.207083 0.0757827 
0.0122609 0.0269698 
0.00603375 0.0500707 
0.00976739 0.052639 
0.004514 0.0305873 
0.0062719 0.0654254 
0.021369 0.114232 
0.0376065 0.178615 
0.0607705 0.0999146 
0.0309129 0.105718 
0.0347514 0.227352 
0.0486954 0.270598 
0.0818791 0.312854 
0.174021 0.280363 
0.122189 0.31017 
0.30724 0.401676 
0.225764 0.451917 
0.314177 0.235534 
0.233237 0.313584 
0.0804017 0.473989 
0.128133 0.444007 
0.20551 0.689715 
0.229498 0.490626 
0.289435 0.392165 
0.311723 0.528073 
0.0187788 0.429835 
0.0411099 0.552623 
0.0980988 0.514736 
-0.0843815 0.442449 
0.129209 0.580057 
0.0291362 0.553336 
0.0579911 0.644076 
0.0597385 0.647745 
0.0127714 0.594423 
0.0137996 0.564863 
0.049339 0.889951 
0.106531 1.05298 
0.0300381 0.970266 
0.0322866 0.904034 
0.0535199 0.838846 
0.119701 0.931715 
0.0427944 0.708525 
0.141495 0.960913 
0.0541657 0.717542 
0.178321 0.94059 
0.2118 0.604179 
0.226938 0.653123 
0.0806957 0.796791 
0.234294 0.82382 
0.128999 0.818061 
0.330549 0.666751 
0.355336 0.803564 
0.247664 0.528769 
0.378205 0.736781 
0.407175 0.953886 
0.293675 0.837955 
0.472773 0.925144 
0.402306 0.958444 
0.446035 0.953703 
0.289643 0.998096 
0.445707 0.953757 
0.458319 0.965447 
0.496538 0.979618 
0.52408 0.972709 
0.584976 0.976843 
0.520273 0.92802 
0.476852 0.978426 
0.523695 0.843311 
0.573708 0.972048 
0.604635 0.847729 
0.60866 0.974098 
0.570807 0.919636 
0.600814 0.917828 
0.50022 0.809928 
0.550641 0.72763 
0.54842 0.702597 
0.460284 0.623562 
0.539695 0.860018 
0.571723 0.787741 
0.351313 0.574399 
0.416037 0.563932 
0.371638 0.704188 
0.499289 0.788215 
0.532707 0.692807 
0.439241 0.741338 
0.492902 0.62893 
0.515693 0.488741 
0.325022 0.261522 
0.289235 0.390718 
0.413573 0.392061 
0.411414 0.471967 
0.433544 0.575361 
0.409422 0.473999 
0.457613 0.264333 
0.526169 0.249443 
0.523175 0.329151 
0.589433 0.31134 
0.591803 0.405577 
0.519364 0.390768 
0.624285 0.484383 
0.580825 0.583213 
0.596239 0.264274 
0.653939 0.222765 
0.704563 0.537066 
0.649322 0.410417 
0.700057 0.538782 
0.567119 0.526917 
0.692879 0.468347 
0.648054 0.438609 
0.663512 0.295264 
0.726061 0.278067 
0.746386 0.477941 
0.751798 0.434494 
0.60179 0.648123 
0.663167 0.54085 
0.751522 0.48155 
0.818599 0.476348 
0.763228 0.529797 
0.818724 0.476492 
0.678717 0.815381 
0.562178 0.558222 
0.591277 0.520207 
0.664821 0.540267 
0.707646 0.533638 
0.676931 0.47442 
0.728581 0.612094 
0.661999 0.595115 
0.550487 0.706811 
0.606524 0.635808 
0.710106 0.618973 
0.723151 0.720621 
0.613404 0.716036 
0.688864 0.637026 
0.636716 0.958756 
0.627111 0.772913 
0.62433 0.864155 
0.609767 0.850308 
0.672861 0.978379 
0.646316 0.805569 
0.690977 0.853658 
0.670727 0.87082 
0.671083 0.913177 
0.738344 0.855917 
0.694899 0.973667 
0.7805 0.925648 
0.628615 0.784535 
0.702188 0.743534 
0.749066 0.85791 
0.702313 0.743427 
0.698402 0.689331 
0.82673 0.639683 
0.799412 0.929225 
0.805282 0.728313 
0.831091 0.710464 
0.798165 0.787801 
0.892966 0.99281 
0.858872 0.865418 
0.95444 0.731137 
0.94101 0.838918 
0.753461 1.03329 
0.785692 0.929727 
0.885612 0.938886 
0.833268 0.97202 
0.903142 0.927963 
0.955985 0.955186 
0.954262 0.838985 
0.955907 0.956878 
0.982652 0.979387 
0.971854 0.730456 
0.991974 0.846831 
0.990668 0.666274 
0.988474 0.741713 
0.96033 0.947435 
0.983914 0.847827 
0.939204 0.718874 
0.967259 0.581531 
1.03186 0.66913 
0.894671 0.415081 
1.27619 0.642905 
0.972735 0.586161 
0.807164 0.549265 
0.809374 0.501279 
0.919388 0.570822 
0.846839 0.689475 
0.968722 0.635167 
0.891842 0.639509 
0.996435 0.663563 
0.864413 0.673404 
0.905863 0.535633 
0.856594 0.337045 
0.958896 0.300707 
0.852151 0.354593 
0.948517 0.245111 
0.969002 0.386309 
0.950547 0.323639 
0.967637 0.339495 
1.02349 0.480086 
0.979232 0.470185 
0.962578 0.263959 
0.975809 0.153418 
0.965296 0.270216 
1.00414 0.22987 
0.984756 0.215833 
0.969166 0.214319 
0.992007 0.173138 
1.0002 0.204304 
0.983196 0.182463 
0.978529 0.185167 
0.870098 0.230329 
0.958021 0.172244 
0.930778 0.117239 
0.984562 0.157935 
0.938947 0.113297 
0.910849 0.155751 
0.874376 0.27728 
0.897937 0.209362 
0.948112 0.24163 
0.909073 0.156792 
0.955273 0.225714 
0.937192 0.185258 
0.974842 0.19276 
0.762722 0.128887 
0.652655 0.185748 
0.749078 0.180244 
0.724607 0.277118 
0.698508 0.0761837 
0.820241 0.167626 
0.619327 0.234717 
0.591546 0.175452 
0.723399 0.191217 
0.685456 0.236104 
0.700185 0.177169 
0.685032 0.240179 
0.705452 0.181179 
0.700074 0.255283 
0.60533 0.122894 
0.627385 0.174569 
0.609142 0.120817 
0.649191 0.188225 
0.622396 0.138867 
0.620967 0.102276 
0.654013 0.140503 
0.695354 0.141971 
0.6925 0.168373 
0.681177 0.176926 
0.72768 0.109771 
0.826869 0.177899 
0.841129 0.126624 
0.893524 0.15544 
0.722035 0.0559232 
0.684356 0.0297141 
0.737439 0.112972 
0.726051 0.0646961 
0.682522 0.0152679 
0.820517 0.0410677 
0.623077 0.0368313 
0.649679 0.0991725 
0.660216 0.0619442 
0.68355 0.0297042 
0.722126 0.0927178 
0.652717 0.0415723 
0.723665 0.0751528 
0.681844 0.0309109 
0.684277 0.0120661 
0.664211 -0.00600041 
0.697152 0.0271591 
0.739245 -0.0656108 
0.724425 -0.0259589 
0.714959 0.0162483 
0.716988 0.0186044 
0.742609 0.0418954 
0.799147 0.0191851 
0.743786 0.033609 
0.748318 0.0281569 
0.759376 -0.00142774 
0.815364 -0.0281589 
0.834595 0.0177599 
0.800343 0.098889 
0.934276 0.0131492 
0.76326 0.128879 
0.773537 0.0535489 
0.776045 0.0520803 
0.782768 0.0185845 
0.82326 0.0596169 
0.857075 0.0941526 
0.883591 0.00177814 
0.821801 0.0701663 
0.865415 0.0438387 
0.88183 0.0692359 
0.914062 0.0687355 
0.933649 0.114201 
1.01506 0.108556 
0.970687 0.0987205 
0.884988 0.00552866 
0.925739 0.0479944 
0.963395 -0.0301941 
0.977245 0.0186477 
0.934977 0.0153487 
0.977645 0.0176421 
3.07069 0.0176421 
0.963395 -2.14857 
0.883591 -2.04122 
0.815364 -2.05752 
0.739245 -2.09395 
0.684277 -1.92372 
0.664211 -1.95219 
0.580878 -2.12405 
0.492988 -1.95093 
0.447371 -1.93009 
0.358265 -2.49017 
0.260439 -2.02523 
0.199988 -2.00071 
0.137219 -2.07695 
0.0913662 -2.0637 
0.0599076 -2.10014 
0.0191961 -2.12155 
3.06392 0.0503003 
-2.105 0.00927966 
3.0762 0.108556 
-2.09224 0.0305873 
2.99691 0.173138 
-2.07634 0.0500707 
2.99547 0.204304 
-2.06568 0.0654254 
2.9903 0.22987 
-2.00758 0.114232 
2.89845 0.270216 
-1.93972 0.178615 
2.87341 0.300707 
-1.91871 0.227352 
2.87626 0.339495 
-1.87178 0.270598 
2.8658 0.386309 
-1.79043 0.312854 
2.96157 0.480086 
-2.0858 0.442449 
3.47963 0.642905 
-1.89092 0.564863 
2.94769 0.741713 
-1.89774 0.594423 
3.00813 0.846831 
-1.87393 0.708525 
3.01649 0.947435 
-1.92119 0.838846 
3.07713 0.979387 
-1.99999 0.904034 
0.982652 3.07387 
0.908182 3.08319 
0.833268 2.96405 
0.753461 3.03795 
0.672861 2.90125 
0.636716 2.85166 
0.60866 2.8747 
0.584976 2.87541 
0.537387 2.88952 
0.496538 2.87346 
0.476852 2.87163 
0.458319 2.84697 
0.445707 2.82496 
0.402306 2.8414 
0.289643 2.953 
0.106531 3.14586 
-2.04902 0.970266 
1 0 
0.97239 0 
1 0.0176421 
0.94311 0 
0.883591 0 
0.827157 0 
0.805718 0 
0.761045 0 
0.697017 0 
0.684277 0 
0.669377 0 
0.660894 0 
0.615018 0 
0.522635 0 
0.495656 0 
0.476675 0 
0.450833 0 
0.440212 0 
0.391645 0 
0.310043 0 
0.262504 0 
0.231214 0 
0.201375 0 
0.197889 0 
0.168413 0 
0.123965 0 
0.0925713 0 
0.0889978 0 
0.0689743 0 
0.0549792 0 
0.0236826 0 
0.0129864 0 
0 0 
0 0.00927966 
1 0.0503003 
0.758842 0 
0.718603 0 
0.557005 0 
0.482227 0 
0.342216 0 
0.154169 0 
0 0.0305873 
1 0.105218 
0.569478 0 
0.137464 0 
0 0.0500707 
1 0.13294 
1 0.173138 
1 0.13294 
0 0.0654254 
1 0.204051 
0 0.114232 
1 0.204452 
1 0.226874 
0 0.178615 
1 0.233264 
1 0.270216 
0 0.227352 
1 0.300707 
0 0.270598 
1 0.339495 
0 0.312854 
1 0.386309 
0 0.432131 
1 0.474831 
1 0.522464 
0 0.524875 
0 0.564863 
1 0.522464 
1 0.591259 
1 0.664123 
0 0.594423 
1 0.701689 
1 0.741713 
0 0.708525 
1 0.846831 
0 0.838846 
1 0.947435 
0 0.904034 
1 0.979387 
0.898325 1 
0.919381 1 
0.720765 1 
0.76382 1 
0.0575368 1 
0.12665 1 
0 0.970266 
0.982652 1 
1 1 
0.833268 1 
0.672861 1 
0.636716 1 
0.60866 1 
0.584976 1 
0.537387 1 
0.496538 1 
0.476852 1 
0.458319 1 
0.445707 1 
0.402306 1 
0.289643 1 
0 1 
