polygon
142
7  0.967904  0.0607461  0.991032  0.0478022  1  0.0451186  1  0.124982  0.98458  0.139853  0.956635  0.14888  0.95161  0.0954979    0 0 
6  0.882467  0.116043  0.95161  0.0954979  0.956635  0.14888  0.95025  0.162161  0.929293  0.165685  0.919118  0.163682    0 0 
4  0.925621  0  1  0  1  0.0451186  0.991032  0.0478022    0 0 
7  0.912842  0.0156058  0.925621  0  0.929074  0  0.991032  0.0478022  0.967904  0.0607461  0.956016  0.0585336  0.913988  0.0326513    0 0 
4  0.899782  0  0.925621  0  0.912842  0.0156058  0.905464  0.0118297    0 0 
4  0.610017  0.0037352  0.711171  0.0300105  0.717324  0.0706756  0.700145  0.0993917    0 0 
5  0.610017  0.0037352  0.599076  0  0.76016  0  0.756365  0.001892  0.711171  0.0300105    0 0 
6  0.359266  0  0.539044  0  0.584201  0.112606  0.510077  0.200804  0.292908  0.196861  0.240214  0.151555    0 0 
7  0.177489  0.162964  0.240214  0.151555  0.292908  0.196861  0.384167  0.328125  0.353659  0.453069  0.316277  0.481909  0.0914326  0.401305    0 0 
6  0  0.456328  0.0766844  0.412558  0.084084  0.4108  0.123008  0.536297  0.0506027  0.650876  0  0.643723    0 0 
8  0  0  0  0  0.129994  0.134053  0.177489  0.162964  0.0914326  0.401305  0.084084  0.4108  0.0766844  0.412558  0  0.373088    0 0 
8  0.929293  0.165685  0.95025  0.162161  0.960463  0.174155  0.961612  0.176625  0.965762  0.198602  0.929919  0.226354  0.92718  0.226381  0.922023  0.221621    0 0 
6  0.839561  0.234959  0.854848  0.219197  0.922023  0.221621  0.92718  0.226381  0.918039  0.270681  0.853268  0.249622    0 0 
5  0.919118  0.163682  0.929293  0.165685  0.922023  0.221621  0.854848  0.219197  0.862289  0.203391    0 0 
6  0.882269  0.074277  0.956016  0.0585336  0.967904  0.0607461  0.95161  0.0954979  0.882467  0.116043  0.8712  0.110726    0 0 
5  0.905264  0.0345136  0.913988  0.0326513  0.956016  0.0585336  0.882269  0.074277  0.876633  0.0542587    0 0 
5  0.88821  0.0164118  0.905464  0.0118297  0.912842  0.0156058  0.913988  0.0326513  0.905264  0.0345136    0 0 
5  0.877813  0  0.899782  0  0.905464  0.0118297  0.88821  0.0164118  0.874533  0.0122497    0 0 
6  0.539044  0  0.599076  0  0.610017  0.0037352  0.700145  0.0993917  0.66984  0.185495  0.584201  0.112606    0 0 
5  0.292908  0.196861  0.510077  0.200804  0.601414  0.325128  0.565407  0.376197  0.384167  0.328125    0 0 
7  0.084084  0.4108  0.0914326  0.401305  0.316277  0.481909  0.30617  0.534218  0.257717  0.581719  0.203125  0.599306  0.123008  0.536297    0 0 
7  0.0506027  0.650876  0.123008  0.536297  0.203125  0.599306  0.20576  0.724285  0.182267  0.758823  0.107323  0.745173  0.0823927  0.725566    0 0 
5  0.0548529  0.817044  0  0.828739  NaN  NaN  0.0823927  0.725566  0.107323  0.745173    0 0 
4  0.0506027  0.650876  0.0823927  0.725566  NaN  NaN  0  0.643723    0 0 
3  1  0.124982  1  0.149607  0.98458  0.139853    0 0 
6  0.956635  0.14888  0.98458  0.139853  1  0.149607  1  0.167822  0.960463  0.174155  0.95025  0.162161    0 0 
7  0.833759  0.316026  0.867269  0.30263  0.868841  0.304946  0.863528  0.331998  0.843057  0.346976  0.835298  0.347359  0.83039  0.346456    0 0 
7  0.810651  0.236409  0.839561  0.234959  0.853268  0.249622  0.867269  0.30263  0.833759  0.316026  0.800454  0.270551  0.800448  0.270508    0 0 
5  0.849035  0.117845  0.8712  0.110726  0.882467  0.116043  0.919118  0.163682  0.862289  0.203391    0 0 
5  0.874533  0.0122497  0.88821  0.0164118  0.905264  0.0345136  0.876633  0.0542587  0.85608  0.0324427    0 0 
4  0.765308  0.00234242  0.76016  0  0.834792  0  0.833189  0.0074735    0 0 
5  0.711171  0.0300105  0.756365  0.001892  0.774276  0.0724022  0.77342  0.0901597  0.717324  0.0706756    0 0 
6  0.510077  0.200804  0.584201  0.112606  0.66984  0.185495  0.675075  0.194336  0.631706  0.303591  0.601414  0.325128    0 0 
5  0  0.829346  0.000245821  0.829165  0.0220388  0.837185  0.0132963  0.870094  0  0.870113    0 0 
6  0.0548529  0.817044  0.0525082  0.823067  0.0220388  0.837185  0.000245821  0.829165  0  0.828739  0  0.828739    0 0 
3  0  0.828739  0.000245821  0.829165  0  0.829346    0 0 
6  0.853268  0.249622  0.918039  0.270681  0.965633  0.322086  0.962288  0.325317  0.868841  0.304946  0.867269  0.30263    0 0 
6  0.762134  0.36573  0.792961  0.347469  0.804078  0.348759  0.815502  0.390821  0.793154  0.386737  0.764691  0.371357    0 0 
7  0.800454  0.270551  0.833759  0.316026  0.83039  0.346456  0.820609  0.349137  0.808448  0.349218  0.804078  0.348759  0.792961  0.347469    0 0 
8  0.825708  0.0494959  0.846802  0.0313659  0.85608  0.0324427  0.876633  0.0542587  0.882269  0.074277  0.8712  0.110726  0.849035  0.117845  0.817991  0.112638    0 0 
6  0.833189  0.0074735  0.834792  0  0.877813  0  0.874533  0.0122497  0.85608  0.0324427  0.846802  0.0313659    0 0 
5  0.765308  0.00234242  0.833189  0.0074735  0.846802  0.0313659  0.825708  0.0494959  0.806183  0.0421523    0 0 
6  0.756365  0.001892  0.757883  0  0.76016  0  0.765308  0.00234242  0.806183  0.0421523  0.774276  0.0724022    0 0 
7  0.700145  0.0993917  0.717324  0.0706756  0.77342  0.0901597  0.793548  0.120528  0.747684  0.188855  0.675075  0.194336  0.66984  0.185495    0 0 
4  0.965762  0.198602  0.97268  0.209601  0.962039  0.242978  0.929919  0.226354    0 0 
4  0.804078  0.348759  0.808448  0.349218  0.820028  0.391856  0.815502  0.390821    0 0 
5  0.764691  0.371357  0.793154  0.386737  0.831995  0.434599  0.831174  0.435966  0.77072  0.409161    0 0 
8  0.793548  0.120528  0.817991  0.112638  0.849035  0.117845  0.862289  0.203391  0.854848  0.219197  0.839561  0.234959  0.810651  0.236409  0.747684  0.188855    0 0 
6  0.800448  0.270508  0.800454  0.270551  0.792961  0.347469  0.762134  0.36573  0.741974  0.359704  0.703749  0.329979    0 0 
6  0.675075  0.194336  0.747684  0.188855  0.810651  0.236409  0.800448  0.270508  0.703749  0.329979  0.631706  0.303591    0 0 
6  0.774276  0.0724022  0.806183  0.0421523  0.825708  0.0494959  0.817991  0.112638  0.793548  0.120528  0.77342  0.0901597    0 0 
6  0.316277  0.481909  0.353659  0.453069  0.412895  0.49578  0.418613  0.564843  0.369986  0.587352  0.30617  0.534218    0 0 
6  0.384167  0.328125  0.565407  0.376197  0.57538  0.429606  0.554944  0.479071  0.412895  0.49578  0.353659  0.453069    0 0 
10  0.0132963  0.870094  0.0220388  0.837185  0.0525082  0.823067  0.0704738  0.861839  0.0725216  0.867083  0.0788727  0.88948  0.0782799  0.894169  0.0761343  0.900198  0.0708877  0.906414  0.0341682  0.911179    0 0 
4  0.0341682  0.911179  0.0132963  0.870094  0  0.870113  NaN  NaN    0 0 
4  0.961612  0.176625  0.960463  0.174155  1  0.167822  1  0.188406    0 0 
7  0.918039  0.270681  0.92718  0.226381  0.929919  0.226354  0.962039  0.242978  0.982665  0.308581  0.978025  0.3175  0.965633  0.322086    0 0 
5  0.808448  0.349218  0.820609  0.349137  0.829121  0.380475  0.825105  0.394983  0.820028  0.391856    0 0 
6  0.793154  0.386737  0.815502  0.390821  0.820028  0.391856  0.825105  0.394983  0.839919  0.42493  0.831995  0.434599    0 0 
5  0.758026  0.440861  0.77072  0.409161  0.831174  0.435966  0.823549  0.478174  0.811477  0.490314    0 0 
7  0.741974  0.359704  0.762134  0.36573  0.764691  0.371357  0.77072  0.409161  0.758026  0.440861  0.713326  0.450136  0.705398  0.451046    0 0 
8  0.565407  0.376197  0.601414  0.325128  0.631706  0.303591  0.703749  0.329979  0.741974  0.359704  0.705398  0.451046  0.677407  0.466976  0.57538  0.429606    0 0 
5  0.412895  0.49578  0.554944  0.479071  0.554838  0.499445  0.471599  0.594992  0.418613  0.564843    0 0 
6  0.257717  0.581719  0.30617  0.534218  0.369986  0.587352  0.362521  0.671231  0.360513  0.674255  0.355212  0.6778    0 0 
6  0.203125  0.599306  0.257717  0.581719  0.355212  0.6778  0.351343  0.683843  0.212491  0.723149  0.20576  0.724285    0 0 
6  0.107323  0.745173  0.182267  0.758823  0.183846  0.763603  0.0704738  0.861839  0.0525082  0.823067  0.0548529  0.817044    0 0 
4  0.183846  0.763603  0.185728  0.768992  0.0725216  0.867083  0.0704738  0.861839    0 0 
4  0.185728  0.768992  0.194844  0.792877  0.0788727  0.88948  0.0725216  0.867083    0 0 
5  0.961612  0.176625  1  0.188406  1  0.217986  0.97268  0.209601  0.965762  0.198602    0 0 
4  0.863528  0.331998  0.868841  0.304946  0.962288  0.325317  0.932034  0.374386    0 0 
5  0.820609  0.349137  0.83039  0.346456  0.835298  0.347359  0.844244  0.380294  0.829121  0.380475    0 0 
5  0.825105  0.394983  0.829121  0.380475  0.844244  0.380294  0.870376  0.407789  0.839919  0.42493    0 0 
4  0.713326  0.450136  0.758026  0.440861  0.811477  0.490314  0.804399  0.509616    0 0 
3  0.678156  0.468203  0.74332  0.538281  0.667866  0.544056    0 0 
9  0.554838  0.499445  0.554944  0.479071  0.57538  0.429606  0.677407  0.466976  0.678156  0.468203  0.667866  0.544056  0.663354  0.555682  0.608025  0.556385  0.581479  0.546662    0 0 
10  0.554838  0.499445  0.581479  0.546662  0.581481  0.546857  0.574868  0.583682  0.563541  0.609636  0.542389  0.628841  0.508457  0.6327  0.482731  0.630935  0.473472  0.624385  0.471599  0.594992    0 0 
6  0.369986  0.587352  0.418613  0.564843  0.471599  0.594992  0.473472  0.624385  0.471929  0.625649  0.362521  0.671231    0 0 
6  0.360513  0.674255  0.362521  0.671231  0.471929  0.625649  0.455448  0.687637  0.446051  0.707504  0.372264  0.680033    0 0 
4  0.212491  0.723149  0.351343  0.683843  0.362481  0.751949  0.349279  0.778081    0 0 
5  0.471929  0.625649  0.473472  0.624385  0.482731  0.630935  0.511712  0.700391  0.455448  0.687637    0 0 
10  0.194844  0.792877  0.185728  0.768992  0.183846  0.763603  0.182267  0.758823  0.20576  0.724285  0.212491  0.723149  0.349279  0.778081  0.320514  0.894816  0.271742  0.912111  0.23934  0.867636    0 0 
4  0.194844  0.792877  0.23934  0.867636  0.0782799  0.894169  0.0788727  0.88948    0 0 
5  0.962039  0.242978  0.97268  0.209601  1  0.217986  1  0.291112  0.982665  0.308581    0 0 
5  0.843057  0.346976  0.863528  0.331998  0.932034  0.374386  0.923433  0.398357  0.897981  0.399275    0 0 
5  0.835298  0.347359  0.843057  0.346976  0.897981  0.399275  0.870376  0.407789  0.844244  0.380294    0 0 
8  0.678156  0.468203  0.677407  0.466976  0.705398  0.451046  0.713326  0.450136  0.804399  0.509616  0.791872  0.55189  0.76876  0.562505  0.74332  0.538281    0 0 
6  0.663354  0.555682  0.667866  0.544056  0.74332  0.538281  0.76876  0.562505  0.757688  0.58  0.702863  0.593303    0 0 
5  0.608025  0.556385  0.663354  0.555682  0.702863  0.593303  0.681771  0.609468  0.665457  0.611073    0 0 
6  0.581481  0.546857  0.581479  0.546662  0.608025  0.556385  0.665457  0.611073  0.639155  0.629945  0.630885  0.63117    0 0 
4  0.574868  0.583682  0.581481  0.546857  0.630885  0.63117  0.611378  0.64599    0 0 
5  0.563541  0.609636  0.574868  0.583682  0.611378  0.64599  0.602361  0.660321  0.594284  0.662101    0 0 
4  0.542389  0.628841  0.563541  0.609636  0.594284  0.662101  0.570766  0.677269    0 0 
4  0.508457  0.6327  0.542389  0.628841  0.570766  0.677269  0.562843  0.689544    0 0 
7  0.446051  0.707504  0.455448  0.687637  0.511712  0.700391  0.537317  0.749589  0.537049  0.773207  0.499038  0.795189  0.496077  0.792877    0 0 
4  0.372264  0.680033  0.446051  0.707504  0.496077  0.792877  0.464977  0.780833    0 0 
6  0.0761343  0.900198  0.0782799  0.894169  0.23934  0.867636  0.271742  0.912111  0.267774  0.92163  0.204068  0.938871    0 0 
4  0.982665  0.308581  1  0.291112  1  0.333254  0.978025  0.3175    0 0 
9  0.932034  0.374386  0.962288  0.325317  0.965633  0.322086  0.978025  0.3175  1  0.333254  1  0.443117  0.948789  0.44707  0.94171  0.441511  0.923433  0.398357    0 0 
6  0.94171  0.441511  0.948789  0.44707  0.950527  0.458029  0.930852  0.532633  0.894216  0.528991  0.883737  0.482044    0 0 
9  0.839919  0.42493  0.870376  0.407789  0.897981  0.399275  0.923433  0.398357  0.94171  0.441511  0.883737  0.482044  0.823549  0.478174  0.831174  0.435966  0.831995  0.434599    0 0 
7  0.804399  0.509616  0.811477  0.490314  0.823549  0.478174  0.883737  0.482044  0.894216  0.528991  0.843442  0.572918  0.791872  0.55189    0 0 
9  0.757688  0.58  0.76876  0.562505  0.791872  0.55189  0.843442  0.572918  0.853158  0.583928  0.870801  0.645479  0.817154  0.719617  0.776959  0.704756  0.767983  0.685713    0 0 
5  0.681771  0.609468  0.702863  0.593303  0.757688  0.58  0.767983  0.685713  0.686066  0.66399    0 0 
5  0.639155  0.629945  0.665457  0.611073  0.681771  0.609468  0.686066  0.66399  0.663454  0.680215    0 0 
6  0.611378  0.64599  0.630885  0.63117  0.639155  0.629945  0.663454  0.680215  0.649306  0.704037  0.602361  0.660321    0 0 
4  0.633173  0.834419  0.724162  0.848117  0.686508  0.898899  0.612651  0.922464    0 0 
9  0.562843  0.689544  0.570766  0.677269  0.594284  0.662101  0.602361  0.660321  0.649306  0.704037  0.651027  0.739004  0.59974  0.784415  0.537049  0.773207  0.537317  0.749589    0 0 
5  0.482731  0.630935  0.508457  0.6327  0.562843  0.689544  0.537317  0.749589  0.511712  0.700391    0 0 
6  0.351343  0.683843  0.355212  0.6778  0.360513  0.674255  0.372264  0.680033  0.464977  0.780833  0.362481  0.751949    0 0 
6  0.0341682  0.911179  0.0708877  0.906414  0.10015  0.99144  0.0912487  1  0.0225291  1  0.0120849  0.987744    0 0 
5  0.950527  0.458029  0.948789  0.44707  1  0.443117  1  0.521991  0.996993  0.524645    0 0 
6  0.950527  0.458029  0.996993  0.524645  0.996333  0.532032  0.960179  0.573199  0.959118  0.573156  0.930852  0.532633    0 0 
6  0.894216  0.528991  0.930852  0.532633  0.959118  0.573156  0.948331  0.580916  0.853158  0.583928  0.843442  0.572918    0 0 
5  0.853158  0.583928  0.948331  0.580916  0.919775  0.648445  0.90404  0.648943  0.870801  0.645479    0 0 
4  0.90404  0.648943  0.919775  0.648445  0.991265  0.704241  0.904708  0.720999    0 0 
5  0.870801  0.645479  0.90404  0.648943  0.904708  0.720999  0.836892  0.747282  0.817154  0.719617    0 0 
7  0.663454  0.680215  0.686066  0.66399  0.767983  0.685713  0.776959  0.704756  0.722522  0.743817  0.651027  0.739004  0.649306  0.704037    0 0 
6  0.59974  0.784415  0.651027  0.739004  0.722522  0.743817  0.72836  0.84776  0.724162  0.848117  0.633173  0.834419    0 0 
5  0.612651  0.922464  0.686508  0.898899  0.694918  0.952342  0.615911  0.991744  0.590939  0.974143    0 0 
9  0.499038  0.795189  0.537049  0.773207  0.59974  0.784415  0.633173  0.834419  0.612651  0.922464  0.590939  0.974143  0.549212  0.972243  0.500271  0.966592  0.454109  0.902129    0 0 
7  0.349279  0.778081  0.362481  0.751949  0.464977  0.780833  0.496077  0.792877  0.499038  0.795189  0.454109  0.902129  0.320514  0.894816    0 0 
5  0.0708877  0.906414  0.0761343  0.900198  0.204068  0.938871  0.102819  0.991027  0.10015  0.99144    0 0 
3  0  0.96823  0.0120849  0.987744  0  0.995076    0 0 
4  0.996993  0.524645  1  0.521991  1  0.533612  0.996333  0.532032    0 0 
4  0.996333  0.532032  1  0.533612  1  0.608491  0.960179  0.573199    0 0 
7  0.948331  0.580916  0.959118  0.573156  0.960179  0.573199  1  0.608491  1  0.706916  0.991265  0.704241  0.919775  0.648445    0 0 
4  0.918246  0.851171  1  0.706916  1  0.942305  0.963656  0.933139    0 0 
4  0.963656  0.933139  1  0.942305  1  1  0.93601  1    0 0 
7  0.836892  0.747282  0.904708  0.720999  0.991265  0.704241  1  0.706916  1  0.802159  0.918246  0.851171  0.861805  0.847612    0 0 
8  0.804345  0.925387  0.811384  0.891617  0.861805  0.847612  0.918246  0.851171  0.963656  0.933139  0.93601  1  0.860062  1  0.812272  0.96953    0 0 
7  0.722522  0.743817  0.776959  0.704756  0.817154  0.719617  0.836892  0.747282  0.861805  0.847612  0.811384  0.891617  0.72836  0.84776    0 0 
6  0.724162  0.848117  0.72836  0.84776  0.811384  0.891617  0.804345  0.925387  0.694918  0.952342  0.686508  0.898899    0 0 
7  0.694918  0.952342  0.804345  0.925387  0.812272  0.96953  0.794765  0.998099  0.790954  1  0.620717  1  0.615911  0.991744    0 0 
8  0.267774  0.92163  0.271742  0.912111  0.320514  0.894816  0.454109  0.902129  0.500271  0.966592  0.484962  1  0.281012  1  0.270466  0.981271    0 0 
4  0.10015  0.99144  0.102819  0.991027  0.113454  1  0.0912487  1    0 0 
6  0.204068  0.938871  0.267774  0.92163  0.270466  0.981271  0.250414  1  0.113454  1  0.102819  0.991027    0 0 
4  0  0.995076  0.0120849  0.987744  0.0225291  1  0  1    0 0 
4  0.812272  0.96953  0.860062  1  0.794835  1  0.794765  0.998099    0 0 
3  0.794765  0.998099  0.794835  1  0.790954  1    0 0 
5  0.549212  0.972243  0.590939  0.974143  0.615911  0.991744  0.620717  1  0.55092  1    0 0 
4  0.500271  0.966592  0.549212  0.972243  0.55092  1  0.484962  1    0 0 
3  0.270466  0.981271  0.281012  1  0.250414  1    0 0 
