# Date: 8/4/2013   Time: 13:33
# dimensions 
1 1 
# connectivity 
9
4  1  2  3  4    1 1 
4  5  6  7  8    1 1 
3  9  10  11    1 1 
7  12  13  14  15  16  17  18    1 1 
6  19  20  21  22  23  24    1 1 
5  25  26  27  28  29    1 1 
4  30  31  32  33    1 1 
5  34  35  36  37  38    1 1 
4  39  40  41  42    1 1 
# DG vertices (counter-clockwise) 
42
0.792631  0  
1  0  
1  0.381038  
0.792631  0.381038  
0.311633  0  
0.792631  0  
0.792631  0.381038  
0.534022  0.521779  
0  0  
0.220576  0  
0  0.136481  
0.524372  0.540631  
0.525525  0.534988  
0.534022  0.521779  
0.792631  0.381038  
1  0.381038  
1  0.881038  
0.635458  0.881038  
0  0.136481  
0.220576  0  
0.311633  0  
0.534022  0.521779  
0.525525  0.534988  
0  0.356886  
0  0.356886  
0.525525  0.534988  
0.524372  0.540631  
0.135458  0.778887  
0  0.778887  
0.635458  0.881038  
1  0.881038  
1  1  
0.635458  1  
0.135458  0.778887  
0.524372  0.540631  
0.635458  0.881038  
0.635458  1  
0.135458  1  
0  0.778887  
0.135458  0.778887  
0.135458  1  
0  1  
# grid vertices 
31
Inf Inf 
-0.230153 0.278887 
0.525525 0.534988 
0.135458 0.778887 
0.534022 0.521779 
0.292631 -0.0445839 
0.524372 0.540631 
0.792631 0.381038 
0.635458 0.881038 
2.52273 0.381038 
0.792631 -1.34906 
0.292631 -2.04153 
2.45407 0.881038 
-2.40726 0.278887 
0.635458 2.69965 
0.135458 2.65209 
-1.73774 0.778887 
1 0 
0.792631 0 
1 0.381038 
0.311633 0 
0.220576 0 
0 0 
0 0.136481 
1 0.881038 
0 0.356886 
0 1 
0.135458 1 
0.635458 1 
1 1 
0 0.778887 
