# Date: 8/2/2013   Time: 8:23
# dimensions 
1 1 
# connectivity 
4
4 1 2 3 4 1 1 
4 5 6 7 8 1 1 
4 9 10 11 12 1 1 
4 13 14 15 16 1 1 
# DG vertices (counter-clockwise) 
16
 1 0 
 1 0.382135 
 0.734275 0.247439 
 0.251214 0 
 1 0.382135 
 1 1 
 0.169856 1 
 0.734275 0.247439 
 0.251214 0 
 0.734275 0.247439 
 0 0.175393 
 0 0 
 0.734275 0.247439 
 0.169856 1 
 0 1 
 0 0.175393 
# grid vertices (counter-clockwise) 
9
1 0 
1 0.382135 
1 1 
0.251214 0 
0.734275 0.247439 
0.169856 1 
0 0 
0 0.175393 
0 1 
