# Date: 8/4/2013   Time: 11:57
# dimensions 
1 1 
# connectivity 
81
4  1  2  3  4    1 1 
6  5  6  7  8  9  10    1 1 
4  11  12  13  14    1 1 
5  15  16  17  18  19    1 1 
4  20  21  22  23    1 1 
4  24  25  26  27    1 1 
4  28  29  30  31    1 1 
4  32  33  34  35    1 1 
4  36  37  38  39    1 1 
5  40  41  42  43  44    1 1 
8  45  46  47  48  49  50  51  52    1 1 
5  53  54  55  56  57    1 1 
7  58  59  60  61  62  63  64    1 1 
5  65  66  67  68  69    1 1 
9  70  71  72  73  74  75  76  77  78    1 1 
8  79  80  81  82  83  84  85  86    1 1 
4  87  88  89  90    1 1 
4  91  92  93  94    1 1 
5  95  96  97  98  99    1 1 
7  100  101  102  103  104  105  106    1 1 
6  107  108  109  110  111  112    1 1 
7  113  114  115  116  117  118  119    1 1 
6  120  121  122  123  124  125    1 1 
6  126  127  128  129  130  131    1 1 
6  132  133  134  135  136  137    1 1 
7  138  139  140  141  142  143  144    1 1 
4  145  146  147  148    1 1 
4  149  150  151  152    1 1 
7  153  154  155  156  157  158  159    1 1 
4  160  161  162  163    1 1 
6  164  165  166  167  168  169    1 1 
4  170  171  172  173    1 1 
6  174  175  176  177  178  179    1 1 
6  180  181  182  183  184  185    1 1 
6  186  187  188  189  190  191    1 1 
4  192  193  194  195    1 1 
5  196  197  198  199  200    1 1 
5  201  202  203  204  205    1 1 
4  206  207  208  209    1 1 
8  210  211  212  213  214  215  216  217    1 1 
5  218  219  220  221  222    1 1 
4  223  224  225  226    1 1 
7  227  228  229  230  231  232  233    1 1 
9  234  235  236  237  238  239  240  241  242    1 1 
4  243  244  245  246    1 1 
5  247  248  249  250  251    1 1 
7  252  253  254  255  256  257  258    1 1 
7  259  260  261  262  263  264  265    1 1 
6  266  267  268  269  270  271    1 1 
5  272  273  274  275  276    1 1 
8  277  278  279  280  281  282  283  284    1 1 
4  285  286  287  288    1 1 
4  289  290  291  292    1 1 
6  293  294  295  296  297  298    1 1 
4  299  300  301  302    1 1 
6  303  304  305  306  307  308    1 1 
6  309  310  311  312  313  314    1 1 
6  315  316  317  318  319  320    1 1 
6  321  322  323  324  325  326    1 1 
4  327  328  329  330    1 1 
8  331  332  333  334  335  336  337  338    1 1 
7  339  340  341  342  343  344  345    1 1 
4  346  347  348  349    1 1 
5  350  351  352  353  354    1 1 
6  355  356  357  358  359  360    1 1 
9  361  362  363  364  365  366  367  368  369    1 1 
7  370  371  372  373  374  375  376    1 1 
5  377  378  379  380  381    1 1 
6  382  383  384  385  386  387    1 1 
8  388  389  390  391  392  393  394  395    1 1 
6  396  397  398  399  400  401    1 1 
5  402  403  404  405  406    1 1 
4  407  408  409  410    1 1 
5  411  412  413  414  415    1 1 
4  416  417  418  419    1 1 
4  420  421  422  423    1 1 
4  424  425  426  427    1 1 
5  428  429  430  431  432    1 1 
4  433  434  435  436    1 1 
6  437  438  439  440  441  442    1 1 
4  443  444  445  446    1 1 
# DG vertices (counter-clockwise) 
446
0.97916  0  
1  0  
1  0.0281089  
0.97916  0.0281089  
0.841403  0.0139735  
0.841403  0  
0.97916  0  
0.97916  0.0281089  
0.885215  0.0977601  
0.856901  0.0788307  
0.655652  0  
0.841403  0  
0.841403  0.0139735  
0.655652  0.0355425  
0.548927  0  
0.655652  0  
0.655652  0.0355425  
0.63267  0.0964062  
0.548927  0.0695425  
0.385959  0  
0.548927  0  
0.548927  0.0695425  
0.438465  0.0906121  
0.121545  0  
0.295641  0  
0.195169  0.129829  
0.121545  0.0534179  
0.035313  0  
0.121545  0  
0.121545  0.0534179  
0.035313  0.0582178  
0.00553792  0  
0.035313  0  
0.035313  0.0582178  
0.00553792  0.0726045  
0  0  
0.00553792  0  
0.00553792  0.0726045  
0  0.0758213  
0.97916  0.0281089  
1  0.0281089  
1  0.16667  
0.942179  0.16667  
0.885215  0.0977601  
0.856901  0.0788307  
0.885215  0.0977601  
0.942179  0.16667  
0.918316  0.223465  
0.809939  0.289148  
0.716069  0.256855  
0.675736  0.203083  
0.678324  0.189629  
0.655652  0.0355425  
0.841403  0.0139735  
0.856901  0.0788307  
0.678324  0.189629  
0.63267  0.0964062  
0.428418  0.145249  
0.438465  0.0906121  
0.548927  0.0695425  
0.63267  0.0964062  
0.678324  0.189629  
0.675736  0.203083  
0.628998  0.225706  
0.392631  0.205335  
0.428418  0.145249  
0.628998  0.225706  
0.582108  0.2723  
0.499043  0.272122  
0.295641  0  
0.385959  0  
0.438465  0.0906121  
0.428418  0.145249  
0.392631  0.205335  
0.35849  0.228441  
0.206017  0.180727  
0.195214  0.132237  
0.195169  0.129829  
0  0.0758213  
0.00553792  0.0726045  
0.035313  0.0582178  
0.121545  0.0534179  
0.195169  0.129829  
0.195214  0.132237  
0.0364915  0.141072  
0  0.123935  
0  0.123935  
0.0364915  0.141072  
0.0867237  0.250178  
0  0.20663  
0  0.20663  
0.0867237  0.250178  
0.104603  0.264877  
0  0.284765  
0.918316  0.223465  
0.942179  0.16667  
1  0.16667  
1  0.309644  
0.950893  0.309644  
0.814327  0.300757  
0.809939  0.289148  
0.918316  0.223465  
0.950893  0.309644  
0.93811  0.365877  
0.935969  0.369078  
0.851904  0.35208  
0.710496  0.29197  
0.716069  0.256855  
0.809939  0.289148  
0.814327  0.300757  
0.781217  0.387767  
0.713715  0.366447  
0.582108  0.2723  
0.628998  0.225706  
0.675736  0.203083  
0.716069  0.256855  
0.710496  0.29197  
0.601422  0.404399  
0.567507  0.364288  
0.499043  0.272122  
0.582108  0.2723  
0.567507  0.364288  
0.551725  0.368343  
0.493803  0.368218  
0.469129  0.355103  
0.35849  0.228441  
0.392631  0.205335  
0.499043  0.272122  
0.469129  0.355103  
0.417681  0.36015  
0.359634  0.344879  
0.0364915  0.141072  
0.195214  0.132237  
0.206017  0.180727  
0.135772  0.276225  
0.104603  0.264877  
0.0867237  0.250178  
0  0.284765  
0.104603  0.264877  
0.135772  0.276225  
0.136118  0.284116  
0.127273  0.317568  
0.0649222  0.357374  
0  0.333739  
0  0.333739  
0.0649222  0.357374  
0.0546417  0.369515  
0  0.369515  
0.950893  0.309644  
1  0.309644  
1  0.365877  
0.93811  0.365877  
0.781217  0.387767  
0.814327  0.300757  
0.851904  0.35208  
0.822314  0.45942  
0.819848  0.460845  
0.810159  0.451318  
0.790708  0.415029  
0.707198  0.388653  
0.713715  0.366447  
0.781217  0.387767  
0.790708  0.415029  
0.710496  0.29197  
0.713715  0.366447  
0.707198  0.388653  
0.697015  0.412437  
0.633796  0.475028  
0.601422  0.404399  
0.493803  0.368218  
0.551725  0.368343  
0.522766  0.420425  
0.487043  0.420348  
0.417681  0.36015  
0.469129  0.355103  
0.493803  0.368218  
0.487043  0.420348  
0.478015  0.437764  
0.436099  0.397224  
0.135772  0.276225  
0.206017  0.180727  
0.35849  0.228441  
0.359634  0.344879  
0.329522  0.385815  
0.136118  0.284116  
0.127273  0.317568  
0.136118  0.284116  
0.329522  0.385815  
0.316344  0.435365  
0.237947  0.537915  
0.201618  0.553542  
0  0.369515  
0.0546417  0.369515  
0.0397174  0.402141  
0  0.402141  
0.935969  0.369078  
0.93811  0.365877  
1  0.365877  
1  0.397206  
0.938221  0.397206  
0.851904  0.35208  
0.935969  0.369078  
0.938221  0.397206  
0.93586  0.452363  
0.822314  0.45942  
0.697015  0.412437  
0.707198  0.388653  
0.790708  0.415029  
0.810159  0.451318  
0.522766  0.420425  
0.551725  0.368343  
0.567507  0.364288  
0.601422  0.404399  
0.633796  0.475028  
0.630771  0.502208  
0.582158  0.541102  
0.528527  0.49239  
0.478015  0.437764  
0.487043  0.420348  
0.522766  0.420425  
0.528527  0.49239  
0.477567  0.462161  
0.436099  0.397224  
0.478015  0.437764  
0.477567  0.462161  
0.43473  0.471713  
0.329522  0.385815  
0.359634  0.344879  
0.417681  0.36015  
0.436099  0.397224  
0.43473  0.471713  
0.431539  0.473282  
0.316344  0.435365  
0.0397174  0.402141  
0.0546417  0.369515  
0.0649222  0.357374  
0.127273  0.317568  
0.201618  0.553542  
0.200429  0.554891  
0.198632  0.555593  
0.126597  0.559909  
0.0374224  0.527052  
0  0.402141  
0.0397174  0.402141  
0.0374224  0.527052  
0  0.527052  
0.938221  0.397206  
1  0.397206  
1  0.468289  
0.950482  0.468289  
0.93586  0.452363  
0.803389  0.498424  
0.819848  0.460845  
0.822314  0.45942  
0.93586  0.452363  
0.950482  0.468289  
0.934375  0.564697  
0.916577  0.589069  
0.633796  0.475028  
0.697015  0.412437  
0.810159  0.451318  
0.819848  0.460845  
0.803389  0.498424  
0.746566  0.542  
0.630771  0.502208  
0.419241  0.65897  
0.436242  0.605525  
0.555523  0.597442  
0.586617  0.669666  
0.545359  0.798143  
0.446952  0.736015  
0.360397  0.703857  
0.419241  0.65897  
0.446952  0.736015  
0.395556  0.762317  
0.365704  0.722968  
0.431539  0.473282  
0.43473  0.471713  
0.477567  0.462161  
0.528527  0.49239  
0.582158  0.541102  
0.555523  0.597442  
0.436242  0.605525  
0.430786  0.60139  
0.316344  0.435365  
0.431539  0.473282  
0.430786  0.60139  
0.237947  0.537915  
0.126597  0.559909  
0.198632  0.555593  
0.128814  0.7855  
0.0286133  0.695865  
0  0.527052  
0.0374224  0.527052  
0.126597  0.559909  
0.0286133  0.695865  
0.000470982  0.705569  
0  0.705569  
0.950482  0.468289  
1  0.468289  
1  0.564697  
0.934375  0.564697  
0.746566  0.542  
0.803389  0.498424  
0.916577  0.589069  
0.894331  0.739464  
0.843906  0.758503  
0.787092  0.704402  
0.582158  0.541102  
0.630771  0.502208  
0.746566  0.542  
0.787092  0.704402  
0.586617  0.669666  
0.555523  0.597442  
0.388474  0.784868  
0.395556  0.762317  
0.446952  0.736015  
0.545359  0.798143  
0.55023  0.852237  
0.447553  0.875103  
0.281219  0.809994  
0.324827  0.792411  
0.388474  0.784868  
0.447553  0.875103  
0.414244  0.897379  
0.329317  0.866224  
0.365704  0.722968  
0.395556  0.762317  
0.388474  0.784868  
0.324827  0.792411  
0.200429  0.554891  
0.201618  0.553542  
0.237947  0.537915  
0.430786  0.60139  
0.436242  0.605525  
0.419241  0.65897  
0.360397  0.703857  
0.272888  0.692947  
0.000470982  0.705569  
0.0286133  0.695865  
0.128814  0.7855  
0.141138  0.86095  
0.137369  0.867437  
0.132205  0.870518  
0.048137  0.846842  
0  0.705569  
0.000470982  0.705569  
0.048137  0.846842  
0  0.846842  
0.916577  0.589069  
0.934375  0.564697  
1  0.564697  
1  0.753543  
0.894331  0.739464  
0.843906  0.758503  
0.894331  0.739464  
1  0.753543  
1  0.943326  
0.941658  0.968137  
0.797459  0.854171  
0.545359  0.798143  
0.586617  0.669666  
0.787092  0.704402  
0.843906  0.758503  
0.797459  0.854171  
0.749821  0.898457  
0.590234  0.870805  
0.556319  0.857618  
0.55023  0.852237  
0.414244  0.897379  
0.447553  0.875103  
0.55023  0.852237  
0.556319  0.857618  
0.512576  1  
0.387718  1  
0.386077  0.990405  
0.329317  0.866224  
0.414244  0.897379  
0.386077  0.990405  
0.291973  0.955884  
0.279271  0.948196  
0.272888  0.692947  
0.360397  0.703857  
0.365704  0.722968  
0.324827  0.792411  
0.281219  0.809994  
0.265808  0.803666  
0.137369  0.867437  
0.141138  0.86095  
0.265808  0.803666  
0.281219  0.809994  
0.329317  0.866224  
0.279271  0.948196  
0.26354  0.949379  
0.214853  0.934412  
0.198632  0.555593  
0.200429  0.554891  
0.272888  0.692947  
0.265808  0.803666  
0.141138  0.86095  
0.128814  0.7855  
0  0.846842  
0.048137  0.846842  
0.132205  0.870518  
0.0929956  0.958607  
0  0.958607  
0.941658  0.968137  
1  0.943326  
1  1  
0.941658  1  
0.749821  0.898457  
0.797459  0.854171  
0.941658  0.968137  
0.941658  1  
0.749821  1  
0.590234  0.870805  
0.749821  0.898457  
0.749821  1  
0.590234  1  
0.556319  0.857618  
0.590234  0.870805  
0.590234  1  
0.512576  1  
0.291973  0.955884  
0.386077  0.990405  
0.387718  1  
0.291973  1  
0.26354  0.949379  
0.279271  0.948196  
0.291973  0.955884  
0.291973  1  
0.26354  1  
0.214853  0.934412  
0.26354  0.949379  
0.26354  1  
0.214853  1  
0.132205  0.870518  
0.137369  0.867437  
0.214853  0.934412  
0.214853  1  
0.0929956  1  
0.0929956  0.958607  
0  0.958607  
0.0929956  0.958607  
0.0929956  1  
0  1  
# grid vertices 
203
Inf Inf 
0.0397174 0.402141 
0.417681 0.36015 
0.675736 0.203083 
-0.0458024 0.102426 
0.414244 0.897379 
0.487043 0.420348 
0.135772 0.276225 
-0.0883739 0.301567 
0.0649222 0.357374 
0.0867237 0.250178 
0.195214 0.132237 
0.316344 0.435365 
0.0546417 0.369515 
0.141138 0.86095 
0.0374224 0.527052 
0.386077 0.990405 
0.446952 0.736015 
0.214853 0.934412 
0.894331 0.739464 
0.137369 0.867437 
0.436099 0.397224 
0.237947 0.537915 
0.447553 0.875103 
0.291973 0.955884 
0.590234 0.870805 
0.787092 0.704402 
0.567507 0.364288 
0.55023 0.852237 
0.522766 0.420425 
0.586617 0.669666 
0.121545 0.0534179 
0.809939 0.289148 
0.814327 0.300757 
0.035313 0.0582178 
0.347287 -0.0667374 
-0.163608 0.124475 
0.00553792 0.0726045 
0.438465 0.0906121 
0.195169 0.129829 
0.0364915 0.141072 
0.678324 0.189629 
0.392631 0.205335 
0.206017 0.180727 
0.477567 0.462161 
0.198632 0.555593 
0.329522 0.385815 
0.43473 0.471713 
0.359634 0.344879 
0.551725 0.368343 
0.431539 0.473282 
0.582158 0.541102 
0.128814 0.7855 
0.104603 0.264877 
0.127273 0.317568 
0.201618 0.553542 
0.126597 0.559909 
0.136118 0.284116 
0.35849 0.228441 
0.0286133 0.695865 
0.132205 0.870518 
0.000470982 0.705569 
0.200429 0.554891 
0.329317 0.866224 
0.048137 0.846842 
0.0929956 0.958607 
0.26354 0.949379 
0.265808 0.803666 
0.279271 0.948196 
0.432361 1.2611 
0.395556 0.762317 
0.281219 0.809994 
0.388474 0.784868 
0.365704 0.722968 
0.360397 0.703857 
0.324827 0.792411 
0.430786 0.60139 
0.272888 0.692947 
0.436242 0.605525 
0.545359 0.798143 
0.419241 0.65897 
0.555523 0.597442 
0.478015 0.437764 
0.528527 0.49239 
0.469129 0.355103 
0.499043 0.272122 
0.697015 0.412437 
0.822314 0.45942 
0.556319 0.857618 
0.749821 0.898457 
0.630771 0.502208 
0.93586 0.452363 
0.601422 0.404399 
0.810159 0.451318 
0.934375 0.564697 
0.941658 0.968137 
0.797459 0.854171 
0.843906 0.758503 
1.33981 0.798818 
0.746566 0.542 
0.819848 0.460845 
0.916577 0.589069 
0.803389 0.498424 
0.93811 0.365877 
0.950482 0.468289 
0.790708 0.415029 
0.716069 0.256855 
0.918316 0.223465 
0.851904 0.35208 
0.935969 0.369078 
0.938221 0.397206 
0.493803 0.368218 
0.781217 0.387767 
0.582108 0.2723 
0.628998 0.225706 
0.633796 0.475028 
0.710496 0.29197 
0.707198 0.388653 
0.713715 0.366447 
0.63267 0.0964062 
0.428418 0.145249 
0.548927 0.0695425 
0.655652 0.0355425 
0.841403 0.0139735 
0.856901 0.0788307 
0.942179 0.16667 
0.885215 0.0977601 
0.97916 0.0281089 
0.950893 0.309644 
3.06589 0.0281089 
0.97916 -2.05862 
0.841403 -1.99419 
0.655652 -1.86852 
0.548927 -1.7779 
0.347287 -2.0679 
0.121545 -1.94617 
0.035313 -1.99717 
0.00553792 -1.99518 
2.91013 0.16667 
-2.34031 0.124475 
2.85453 0.309644 
-2.12352 0.301567 
2.8105 0.365877 
-1.82365 0.369515 
2.80255 0.397206 
-1.84507 0.402141 
2.81629 0.468289 
-1.84016 0.527052 
2.78776 0.564697 
-1.95392 0.705569 
3.64541 0.798818 
-1.93571 0.846842 
0.941658 3.02594 
0.749821 2.78297 
0.590234 2.66664 
0.432361 3.43941 
0.291973 2.8712 
0.26354 2.87139 
0.214853 2.86826 
0.0929956 2.98599 
-1.93438 0.958607 
1 0 
0.97916 0 
1 0.0281089 
0.841403 0 
0.655652 0 
0.548927 0 
0.385959 0 
0.295641 0 
0.121545 0 
0.035313 0 
0.00553792 0 
0 0 
0 0.0758213 
1 0.16667 
0 0.123935 
0 0.20663 
0 0.284765 
1 0.309644 
0 0.333739 
0 0.369515 
1 0.365877 
0 0.402141 
1 0.397206 
0 0.527052 
1 0.468289 
0 0.705569 
1 0.564697 
0 0.846842 
1 0.753543 
1 0.943326 
0.387718 1 
0.512576 1 
0 1 
0.0929956 1 
0.941658 1 
1 1 
0.749821 1 
0.590234 1 
0.291973 1 
0.26354 1 
0.214853 1 
0 0.958607 
