# Date: 8/4/2013   Time: 13:33
# dimensions 
1 1 
# connectivity 
9
4  1  2  3  4    1 1 
6  5  6  7  8  9  10    1 1 
4  11  12  13  14    1 1 
6  15  16  17  18  19  20    1 1 
5  21  22  23  24  25    1 1 
5  26  27  28  29  30    1 1 
4  31  32  33  34    1 1 
5  35  36  37  38  39    1 1 
5  40  41  42  43  44    1 1 
# DG vertices (counter-clockwise) 
44
0.840137  0  
1  0  
1  0.239212  
0.840137  0.239212  
0.340137  0.102566  
0.340137  0  
0.840137  0  
0.840137  0.239212  
0.611224  0.392192  
0.402252  0.308558  
0  0  
0.340137  0  
0.340137  0.102566  
0  0.102566  
0.611224  0.392192  
0.840137  0.239212  
1  0.239212  
1  0.739212  
0.751245  0.739212  
0.750713  0.738705  
0.402252  0.308558  
0.611224  0.392192  
0.750713  0.738705  
0.251245  0.940951  
0.0119206  0.602566  
0  0.102566  
0.340137  0.102566  
0.402252  0.308558  
0.0119206  0.602566  
0  0.602566  
0.751245  0.739212  
1  0.739212  
1  1  
0.751245  1  
0.750713  0.738705  
0.751245  0.739212  
0.751245  1  
0.251245  1  
0.251245  0.940951  
0  0.602566  
0.0119206  0.602566  
0.251245  0.940951  
0.251245  1  
0  1  
# grid vertices 
29
Inf Inf 
0.0119206 0.602566 
0.340137 0.102566 
0.251245 0.940951 
0.750713 0.738705 
0.402252 0.308558 
0.840137 0.239212 
0.751245 0.739212 
0.611224 0.392192 
2.68296 0.239212 
0.840137 -1.60361 
0.340137 -1.74003 
2.51237 0.739212 
-1.50246 0.102566 
0.751245 2.50034 
0.251245 2.86144 
-1.90103 0.602566 
1 0 
0.840137 0 
1 0.239212 
0.340137 0 
0 0 
0 0.102566 
1 0.739212 
0 0.602566 
0.751245 1 
1 1 
0.251245 1 
0 1 
