# Date: 8/4/2013   Time: 10:12
# dimensions 
1 1 
# connectivity 
16
4 1 2 3 4 1 1 
4 5 6 7 8 1 1 
4 9 10 11 12 1 1 
4 13 14 15 16 1 1 
4 17 18 19 20 1 1 
4 21 22 23 24 1 1 
4 25 26 27 28 1 1 
4 29 30 31 32 1 1 
4 33 34 35 36 1 1 
4 37 38 39 40 1 1 
4 41 42 43 44 1 1 
4 45 46 47 48 1 1 
4 49 50 51 52 1 1 
4 53 54 55 56 1 1 
4 57 58 59 60 1 1 
4 61 62 63 64 1 1 
# DG vertices (counter-clockwise) 
64
 1 0 
 1 0.386786 
 0.482463 0.381519 
 0.832904 0 
 1 0.386786 
 1 0.744004 
 0.627483 0.693728 
 0.482463 0.381519 
 1 0.744004 
 1 0.819963 
 0.649904 0.743542 
 0.627483 0.693728 
 1 0.819963 
 1 1 
 0.802913 1 
 0.649904 0.743542 
 0.832904 0 
 0.482463 0.381519 
 0.3261 0.268516 
 0.176077 0 
 0.482463 0.381519 
 0.627483 0.693728 
 0.558465 0.684413 
 0.3261 0.268516 
 0.627483 0.693728 
 0.649904 0.743542 
 0.571029 0.780792 
 0.558465 0.684413 
 0.649904 0.743542 
 0.802913 1 
 0.599605 1 
 0.571029 0.780792 
 0.176077 0 
 0.3261 0.268516 
 0.253811 0.34418 
 0.107963 0 
 0.3261 0.268516 
 0.558465 0.684413 
 0.263982 0.418175 
 0.253811 0.34418 
 0.558465 0.684413 
 0.571029 0.780792 
 0.254661 0.852224 
 0.263982 0.418175 
 0.571029 0.780792 
 0.599605 1 
 0.433366 1 
 0.254661 0.852224 
 0.107963 0 
 0.253811 0.34418 
 0 0.146482 
 0 0 
 0.253811 0.34418 
 0.263982 0.418175 
 0 0.179514 
 0 0.146482 
 0.263982 0.418175 
 0.254661 0.852224 
 0 0.38977 
 0 0.179514 
 0.254661 0.852224 
 0.433366 1 
 0 1 
 0 0.38977 
# grid vertices (counter-clockwise) 
25
1 0 
1 0.386786 
1 0.744004 
1 0.819963 
1 1 
0.832904 0 
0.482463 0.381519 
0.627483 0.693728 
0.649904 0.743542 
0.802913 1 
0.176077 0 
0.3261 0.268516 
0.558465 0.684413 
0.571029 0.780792 
0.599605 1 
0.107963 0 
0.253811 0.34418 
0.263982 0.418175 
0.254661 0.852224 
0.433366 1 
0 0 
0 0.146482 
0 0.179514 
0 0.38977 
0 1 
