# Date: 8/4/2013   Time: 11:57
# dimensions 
1 1 
# connectivity 
25
5  1  2  3  4  5    1 1 
5  6  7  8  9  10    1 1 
4  11  12  13  14    1 1 
7  15  16  17  18  19  20  21    1 1 
4  22  23  24  25    1 1 
4  26  27  28  29    1 1 
6  30  31  32  33  34  35    1 1 
7  36  37  38  39  40  41  42    1 1 
6  43  44  45  46  47  48    1 1 
4  49  50  51  52    1 1 
4  53  54  55  56    1 1 
7  57  58  59  60  61  62  63    1 1 
6  64  65  66  67  68  69    1 1 
5  70  71  72  73  74    1 1 
5  75  76  77  78  79    1 1 
4  80  81  82  83    1 1 
6  84  85  86  87  88  89    1 1 
6  90  91  92  93  94  95    1 1 
8  96  97  98  99  100  101  102  103    1 1 
4  104  105  106  107    1 1 
3  108  109  110    1 1 
4  111  112  113  114    1 1 
4  115  116  117  118    1 1 
5  119  120  121  122  123    1 1 
4  124  125  126  127    1 1 
# DG vertices (counter-clockwise) 
127
0.858645  0.0334468  
0.858645  0  
1  0  
1  0.0746355  
0.910069  0.0746355  
0.612329  0  
0.858645  0  
0.858645  0.0334468  
0.700229  0.157189  
0.612329  0.0606223  
0.438484  0  
0.612329  0  
0.612329  0.0606223  
0.438484  0.0985301  
0.1848  0.0140877  
0.1848  0  
0.438484  0  
0.438484  0.0985301  
0.341174  0.203831  
0.225526  0.175988  
0.190385  0.0873562  
0  0  
0.1848  0  
0.1848  0.0140877  
0  0.0140877  
0.910069  0.0746355  
1  0.0746355  
1  0.240364  
0.944138  0.240364  
0.700229  0.157189  
0.858645  0.0334468  
0.910069  0.0746355  
0.944138  0.240364  
0.888306  0.292674  
0.686034  0.389225  
0.341174  0.203831  
0.438484  0.0985301  
0.612329  0.0606223  
0.700229  0.157189  
0.686034  0.389225  
0.678004  0.403754  
0.373584  0.240256  
0.373584  0.240256  
0.678004  0.403754  
0.682911  0.478519  
0.422664  0.688299  
0.392181  0.690709  
0.301912  0.571885  
0  0.0140877  
0.1848  0.0140877  
0.190385  0.0873562  
0  0.0873562  
0.944138  0.240364  
1  0.240364  
1  0.37613  
0.888306  0.292674  
0.678004  0.403754  
0.686034  0.389225  
0.888306  0.292674  
1  0.37613  
1  0.474222  
0.754826  0.532253  
0.682911  0.478519  
0.422664  0.688299  
0.682911  0.478519  
0.754826  0.532253  
0.862076  0.709258  
0.790461  0.860058  
0.600679  0.913626  
0.225526  0.175988  
0.341174  0.203831  
0.373584  0.240256  
0.301912  0.571885  
0.0196268  0.399871  
0  0.0873562  
0.190385  0.0873562  
0.225526  0.175988  
0.0196268  0.399871  
0  0.40538  
0.754826  0.532253  
1  0.474222  
1  0.73681  
0.862076  0.709258  
0.790461  0.860058  
0.862076  0.709258  
1  0.73681  
1  0.926617  
0.875354  1  
0.868497  1  
0.273388  0.802566  
0.392181  0.690709  
0.422664  0.688299  
0.600679  0.913626  
0.586721  1  
0.429367  1  
0  0.553214  
0  0.40538  
0.0196268  0.399871  
0.301912  0.571885  
0.392181  0.690709  
0.273388  0.802566  
0.224088  0.834889  
0.160835  0.823692  
0  0.553214  
0.160835  0.823692  
0.0342783  0.853255  
0  0.853255  
1  0.926617  
1  1  
0.875354  1  
0.600679  0.913626  
0.790461  0.860058  
0.868497  1  
0.586721  1  
0.224088  0.834889  
0.273388  0.802566  
0.429367  1  
0.224088  1  
0.0342783  0.853255  
0.160835  0.823692  
0.224088  0.834889  
0.224088  1  
0.0342783  1  
0  0.853255  
0.0342783  0.853255  
0.0342783  1  
0  1  
# grid vertices 
75
Inf Inf 
0.160835 0.823692 
-0.0753341 0.426523 
0.438484 0.0985301 
0.224088 0.834889 
0.373584 0.240256 
0.225526 0.175988 
0.1848 0.0140877 
0.190385 0.0873562 
0.700229 0.157189 
0.0196268 0.399871 
0.0342783 0.853255 
0.392181 0.690709 
0.560001 1.16535 
0.301912 0.571885 
0.273388 0.802566 
0.341174 0.203831 
0.870192 1.00304 
0.790461 0.860058 
0.422664 0.688299 
0.600679 0.913626 
0.754826 0.532253 
0.862076 0.709258 
0.682911 0.478519 
1.24072 0.784896 
1.0997 0.450624 
0.888306 0.292674 
0.944138 0.240364 
0.678004 0.403754 
0.612329 0.0606223 
0.686034 0.389225 
0.858645 0.0334468 
0.910069 0.0746355 
2.91512 0.0746355 
0.858645 -1.96924 
0.612329 -1.8071 
0.438484 -1.72184 
0.1848 -1.97932 
2.87281 0.240364 
-1.8086 0.0140877 
3.11564 0.450624 
-1.73971 0.0873562 
3.44856 0.784896 
-2.06955 0.426523 
0.870192 3.04182 
0.560001 3.24762 
0.224088 2.68301 
0.0342783 2.85201 
-1.96447 0.853255 
1 0 
0.858645 0 
1 0.0746355 
0.612329 0 
0.438484 0 
0.1848 0 
0 0 
0 0.0140877 
1 0.240364 
0 0.0873562 
1 0.37613 
1 0.474222 
1 0.37613 
0 0.40538 
1 0.73681 
1 0.926617 
0.868497 1 
0.875354 1 
0.429367 1 
0.586721 1 
0 0.553214 
0 1 
0.0342783 1 
1 1 
0.224088 1 
0 0.853255 
