# Date: 8/4/2013   Time: 9:46
# dimensions 
1 1 
# connectivity 
4
4 1 2 3 4 1 1 
4 5 6 7 8 1 1 
4 9 10 11 12 1 1 
4 13 14 15 16 1 1 
# DG vertices (counter-clockwise) 
16
 1 0 
 1 0.514425 
 0.509876 0.502285 
 0.539923 0 
 1 0.514425 
 1 1 
 0.544464 1 
 0.509876 0.502285 
 0.539923 0 
 0.509876 0.502285 
 0 0.478709 
 0 0 
 0.509876 0.502285 
 0.544464 1 
 0 1 
 0 0.478709 
# grid vertices (counter-clockwise) 
9
1 0 
1 0.514425 
1 1 
0.539923 0 
0.509876 0.502285 
0.544464 1 
0 0 
0 0.478709 
0 1 
