# Date: 8/4/2013   Time: 9:46
# dimensions 
1 1 
# connectivity 
16
4 1 2 3 4 1 1 
4 5 6 7 8 1 1 
4 9 10 11 12 1 1 
4 13 14 15 16 1 1 
4 17 18 19 20 1 1 
4 21 22 23 24 1 1 
4 25 26 27 28 1 1 
4 29 30 31 32 1 1 
4 33 34 35 36 1 1 
4 37 38 39 40 1 1 
4 41 42 43 44 1 1 
4 45 46 47 48 1 1 
4 49 50 51 52 1 1 
4 53 54 55 56 1 1 
4 57 58 59 60 1 1 
4 61 62 63 64 1 1 
# DG vertices (counter-clockwise) 
64
 1 0 
 1 0.272899 
 0.764392 0.255799 
 0.747971 0 
 1 0.272899 
 1 0.514425 
 0.744448 0.508095 
 0.764392 0.255799 
 1 0.514425 
 1 0.763218 
 0.743532 0.778464 
 0.744448 0.508095 
 1 0.763218 
 1 1 
 0.758814 1 
 0.743532 0.778464 
 0.747971 0 
 0.764392 0.255799 
 0.523999 0.266197 
 0.539923 0 
 0.764392 0.255799 
 0.744448 0.508095 
 0.509876 0.502285 
 0.523999 0.266197 
 0.744448 0.508095 
 0.743532 0.778464 
 0.5277 0.758763 
 0.509876 0.502285 
 0.743532 0.778464 
 0.758814 1 
 0.544464 1 
 0.5277 0.758763 
 0.539923 0 
 0.523999 0.266197 
 0.288585 0.221485 
 0.254211 0 
 0.523999 0.266197 
 0.509876 0.502285 
 0.251465 0.490337 
 0.288585 0.221485 
 0.509876 0.502285 
 0.5277 0.758763 
 0.288832 0.742222 
 0.251465 0.490337 
 0.5277 0.758763 
 0.544464 1 
 0.271929 1 
 0.288832 0.742222 
 0.254211 0 
 0.288585 0.221485 
 0 0.230977 
 0 0 
 0.288585 0.221485 
 0.251465 0.490337 
 0 0.478709 
 0 0.230977 
 0.251465 0.490337 
 0.288832 0.742222 
 0 0.761488 
 0 0.478709 
 0.288832 0.742222 
 0.271929 1 
 0 1 
 0 0.761488 
# grid vertices (counter-clockwise) 
25
1 0 
1 0.272899 
1 0.514425 
1 0.763218 
1 1 
0.747971 0 
0.764392 0.255799 
0.744448 0.508095 
0.743532 0.778464 
0.758814 1 
0.539923 0 
0.523999 0.266197 
0.509876 0.502285 
0.5277 0.758763 
0.544464 1 
0.254211 0 
0.288585 0.221485 
0.251465 0.490337 
0.288832 0.742222 
0.271929 1 
0 0 
0 0.230977 
0 0.478709 
0 0.761488 
0 1 
