# Date: 8/4/2013   Time: 9:30
# dimensions 
1 1 
# connectivity 
16
4 1 2 3 4 1 1 
4 5 6 7 8 1 1 
4 9 10 11 12 1 1 
4 13 14 15 16 1 1 
4 17 18 19 20 1 1 
4 21 22 23 24 1 1 
4 25 26 27 28 1 1 
4 29 30 31 32 1 1 
4 33 34 35 36 1 1 
4 37 38 39 40 1 1 
4 41 42 43 44 1 1 
4 45 46 47 48 1 1 
4 49 50 51 52 1 1 
4 53 54 55 56 1 1 
4 57 58 59 60 1 1 
4 61 62 63 64 1 1 
# DG vertices (counter-clockwise) 
64
 1 0 
 1 0.3005 
 0.742742 0.225842 
 0.742959 0 
 1 0.3005 
 1 0.614889 
 0.787018 0.450631 
 0.742742 0.225842 
 1 0.614889 
 1 0.820604 
 0.824606 0.850109 
 0.787018 0.450631 
 1 0.820604 
 1 1 
 0.8568 1 
 0.824606 0.850109 
 0.742959 0 
 0.742742 0.225842 
 0.611734 0.174226 
 0.611524 0 
 0.742742 0.225842 
 0.787018 0.450631 
 0.611905 0.315578 
 0.611734 0.174226 
 0.787018 0.450631 
 0.824606 0.850109 
 0.535753 0.827326 
 0.611905 0.315578 
 0.824606 0.850109 
 0.8568 1 
 0.510057 1 
 0.535753 0.827326 
 0.611524 0 
 0.611734 0.174226 
 0.223071 0.241511 
 0.17855 0 
 0.611734 0.174226 
 0.611905 0.315578 
 0.435442 0.381638 
 0.223071 0.241511 
 0.611905 0.315578 
 0.535753 0.827326 
 0.171707 0.610003 
 0.435442 0.381638 
 0.535753 0.827326 
 0.510057 1 
 0.154774 1 
 0.171707 0.610003 
 0.17855 0 
 0.223071 0.241511 
 0 0.195381 
 0 0 
 0.223071 0.241511 
 0.435442 0.381638 
 0 0.544647 
 0 0.195381 
 0.435442 0.381638 
 0.171707 0.610003 
 0 0.838987 
 0 0.544647 
 0.171707 0.610003 
 0.154774 1 
 0 1 
 0 0.838987 
# grid vertices (counter-clockwise) 
25
1 0 
1 0.3005 
1 0.614889 
1 0.820604 
1 1 
0.742959 0 
0.742742 0.225842 
0.787018 0.450631 
0.824606 0.850109 
0.8568 1 
0.611524 0 
0.611734 0.174226 
0.611905 0.315578 
0.535753 0.827326 
0.510057 1 
0.17855 0 
0.223071 0.241511 
0.435442 0.381638 
0.171707 0.610003 
0.154774 1 
0 0 
0 0.195381 
0 0.544647 
0 0.838987 
0 1 
