# Date: 8/4/2013   Time: 9:30
# dimensions 
1 1 
# connectivity 
64
4 1 2 3 4 1 1 
4 5 6 7 8 1 1 
4 9 10 11 12 1 1 
4 13 14 15 16 1 1 
4 17 18 19 20 1 1 
4 21 22 23 24 1 1 
4 25 26 27 28 1 1 
4 29 30 31 32 1 1 
4 33 34 35 36 1 1 
4 37 38 39 40 1 1 
4 41 42 43 44 1 1 
4 45 46 47 48 1 1 
4 49 50 51 52 1 1 
4 53 54 55 56 1 1 
4 57 58 59 60 1 1 
4 61 62 63 64 1 1 
4 65 66 67 68 1 1 
4 69 70 71 72 1 1 
4 73 74 75 76 1 1 
4 77 78 79 80 1 1 
4 81 82 83 84 1 1 
4 85 86 87 88 1 1 
4 89 90 91 92 1 1 
4 93 94 95 96 1 1 
4 97 98 99 100 1 1 
4 101 102 103 104 1 1 
4 105 106 107 108 1 1 
4 109 110 111 112 1 1 
4 113 114 115 116 1 1 
4 117 118 119 120 1 1 
4 121 122 123 124 1 1 
4 125 126 127 128 1 1 
4 129 130 131 132 1 1 
4 133 134 135 136 1 1 
4 137 138 139 140 1 1 
4 141 142 143 144 1 1 
4 145 146 147 148 1 1 
4 149 150 151 152 1 1 
4 153 154 155 156 1 1 
4 157 158 159 160 1 1 
4 161 162 163 164 1 1 
4 165 166 167 168 1 1 
4 169 170 171 172 1 1 
4 173 174 175 176 1 1 
4 177 178 179 180 1 1 
4 181 182 183 184 1 1 
4 185 186 187 188 1 1 
4 189 190 191 192 1 1 
4 193 194 195 196 1 1 
4 197 198 199 200 1 1 
4 201 202 203 204 1 1 
4 205 206 207 208 1 1 
4 209 210 211 212 1 1 
4 213 214 215 216 1 1 
4 217 218 219 220 1 1 
4 221 222 223 224 1 1 
4 225 226 227 228 1 1 
4 229 230 231 232 1 1 
4 233 234 235 236 1 1 
4 237 238 239 240 1 1 
4 241 242 243 244 1 1 
4 245 246 247 248 1 1 
4 249 250 251 252 1 1 
4 253 254 255 256 1 1 
# DG vertices (counter-clockwise) 
256
 1 0 
 1 0.167357 
 0.882763 0.0962504 
 0.863874 0 
 1 0.167357 
 1 0.3005 
 0.900882 0.271735 
 0.882763 0.0962504 
 1 0.3005 
 1 0.416815 
 0.844187 0.378448 
 0.900882 0.271735 
 1 0.416815 
 1 0.614889 
 0.94112 0.569479 
 0.844187 0.378448 
 1 0.614889 
 1 0.700953 
 0.923978 0.744954 
 0.94112 0.569479 
 1 0.700953 
 1 0.820604 
 0.944095 0.830008 
 0.923978 0.744954 
 1 0.820604 
 1 0.918801 
 0.892333 0.893491 
 0.944095 0.830008 
 1 0.918801 
 1 1 
 0.918553 1 
 0.892333 0.893491 
 0.863874 0 
 0.882763 0.0962504 
 0.742824 0.140693 
 0.742959 0 
 0.882763 0.0962504 
 0.900882 0.271735 
 0.742742 0.225842 
 0.742824 0.140693 
 0.900882 0.271735 
 0.844187 0.378448 
 0.760201 0.314481 
 0.742742 0.225842 
 0.844187 0.378448 
 0.94112 0.569479 
 0.787018 0.450631 
 0.760201 0.314481 
 0.94112 0.569479 
 0.923978 0.744954 
 0.809612 0.690757 
 0.787018 0.450631 
 0.923978 0.744954 
 0.944095 0.830008 
 0.824606 0.850109 
 0.809612 0.690757 
 0.944095 0.830008 
 0.892333 0.893491 
 0.838932 0.91681 
 0.824606 0.850109 
 0.892333 0.893491 
 0.918553 1 
 0.8568 1 
 0.838932 0.91681 
 0.742959 0 
 0.742824 0.140693 
 0.672262 0.147729 
 0.706506 0 
 0.742824 0.140693 
 0.742742 0.225842 
 0.683828 0.20263 
 0.672262 0.147729 
 0.742742 0.225842 
 0.760201 0.314481 
 0.692318 0.335165 
 0.683828 0.20263 
 0.760201 0.314481 
 0.787018 0.450631 
 0.701211 0.384454 
 0.692318 0.335165 
 0.787018 0.450631 
 0.809612 0.690757 
 0.72088 0.636512 
 0.701211 0.384454 
 0.809612 0.690757 
 0.824606 0.850109 
 0.611749 0.83332 
 0.72088 0.636512 
 0.824606 0.850109 
 0.838932 0.91681 
 0.740584 0.915751 
 0.611749 0.83332 
 0.838932 0.91681 
 0.8568 1 
 0.695062 1 
 0.740584 0.915751 
 0.706506 0 
 0.672262 0.147729 
 0.611587 0.0520536 
 0.611524 0 
 0.672262 0.147729 
 0.683828 0.20263 
 0.611734 0.174226 
 0.611587 0.0520536 
 0.683828 0.20263 
 0.692318 0.335165 
 0.611858 0.27676 
 0.611734 0.174226 
 0.692318 0.335165 
 0.701211 0.384454 
 0.611905 0.315578 
 0.611858 0.27676 
 0.701211 0.384454 
 0.72088 0.636512 
 0.57232 0.58159 
 0.611905 0.315578 
 0.72088 0.636512 
 0.611749 0.83332 
 0.535753 0.827326 
 0.57232 0.58159 
 0.611749 0.83332 
 0.740584 0.915751 
 0.528835 0.873813 
 0.535753 0.827326 
 0.740584 0.915751 
 0.695062 1 
 0.510057 1 
 0.528835 0.873813 
 0.611524 0 
 0.611587 0.0520536 
 0.309741 0.136677 
 0.389943 0 
 0.611587 0.0520536 
 0.611734 0.174226 
 0.502436 0.193148 
 0.309741 0.136677 
 0.611734 0.174226 
 0.611858 0.27676 
 0.507471 0.302602 
 0.502436 0.193148 
 0.611858 0.27676 
 0.611905 0.315578 
 0.538609 0.343017 
 0.507471 0.302602 
 0.611905 0.315578 
 0.57232 0.58159 
 0.430864 0.602502 
 0.538609 0.343017 
 0.57232 0.58159 
 0.535753 0.827326 
 0.282447 0.676111 
 0.430864 0.602502 
 0.535753 0.827326 
 0.528835 0.873813 
 0.402587 0.912243 
 0.282447 0.676111 
 0.528835 0.873813 
 0.510057 1 
 0.303987 1 
 0.402587 0.912243 
 0.389943 0 
 0.309741 0.136677 
 0.198737 0.109507 
 0.17855 0 
 0.309741 0.136677 
 0.502436 0.193148 
 0.223071 0.241511 
 0.198737 0.109507 
 0.502436 0.193148 
 0.507471 0.302602 
 0.374313 0.341303 
 0.223071 0.241511 
 0.507471 0.302602 
 0.538609 0.343017 
 0.435442 0.381638 
 0.374313 0.341303 
 0.538609 0.343017 
 0.430864 0.602502 
 0.32585 0.476533 
 0.435442 0.381638 
 0.430864 0.602502 
 0.282447 0.676111 
 0.171707 0.610003 
 0.32585 0.476533 
 0.282447 0.676111 
 0.402587 0.912243 
 0.161618 0.842365 
 0.171707 0.610003 
 0.402587 0.912243 
 0.303987 1 
 0.154774 1 
 0.161618 0.842365 
 0.17855 0 
 0.198737 0.109507 
 0.121316 0.148072 
 0.117403 0 
 0.198737 0.109507 
 0.223071 0.241511 
 0.121321 0.22047 
 0.121316 0.148072 
 0.223071 0.241511 
 0.374313 0.341303 
 0.109342 0.385334 
 0.121321 0.22047 
 0.374313 0.341303 
 0.435442 0.381638 
 0.187211 0.474564 
 0.109342 0.385334 
 0.435442 0.381638 
 0.32585 0.476533 
 0.0956363 0.611635 
 0.187211 0.474564 
 0.32585 0.476533 
 0.171707 0.610003 
 0.0952219 0.712002 
 0.0956363 0.611635 
 0.171707 0.610003 
 0.161618 0.842365 
 0.100282 0.850459 
 0.0952219 0.712002 
 0.161618 0.842365 
 0.154774 1 
 0.0669029 1 
 0.100282 0.850459 
 0.117403 0 
 0.121316 0.148072 
 0 0.0908099 
 0 0 
 0.121316 0.148072 
 0.121321 0.22047 
 0 0.195381 
 0 0.0908099 
 0.121321 0.22047 
 0.109342 0.385334 
 0 0.377638 
 0 0.195381 
 0.109342 0.385334 
 0.187211 0.474564 
 0 0.544647 
 0 0.377638 
 0.187211 0.474564 
 0.0956363 0.611635 
 0 0.655489 
 0 0.544647 
 0.0956363 0.611635 
 0.0952219 0.712002 
 0 0.838987 
 0 0.655489 
 0.0952219 0.712002 
 0.100282 0.850459 
 0 0.92149 
 0 0.838987 
 0.100282 0.850459 
 0.0669029 1 
 0 1 
 0 0.92149 
# grid vertices (counter-clockwise) 
81
1 0 
1 0.167357 
1 0.3005 
1 0.416815 
1 0.614889 
1 0.700953 
1 0.820604 
1 0.918801 
1 1 
0.863874 0 
0.882763 0.0962504 
0.900882 0.271735 
0.844187 0.378448 
0.94112 0.569479 
0.923978 0.744954 
0.944095 0.830008 
0.892333 0.893491 
0.918553 1 
0.742959 0 
0.742824 0.140693 
0.742742 0.225842 
0.760201 0.314481 
0.787018 0.450631 
0.809612 0.690757 
0.824606 0.850109 
0.838932 0.91681 
0.8568 1 
0.706506 0 
0.672262 0.147729 
0.683828 0.20263 
0.692318 0.335165 
0.701211 0.384454 
0.72088 0.636512 
0.611749 0.83332 
0.740584 0.915751 
0.695062 1 
0.611524 0 
0.611587 0.0520536 
0.611734 0.174226 
0.611858 0.27676 
0.611905 0.315578 
0.57232 0.58159 
0.535753 0.827326 
0.528835 0.873813 
0.510057 1 
0.389943 0 
0.309741 0.136677 
0.502436 0.193148 
0.507471 0.302602 
0.538609 0.343017 
0.430864 0.602502 
0.282447 0.676111 
0.402587 0.912243 
0.303987 1 
0.17855 0 
0.198737 0.109507 
0.223071 0.241511 
0.374313 0.341303 
0.435442 0.381638 
0.32585 0.476533 
0.171707 0.610003 
0.161618 0.842365 
0.154774 1 
0.117403 0 
0.121316 0.148072 
0.121321 0.22047 
0.109342 0.385334 
0.187211 0.474564 
0.0956363 0.611635 
0.0952219 0.712002 
0.100282 0.850459 
0.0669029 1 
0 0 
0 0.0908099 
0 0.195381 
0 0.377638 
0 0.544647 
0 0.655489 
0 0.838987 
0 0.92149 
0 1 
