# Date: 8/4/2013   Time: 12:51
# dimensions 
1 1 
# connectivity 
81
4  1  2  3  4    1 1 
4  5  6  7  8    1 1 
4  9  10  11  12    1 1 
5  13  14  15  16  17    1 1 
4  18  19  20  21    1 1 
7  22  23  24  25  26  27  28    1 1 
4  29  30  31  32    1 1 
6  33  34  35  36  37  38    1 1 
4  39  40  41  42    1 1 
5  43  44  45  46  47    1 1 
7  48  49  50  51  52  53  54    1 1 
7  55  56  57  58  59  60  61    1 1 
7  62  63  64  65  66  67  68    1 1 
7  69  70  71  72  73  74  75    1 1 
5  76  77  78  79  80    1 1 
6  81  82  83  84  85  86    1 1 
7  87  88  89  90  91  92  93    1 1 
7  94  95  96  97  98  99  100    1 1 
4  101  102  103  104    1 1 
6  105  106  107  108  109  110    1 1 
4  111  112  113  114    1 1 
7  115  116  117  118  119  120  121    1 1 
6  122  123  124  125  126  127    1 1 
5  128  129  130  131  132    1 1 
5  133  134  135  136  137    1 1 
6  138  139  140  141  142  143    1 1 
5  144  145  146  147  148    1 1 
5  149  150  151  152  153    1 1 
8  154  155  156  157  158  159  160  161    1 1 
6  162  163  164  165  166  167    1 1 
5  168  169  170  171  172    1 1 
5  173  174  175  176  177    1 1 
5  178  179  180  181  182    1 1 
7  183  184  185  186  187  188  189    1 1 
5  190  191  192  193  194    1 1 
4  195  196  197  198    1 1 
5  199  200  201  202  203    1 1 
6  204  205  206  207  208  209    1 1 
4  210  211  212  213    1 1 
7  214  215  216  217  218  219  220    1 1 
6  221  222  223  224  225  226    1 1 
5  227  228  229  230  231    1 1 
6  232  233  234  235  236  237    1 1 
7  238  239  240  241  242  243  244    1 1 
4  245  246  247  248    1 1 
5  249  250  251  252  253    1 1 
7  254  255  256  257  258  259  260    1 1 
6  261  262  263  264  265  266    1 1 
5  267  268  269  270  271    1 1 
8  272  273  274  275  276  277  278  279    1 1 
4  280  281  282  283    1 1 
6  284  285  286  287  288  289    1 1 
7  290  291  292  293  294  295  296    1 1 
5  297  298  299  300  301    1 1 
5  302  303  304  305  306    1 1 
6  307  308  309  310  311  312    1 1 
5  313  314  315  316  317    1 1 
8  318  319  320  321  322  323  324  325    1 1 
6  326  327  328  329  330  331    1 1 
5  332  333  334  335  336    1 1 
8  337  338  339  340  341  342  343  344    1 1 
4  345  346  347  348    1 1 
4  349  350  351  352    1 1 
6  353  354  355  356  357  358    1 1 
7  359  360  361  362  363  364  365    1 1 
6  366  367  368  369  370  371    1 1 
6  372  373  374  375  376  377    1 1 
5  378  379  380  381  382    1 1 
5  383  384  385  386  387    1 1 
7  388  389  390  391  392  393  394    1 1 
7  395  396  397  398  399  400  401    1 1 
5  402  403  404  405  406    1 1 
4  407  408  409  410    1 1 
4  411  412  413  414    1 1 
5  415  416  417  418  419    1 1 
6  420  421  422  423  424  425    1 1 
6  426  427  428  429  430  431    1 1 
4  432  433  434  435    1 1 
4  436  437  438  439    1 1 
5  440  441  442  443  444    1 1 
4  445  446  447  448    1 1 
# DG vertices (counter-clockwise) 
448
0.929928  0  
1  0  
1  0.0758728  
0.968175  0.0758728  
0.784284  0  
0.87815  0  
0.835913  0.0504861  
0.784284  0.0445756  
0.723686  0  
0.784284  0  
0.784284  0.0445756  
0.723686  0.0837567  
0.689151  0  
0.723686  0  
0.723686  0.0837567  
0.713772  0.0951013  
0.689151  0.090482  
0.614296  0  
0.689151  0  
0.689151  0.090482  
0.614296  0.0852981  
0.424986  0.029193  
0.424986  0  
0.614296  0  
0.614296  0.0852981  
0.546489  0.129401  
0.498899  0.127  
0.448939  0.0983733  
0.207535  0  
0.424986  0  
0.424986  0.029193  
0.207535  0.0518762  
0.0575556  0  
0.207535  0  
0.207535  0.0518762  
0.194434  0.0822222  
0.114234  0.114583  
0.0575556  0.0617838  
0  0  
0.0575556  0  
0.0575556  0.0617838  
0  0.0617838  
0.968175  0.0758728  
1  0.0758728  
1  0.17612  
0.979719  0.17612  
0.92386  0.127774  
0.835913  0.0504861  
0.87815  0  
0.929928  0  
0.968175  0.0758728  
0.92386  0.127774  
0.918443  0.130429  
0.874697  0.126561  
0.713772  0.0951013  
0.723686  0.0837567  
0.784284  0.0445756  
0.835913  0.0504861  
0.874697  0.126561  
0.783241  0.185694  
0.767313  0.188508  
0.546489  0.129401  
0.614296  0.0852981  
0.689151  0.090482  
0.713772  0.0951013  
0.767313  0.188508  
0.742207  0.241438  
0.62411  0.255015  
0.416045  0.121458  
0.448939  0.0983733  
0.498899  0.127  
0.466556  0.296921  
0.418227  0.301937  
0.378158  0.257086  
0.370865  0.227308  
0.26579  0.154449  
0.416045  0.121458  
0.370865  0.227308  
0.362691  0.227435  
0.264567  0.193538  
0.194434  0.0822222  
0.207535  0.0518762  
0.424986  0.029193  
0.448939  0.0983733  
0.416045  0.121458  
0.26579  0.154449  
0.103073  0.14434  
0.114234  0.114583  
0.194434  0.0822222  
0.26579  0.154449  
0.264567  0.193538  
0.263972  0.195779  
0.21191  0.246103  
0  0.0617838  
0.0575556  0.0617838  
0.114234  0.114583  
0.103073  0.14434  
0.100115  0.148741  
0.0679504  0.178275  
0  0.178275  
0.979719  0.17612  
1  0.17612  
1  0.221123  
0.978845  0.221123  
0.918443  0.130429  
0.92386  0.127774  
0.979719  0.17612  
0.978845  0.221123  
0.92245  0.276752  
0.915853  0.263794  
0.874697  0.126561  
0.918443  0.130429  
0.915853  0.263794  
0.783241  0.185694  
0.498899  0.127  
0.546489  0.129401  
0.62411  0.255015  
0.615393  0.275685  
0.566227  0.321077  
0.515912  0.345728  
0.466556  0.296921  
0.339391  0.275229  
0.378158  0.257086  
0.418227  0.301937  
0.412164  0.308017  
0.345072  0.324176  
0.331122  0.308561  
0.362691  0.227435  
0.370865  0.227308  
0.378158  0.257086  
0.339391  0.275229  
0.302126  0.255781  
0.263972  0.195779  
0.264567  0.193538  
0.362691  0.227435  
0.302126  0.255781  
0.296448  0.255382  
0.100115  0.148741  
0.103073  0.14434  
0.21191  0.246103  
0.198703  0.285585  
0.179166  0.288361  
0.156577  0.283316  
0  0.178275  
0.0679504  0.178275  
0.0585221  0.240595  
0.0537608  0.244875  
0  0.244875  
0.978845  0.221123  
1  0.221123  
1  0.286616  
0.923602  0.286616  
0.92245  0.276752  
0.742207  0.241438  
0.767313  0.188508  
0.783241  0.185694  
0.915853  0.263794  
0.92245  0.276752  
0.923602  0.286616  
0.902501  0.334543  
0.754983  0.275164  
0.615393  0.275685  
0.62411  0.255015  
0.742207  0.241438  
0.754983  0.275164  
0.732568  0.389991  
0.682352  0.381973  
0.345072  0.324176  
0.412164  0.308017  
0.369138  0.459365  
0.326529  0.426671  
0.317564  0.391859  
0.255086  0.321925  
0.283048  0.299183  
0.331122  0.308561  
0.345072  0.324176  
0.317564  0.391859  
0.296448  0.255382  
0.302126  0.255781  
0.339391  0.275229  
0.331122  0.308561  
0.283048  0.299183  
0.21191  0.246103  
0.263972  0.195779  
0.296448  0.255382  
0.283048  0.299183  
0.255086  0.321925  
0.233381  0.320701  
0.198703  0.285585  
0.0679504  0.178275  
0.100115  0.148741  
0.156577  0.283316  
0.107053  0.296892  
0.0585221  0.240595  
0  0.244875  
0.0537608  0.244875  
0.0386605  0.265989  
0  0.265989  
0.923602  0.286616  
1  0.286616  
1  0.373657  
0.904987  0.373657  
0.902501  0.334543  
0.754983  0.275164  
0.902501  0.334543  
0.904987  0.373657  
0.859731  0.495989  
0.765125  0.437659  
0.732568  0.389991  
0.566227  0.321077  
0.615393  0.275685  
0.682352  0.381973  
0.641378  0.39955  
0.412164  0.308017  
0.418227  0.301937  
0.466556  0.296921  
0.515912  0.345728  
0.51452  0.361628  
0.378885  0.473162  
0.369138  0.459365  
0.233381  0.320701  
0.255086  0.321925  
0.317564  0.391859  
0.326529  0.426671  
0.189219  0.437403  
0.189671  0.42805  
0.179166  0.288361  
0.198703  0.285585  
0.233381  0.320701  
0.189671  0.42805  
0.15159  0.356086  
0.107053  0.296892  
0.156577  0.283316  
0.179166  0.288361  
0.15159  0.356086  
0.0895851  0.342419  
0.0889422  0.341372  
0.0298614  0.287599  
0.0386605  0.265989  
0.0537608  0.244875  
0.0585221  0.240595  
0.107053  0.296892  
0.0889422  0.341372  
0.0302045  0.339858  
0  0.265989  
0.0386605  0.265989  
0.0298614  0.287599  
0  0.287599  
0.904987  0.373657  
1  0.373657  
1  0.49724  
0.860146  0.49724  
0.859731  0.495989  
0.641378  0.39955  
0.682352  0.381973  
0.732568  0.389991  
0.765125  0.437659  
0.61839  0.508941  
0.589575  0.492235  
0.583718  0.463952  
0.51452  0.361628  
0.515912  0.345728  
0.566227  0.321077  
0.641378  0.39955  
0.583718  0.463952  
0.559719  0.438891  
0.51452  0.361628  
0.559719  0.438891  
0.397504  0.491919  
0.380249  0.480842  
0.378885  0.473162  
0.185682  0.441591  
0.189219  0.437403  
0.326529  0.426671  
0.369138  0.459365  
0.378885  0.473162  
0.380249  0.480842  
0.305242  0.568087  
0.184656  0.476725  
0.139132  0.547627  
0.184656  0.476725  
0.305242  0.568087  
0.293082  0.613754  
0.0895851  0.342419  
0.15159  0.356086  
0.189671  0.42805  
0.189219  0.437403  
0.185682  0.441591  
0.0993441  0.42256  
0.000339514  0.360999  
0.0302045  0.339858  
0.0889422  0.341372  
0.0895851  0.342419  
0.0993441  0.42256  
0.0882826  0.427967  
0.0314716  0.405502  
0  0.287599  
0.0298614  0.287599  
0.0302045  0.339858  
0.000339514  0.360999  
0  0.360999  
0.860146  0.49724  
1  0.49724  
1  0.709508  
0.952458  0.709508  
0.832326  0.630265  
0.61839  0.508941  
0.765125  0.437659  
0.859731  0.495989  
0.860146  0.49724  
0.832326  0.630265  
0.719191  0.689576  
0.559719  0.438891  
0.583718  0.463952  
0.589575  0.492235  
0.485953  0.569594  
0.397504  0.491919  
0.305242  0.568087  
0.380249  0.480842  
0.397504  0.491919  
0.485953  0.569594  
0.494228  0.666168  
0.341353  0.664658  
0.293202  0.622373  
0.293082  0.613754  
0.195135  0.692705  
0.293202  0.622373  
0.341353  0.664658  
0.335468  0.750619  
0.250639  0.75725  
0.20215  0.73787  
0.139132  0.547627  
0.293082  0.613754  
0.293202  0.622373  
0.195135  0.692705  
0.0384361  0.619844  
0.0882826  0.427967  
0.0993441  0.42256  
0.185682  0.441591  
0.184656  0.476725  
0.139132  0.547627  
0.0384361  0.619844  
0  0.622194  
0  0.588079  
0  0.462579  
0.0314716  0.405502  
0.0882826  0.427967  
0  0.588079  
0  0.360999  
0.000339514  0.360999  
0.0314716  0.405502  
0  0.462579  
0.952458  0.709508  
1  0.709508  
1  0.920186  
0.983111  0.920186  
0.930178  0.908985  
0.908249  0.894442  
0.719191  0.689576  
0.832326  0.630265  
0.952458  0.709508  
0.908249  0.894442  
0.66068  0.949289  
0.610382  0.84017  
0.614136  0.816248  
0.485953  0.569594  
0.589575  0.492235  
0.61839  0.508941  
0.719191  0.689576  
0.614136  0.816248  
0.494228  0.666168  
0.335468  0.750619  
0.341353  0.664658  
0.494228  0.666168  
0.614136  0.816248  
0.610382  0.84017  
0.392586  0.868624  
0.250639  0.75725  
0.335468  0.750619  
0.392586  0.868624  
0.365147  0.88655  
0.317441  0.890279  
0.18023  0.792029  
0.20215  0.73787  
0.250639  0.75725  
0.317441  0.890279  
0.315785  0.890714  
0.105489  0.854281  
0.18023  0.792029  
0.315785  0.890714  
0.288473  0.908164  
0.262673  0.919407  
0.214176  0.932975  
0.102974  0.906358  
0  0.622194  
0.0384361  0.619844  
0.195135  0.692705  
0.20215  0.73787  
0.18023  0.792029  
0.105489  0.854281  
0  0.719918  
0  0.719918  
0.105489  0.854281  
0.102974  0.906358  
0.088442  0.923064  
0  0.923064  
0.983111  0.920186  
1  0.920186  
1  1  
0.983111  1  
0.930178  0.908985  
0.983111  0.920186  
0.983111  1  
0.930178  1  
0.66068  0.949289  
0.908249  0.894442  
0.930178  0.908985  
0.930178  1  
0.66068  1  
0.365147  0.88655  
0.392586  0.868624  
0.610382  0.84017  
0.66068  0.949289  
0.66068  1  
0.365147  1  
0.288473  0.908164  
0.315785  0.890714  
0.317441  0.890279  
0.365147  0.88655  
0.365147  1  
0.288473  1  
0.262673  0.919407  
0.288473  0.908164  
0.288473  1  
0.262673  1  
0.214176  0.932975  
0.262673  0.919407  
0.262673  1  
0.214176  1  
0.088442  0.923064  
0.102974  0.906358  
0.214176  0.932975  
0.214176  1  
0.088442  1  
0  0.923064  
0.088442  0.923064  
0.088442  1  
0  1  
# grid vertices 
202
Inf Inf 
0.0889422 0.341372 
0.198703 0.285585 
0.783241 0.185694 
0.305242 0.568087 
0.114234 0.114583 
0.207535 0.0518762 
0.0679504 0.178275 
0.0585221 0.240595 
0.0882826 0.427967 
0.0298614 0.287599 
0.105489 0.854281 
0.0314716 0.405502 
-0.0194669 0.623385 
0.0537608 0.244875 
0.952458 0.709508 
0.293202 0.622373 
0.860146 0.49724 
0.335468 0.750619 
0.214176 0.932975 
0.341353 0.664658 
0.392586 0.868624 
0.293082 0.613754 
0.62411 0.255015 
0.61839 0.508941 
0.614136 0.816248 
0.179166 0.288361 
0.412164 0.308017 
0.362691 0.227435 
0.0575556 0.0617838 
0.689151 0.090482 
0.754983 0.275164 
0.874697 0.126561 
0.194434 0.0822222 
0.370865 0.227308 
0.263972 0.195779 
0.100115 0.148741 
0.296448 0.255382 
0.103073 0.14434 
0.424986 0.029193 
0.26579 0.154449 
0.498899 0.127 
0.264567 0.193538 
0.416045 0.121458 
0.21191 0.246103 
0.283048 0.299183 
0.255086 0.321925 
0.331122 0.308561 
0.378158 0.257086 
0.302126 0.255781 
0.339391 0.275229 
0.418227 0.301937 
0.0386605 0.265989 
0.000339514 0.360999 
0.107053 0.296892 
0.0302045 0.339858 
0.156577 0.283316 
0.15159 0.356086 
-0.0945561 0.634069 
0.0993441 0.42256 
0.315785 0.890714 
0.0895851 0.342419 
0.326529 0.426671 
0.088442 0.923064 
0.189671 0.42805 
-0.0654672 0.636532 
0.0384361 0.619844 
0.250639 0.75725 
0.102974 0.906358 
0.317441 0.890279 
0.18023 0.792029 
0.20215 0.73787 
0.262673 0.919407 
0.288473 0.908164 
0.189219 0.437403 
0.195135 0.692705 
0.139132 0.547627 
0.345072 0.324176 
0.185682 0.441591 
0.233381 0.320701 
0.380249 0.480842 
0.184656 0.476725 
0.583718 0.463952 
0.466556 0.296921 
0.682352 0.381973 
0.515912 0.345728 
0.589575 0.492235 
0.641378 0.39955 
0.378885 0.473162 
0.494228 0.666168 
0.365147 0.88655 
0.559719 0.438891 
0.51452 0.361628 
0.485953 0.569594 
0.397504 0.491919 
0.610382 0.84017 
0.908249 0.894442 
0.930178 0.908985 
0.983111 0.920186 
0.765125 0.437659 
0.859731 0.495989 
0.66068 0.949289 
0.719191 0.689576 
0.92245 0.276752 
0.832326 0.630265 
0.923602 0.286616 
0.918443 0.130429 
0.979719 0.17612 
0.978845 0.221123 
0.904987 0.373657 
0.902501 0.334543 
0.369138 0.459365 
0.317564 0.391859 
0.566227 0.321077 
0.448939 0.0983733 
0.732568 0.389991 
0.615393 0.275685 
0.742207 0.241438 
0.915853 0.263794 
0.546489 0.129401 
0.614296 0.0852981 
0.767313 0.188508 
0.713772 0.0951013 
0.723686 0.0837567 
0.784284 0.0445756 
0.835913 0.0504861 
0.91046 -0.0386201 
0.92386 0.127774 
0.968175 0.0758728 
3.01411 0.0758728 
0.91046 -2.13003 
0.784284 -1.90651 
0.723686 -1.803 
0.689151 -1.77482 
0.614296 -1.75908 
0.424986 -1.86177 
0.207535 -1.89745 
0.0575556 -1.97516 
2.97275 0.17612 
-1.97939 0.0617838 
2.94719 0.221123 
-1.88494 0.178275 
2.81213 0.286616 
-1.87447 0.244875 
2.74344 0.373657 
-1.89285 0.265989 
2.63452 0.49724 
-1.90024 0.287599 
2.86528 0.709508 
-1.93251 0.360999 
3.0376 0.920186 
-2.11825 0.634069 
0.983111 2.97467 
0.930178 2.91677 
0.66068 2.84066 
0.365147 2.71016 
0.288473 2.7821 
0.262673 2.81552 
0.214176 2.866 
0.088442 2.9275 
-1.91599 0.923064 
1 0 
0.929928 0 
1 0.0758728 
0.87815 0 
0.784284 0 
0.723686 0 
0.689151 0 
0.614296 0 
0.424986 0 
0.207535 0 
0.0575556 0 
0 0 
0 0.0617838 
1 0.17612 
0 0.178275 
1 0.221123 
0 0.244875 
1 0.286616 
0 0.265989 
1 0.373657 
0 0.287599 
1 0.49724 
0 0.360999 
1 0.709508 
0 0.588079 
0 0.622194 
0 0.462579 
0 0.588079 
1 0.920186 
0 0.719918 
0 1 
0.088442 1 
0.983111 1 
1 1 
0.930178 1 
0.66068 1 
0.365147 1 
0.288473 1 
0.262673 1 
0.214176 1 
0 0.923064 
