# Date: 8/4/2013   Time: 12:53
# dimensions 
1 1 
# connectivity 
81
5  1  2  3  4  5    1 1 
4  6  7  8  9    1 1 
4  10  11  12  13    1 1 
4  14  15  16  17    1 1 
5  18  19  20  21  22    1 1 
4  23  24  25  26    1 1 
5  27  28  29  30  31    1 1 
5  32  33  34  35  36    1 1 
4  37  38  39  40    1 1 
5  41  42  43  44  45    1 1 
6  46  47  48  49  50  51    1 1 
6  52  53  54  55  56  57    1 1 
6  58  59  60  61  62  63    1 1 
7  64  65  66  67  68  69  70    1 1 
7  71  72  73  74  75  76  77    1 1 
5  78  79  80  81  82    1 1 
8  83  84  85  86  87  88  89  90    1 1 
4  91  92  93  94    1 1 
5  95  96  97  98  99    1 1 
7  100  101  102  103  104  105  106    1 1 
5  107  108  109  110  111    1 1 
6  112  113  114  115  116  117    1 1 
6  118  119  120  121  122  123    1 1 
7  124  125  126  127  128  129  130    1 1 
6  131  132  133  134  135  136    1 1 
6  137  138  139  140  141  142    1 1 
4  143  144  145  146    1 1 
4  147  148  149  150    1 1 
7  151  152  153  154  155  156  157    1 1 
6  158  159  160  161  162  163    1 1 
6  164  165  166  167  168  169    1 1 
6  170  171  172  173  174  175    1 1 
6  176  177  178  179  180  181    1 1 
6  182  183  184  185  186  187    1 1 
5  188  189  190  191  192    1 1 
5  193  194  195  196  197    1 1 
5  198  199  200  201  202    1 1 
5  203  204  205  206  207    1 1 
7  208  209  210  211  212  213  214    1 1 
6  215  216  217  218  219  220    1 1 
5  221  222  223  224  225    1 1 
6  226  227  228  229  230  231    1 1 
5  232  233  234  235  236    1 1 
6  237  238  239  240  241  242    1 1 
6  243  244  245  246  247  248    1 1 
5  249  250  251  252  253    1 1 
6  254  255  256  257  258  259    1 1 
6  260  261  262  263  264  265    1 1 
6  266  267  268  269  270  271    1 1 
8  272  273  274  275  276  277  278  279    1 1 
5  280  281  282  283  284    1 1 
7  285  286  287  288  289  290  291    1 1 
6  292  293  294  295  296  297    1 1 
5  298  299  300  301  302    1 1 
5  303  304  305  306  307    1 1 
6  308  309  310  311  312  313    1 1 
6  314  315  316  317  318  319    1 1 
5  320  321  322  323  324    1 1 
5  325  326  327  328  329    1 1 
7  330  331  332  333  334  335  336    1 1 
5  337  338  339  340  341    1 1 
6  342  343  344  345  346  347    1 1 
5  348  349  350  351  352    1 1 
5  353  354  355  356  357    1 1 
6  358  359  360  361  362  363    1 1 
6  364  365  366  367  368  369    1 1 
7  370  371  372  373  374  375  376    1 1 
5  377  378  379  380  381    1 1 
7  382  383  384  385  386  387  388    1 1 
7  389  390  391  392  393  394  395    1 1 
6  396  397  398  399  400  401    1 1 
5  402  403  404  405  406    1 1 
5  407  408  409  410  411    1 1 
5  412  413  414  415  416    1 1 
5  417  418  419  420  421    1 1 
5  422  423  424  425  426    1 1 
4  427  428  429  430    1 1 
4  431  432  433  434    1 1 
5  435  436  437  438  439    1 1 
5  440  441  442  443  444    1 1 
4  445  446  447  448    1 1 
# DG vertices (counter-clockwise) 
448
0.974332  0  
1  0  
1  0.0573051  
0.990329  0.0573051  
0.974332  0.0434228  
0.897358  0  
0.974332  0  
0.974332  0.0434228  
0.897358  0.0293465  
0.769077  0  
0.897358  0  
0.897358  0.0293465  
0.867414  0.0648652  
0.458086  0  
0.630286  0  
0.486352  0.0654399  
0.458086  0.0419335  
0.323525  0  
0.458086  0  
0.458086  0.0419335  
0.355175  0.0749408  
0.323525  0.0556623  
0.212155  0  
0.323525  0  
0.323525  0.0556623  
0.212155  0.0953713  
0.135048  0  
0.212155  0  
0.212155  0.0953713  
0.178125  0.127944  
0.135048  0.081071  
0.0503246  0.0286343  
0.0503246  0  
0.135048  0  
0.135048  0.081071  
0.0610355  0.0474586  
0  0  
0.0503246  0  
0.0503246  0.0286343  
0  0.0286343  
0.990329  0.0573051  
1  0.0573051  
1  0.171706  
0.935174  0.171706  
0.930192  0.155933  
0.867414  0.0648652  
0.897358  0.0293465  
0.974332  0.0434228  
0.990329  0.0573051  
0.930192  0.155933  
0.866531  0.0934468  
0.678086  0.0292994  
0.67694  0  
0.769077  0  
0.867414  0.0648652  
0.866531  0.0934468  
0.816639  0.120691  
0.486352  0.0654399  
0.630286  0  
0.67694  0  
0.678086  0.0292994  
0.658535  0.118977  
0.528185  0.226001  
0.355175  0.0749408  
0.458086  0.0419335  
0.486352  0.0654399  
0.528185  0.226001  
0.520751  0.243052  
0.451136  0.265381  
0.396388  0.257498  
0.178125  0.127944  
0.212155  0.0953713  
0.323525  0.0556623  
0.355175  0.0749408  
0.396388  0.257498  
0.344616  0.273639  
0.173693  0.161379  
0.127207  0.201622  
0.173693  0.161379  
0.344616  0.273639  
0.304289  0.336872  
0.188938  0.352401  
0  0.108636  
0.0610355  0.0474586  
0.135048  0.081071  
0.178125  0.127944  
0.173693  0.161379  
0.127207  0.201622  
0.11695  0.205466  
0  0.140271  
0  0.0286343  
0.0503246  0.0286343  
0.0610355  0.0474586  
0  0.108636  
0.935174  0.171706  
1  0.171706  
1  0.288489  
0.950905  0.288489  
0.900585  0.249971  
0.816639  0.120691  
0.866531  0.0934468  
0.930192  0.155933  
0.935174  0.171706  
0.900585  0.249971  
0.878041  0.256736  
0.773625  0.218018  
0.658535  0.118977  
0.678086  0.0292994  
0.816639  0.120691  
0.773625  0.218018  
0.771642  0.218347  
0.528185  0.226001  
0.658535  0.118977  
0.771642  0.218347  
0.692919  0.324416  
0.611997  0.323217  
0.520751  0.243052  
0.451136  0.265381  
0.520751  0.243052  
0.611997  0.323217  
0.590801  0.456919  
0.492255  0.488527  
0.454991  0.448913  
0.304289  0.336872  
0.344616  0.273639  
0.396388  0.257498  
0.451136  0.265381  
0.454991  0.448913  
0.359139  0.463263  
0.305656  0.401942  
0.188072  0.353341  
0.188938  0.352401  
0.304289  0.336872  
0.305656  0.401942  
0.204428  0.498765  
0.18566  0.496552  
0.11695  0.205466  
0.127207  0.201622  
0.188938  0.352401  
0.188072  0.353341  
0.0762923  0.378211  
0.0303312  0.299441  
0  0.140271  
0.11695  0.205466  
0.0303312  0.299441  
0  0.299441  
0.950905  0.288489  
1  0.288489  
1  0.378104  
0.954044  0.378104  
0.878041  0.256736  
0.900585  0.249971  
0.950905  0.288489  
0.954044  0.378104  
0.941847  0.39835  
0.837182  0.407691  
0.824185  0.400433  
0.771642  0.218347  
0.773625  0.218018  
0.878041  0.256736  
0.824185  0.400433  
0.774247  0.408706  
0.692919  0.324416  
0.611997  0.323217  
0.692919  0.324416  
0.774247  0.408706  
0.738843  0.484674  
0.638354  0.500748  
0.590801  0.456919  
0.492255  0.488527  
0.590801  0.456919  
0.638354  0.500748  
0.629863  0.562141  
0.546229  0.588966  
0.484688  0.528051  
0.359139  0.463263  
0.454991  0.448913  
0.492255  0.488527  
0.484688  0.528051  
0.459744  0.55282  
0.331478  0.565912  
0.204428  0.498765  
0.305656  0.401942  
0.359139  0.463263  
0.331478  0.565912  
0.310445  0.58603  
0.305823  0.586084  
0.0762923  0.378211  
0.188072  0.353341  
0.18566  0.496552  
0.105143  0.51924  
0.0704221  0.489358  
0  0.299441  
0.0303312  0.299441  
0.0762923  0.378211  
0.0704221  0.489358  
0  0.489358  
0.941847  0.39835  
0.954044  0.378104  
1  0.378104  
1  0.444285  
0.964965  0.444285  
0.837182  0.407691  
0.941847  0.39835  
0.964965  0.444285  
0.936942  0.524464  
0.895577  0.523721  
0.774247  0.408706  
0.824185  0.400433  
0.837182  0.407691  
0.895577  0.523721  
0.858916  0.555127  
0.76635  0.539331  
0.738843  0.484674  
0.638354  0.500748  
0.738843  0.484674  
0.76635  0.539331  
0.742616  0.607138  
0.653171  0.608455  
0.629863  0.562141  
0.546229  0.588966  
0.629863  0.562141  
0.653171  0.608455  
0.617758  0.704284  
0.540192  0.692988  
0.459744  0.55282  
0.484688  0.528051  
0.546229  0.588966  
0.540192  0.692988  
0.487184  0.712824  
0.453059  0.668002  
0.310445  0.58603  
0.331478  0.565912  
0.459744  0.55282  
0.453059  0.668002  
0.347512  0.635687  
0.105143  0.51924  
0.18566  0.496552  
0.204428  0.498765  
0.305823  0.586084  
0.253991  0.637591  
0.0990937  0.623469  
0  0.489358  
0.0704221  0.489358  
0.105143  0.51924  
0.0990937  0.623469  
0.0975307  0.626771  
0  0.626771  
0.964965  0.444285  
1  0.444285  
1  0.570242  
0.997902  0.570242  
0.936942  0.524464  
0.858916  0.555127  
0.895577  0.523721  
0.936942  0.524464  
0.997902  0.570242  
0.934104  0.65947  
0.86116  0.642902  
0.742616  0.607138  
0.76635  0.539331  
0.858916  0.555127  
0.86116  0.642902  
0.814422  0.678056  
0.774495  0.671243  
0.653171  0.608455  
0.742616  0.607138  
0.774495  0.671243  
0.711138  0.727767  
0.639432  0.726857  
0.617758  0.704284  
0.475523  0.737952  
0.487184  0.712824  
0.540192  0.692988  
0.617758  0.704284  
0.639432  0.726857  
0.625919  0.822793  
0.604253  0.841093  
0.494901  0.825168  
0.347512  0.635687  
0.453059  0.668002  
0.487184  0.712824  
0.475523  0.737952  
0.333417  0.773042  
0.253991  0.637591  
0.305823  0.586084  
0.310445  0.58603  
0.347512  0.635687  
0.333417  0.773042  
0.325405  0.780277  
0.247833  0.676356  
0.0975519  0.650688  
0.0975307  0.626771  
0.0990937  0.623469  
0.253991  0.637591  
0.247833  0.676356  
0.191242  0.727283  
0  0.626771  
0.0975307  0.626771  
0.0975519  0.650688  
0.0652291  0.715775  
0  0.715775  
0.997902  0.570242  
1  0.570242  
1  0.710862  
0.95524  0.710862  
0.934104  0.65947  
0.814422  0.678056  
0.86116  0.642902  
0.934104  0.65947  
0.95524  0.710862  
0.910987  0.800296  
0.860691  0.790561  
0.711138  0.727767  
0.774495  0.671243  
0.814422  0.678056  
0.860691  0.790561  
0.818971  0.813775  
0.753776  0.80012  
0.639432  0.726857  
0.711138  0.727767  
0.753776  0.80012  
0.702547  0.857009  
0.625919  0.822793  
0.494901  0.825168  
0.604253  0.841093  
0.60199  0.91604  
0.459028  0.89522  
0.458852  0.894808  
0.325405  0.780277  
0.333417  0.773042  
0.475523  0.737952  
0.494901  0.825168  
0.458852  0.894808  
0.306544  0.869579  
0.296503  0.836109  
0.191242  0.727283  
0.247833  0.676356  
0.325405  0.780277  
0.296503  0.836109  
0.199923  0.799887  
0.0652291  0.715775  
0.0975519  0.650688  
0.191242  0.727283  
0.199923  0.799887  
0.152554  0.816375  
0.0765685  0.810614  
0  0.715775  
0.0652291  0.715775  
0.0765685  0.810614  
0.0692715  0.817812  
0  0.817812  
0.95524  0.710862  
1  0.710862  
1  0.880889  
0.97572  0.880889  
0.910987  0.800296  
0.818971  0.813775  
0.860691  0.790561  
0.910987  0.800296  
0.97572  0.880889  
0.903835  0.967454  
0.79418  0.925341  
0.702547  0.857009  
0.753776  0.80012  
0.818971  0.813775  
0.79418  0.925341  
0.768698  0.933978  
0.723271  0.924464  
0.604253  0.841093  
0.625919  0.822793  
0.702547  0.857009  
0.723271  0.924464  
0.663512  0.964458  
0.608846  0.935414  
0.60199  0.91604  
0.459028  0.89522  
0.60199  0.91604  
0.608846  0.935414  
0.565266  0.96865  
0.468871  0.954612  
0.298032  0.893636  
0.306544  0.869579  
0.458852  0.894808  
0.459028  0.89522  
0.468871  0.954612  
0.454564  1  
0.375686  1  
0.152554  0.816375  
0.199923  0.799887  
0.296503  0.836109  
0.306544  0.869579  
0.298032  0.893636  
0.236244  0.968  
0.161881  0.94011  
0.0692715  0.817812  
0.0765685  0.810614  
0.152554  0.816375  
0.161881  0.94011  
0.0912088  0.950536  
0.0601616  0.925786  
0  0.817812  
0.0692715  0.817812  
0.0601616  0.925786  
0.0191256  0.93856  
0  0.93856  
0.97572  0.880889  
1  0.880889  
1  1  
0.903835  1  
0.903835  0.967454  
0.768698  0.933978  
0.79418  0.925341  
0.903835  0.967454  
0.903835  1  
0.768698  1  
0.663512  0.964458  
0.723271  0.924464  
0.768698  0.933978  
0.768698  1  
0.663512  1  
0.565266  0.96865  
0.608846  0.935414  
0.663512  0.964458  
0.663512  1  
0.565266  1  
0.468871  0.954612  
0.565266  0.96865  
0.565266  1  
0.454564  1  
0.298032  0.893636  
0.375686  1  
0.236244  1  
0.236244  0.968  
0.0912088  0.950536  
0.161881  0.94011  
0.236244  0.968  
0.236244  1  
0.0912088  1  
0.0191256  0.93856  
0.0601616  0.925786  
0.0912088  0.950536  
0.0912088  1  
0.0191256  1  
0  0.93856  
0.0191256  0.93856  
0.0191256  1  
0  1  
# grid vertices 
202
Inf Inf 
0.451136 0.265381 
0.204428 0.498765 
0.105143 0.51924 
0.0610355 0.0474586 
0.458086 0.0419335 
0.638354 0.500748 
0.344616 0.273639 
-0.0202817 0.128965 
0.0303312 0.299441 
0.305656 0.401942 
0.173693 0.161379 
0.0601616 0.925786 
0.0704221 0.489358 
0.247833 0.676356 
0.0652291 0.715775 
0.298032 0.893636 
0.492255 0.488527 
0.304289 0.336872 
0.60199 0.91604 
0.430778 1.07546 
0.458852 0.894808 
0.468871 0.954612 
0.617758 0.704284 
0.723271 0.924464 
0.768698 0.933978 
0.565266 0.96865 
0.454991 0.448913 
0.711138 0.727767 
0.742616 0.607138 
0.604253 0.841093 
0.685017 -0.0554472 
0.867414 0.0648652 
0.878041 0.256736 
0.135048 0.081071 
0.0503246 0.0286343 
0.178125 0.127944 
0.212155 0.0953713 
0.528185 0.226001 
0.355175 0.0749408 
0.771642 0.218347 
0.678086 0.0292994 
0.305823 0.586084 
0.18566 0.496552 
0.188072 0.353341 
0.323525 0.0556623 
0.359139 0.463263 
0.396388 0.257498 
0.611997 0.323217 
0.629863 0.562141 
0.0975307 0.626771 
0.0762923 0.378211 
0.11695 0.205466 
0.331478 0.565912 
0.0990937 0.623469 
0.188938 0.352401 
0.127207 0.201622 
0.0975519 0.650688 
0.0765685 0.810614 
0.306544 0.869579 
0.0692715 0.817812 
0.0191256 0.93856 
0.152554 0.816375 
0.0912088 0.950536 
0.161881 0.94011 
0.191242 0.727283 
0.236244 0.968 
0.296503 0.836109 
0.459028 0.89522 
0.325405 0.780277 
0.475523 0.737952 
0.608846 0.935414 
0.199923 0.799887 
0.253991 0.637591 
0.347512 0.635687 
0.333417 0.773042 
0.310445 0.58603 
0.487184 0.712824 
0.459744 0.55282 
0.453059 0.668002 
0.546229 0.588966 
0.753776 0.80012 
0.653171 0.608455 
0.964965 0.444285 
0.814422 0.678056 
0.702547 0.857009 
0.494901 0.825168 
0.540192 0.692988 
0.663512 0.964458 
0.625919 0.822793 
0.639432 0.726857 
0.818971 0.813775 
0.95524 0.710862 
0.97572 0.880889 
0.79418 0.925341 
0.860691 0.790561 
0.903835 0.967454 
0.774495 0.671243 
0.738843 0.484674 
0.858916 0.555127 
0.910987 0.800296 
0.934104 0.65947 
0.86116 0.642902 
0.997902 0.570242 
0.900585 0.249971 
0.76635 0.539331 
0.954044 0.378104 
0.941847 0.39835 
0.936942 0.524464 
0.484688 0.528051 
0.590801 0.456919 
0.692919 0.324416 
0.824185 0.400433 
0.773625 0.218018 
0.837182 0.407691 
0.774247 0.408706 
0.895577 0.523721 
0.486352 0.0654399 
0.676126 -0.0208411 
0.520751 0.243052 
0.658535 0.118977 
0.866531 0.0934468 
0.816639 0.120691 
0.950905 0.288489 
0.897358 0.0293465 
0.930192 0.155933 
0.974332 0.0434228 
0.990329 0.0573051 
0.935174 0.171706 
3.06515 0.0573051 
0.974332 -2.02916 
0.897358 -2.00083 
0.685017 -2.05511 
0.458086 -1.83226 
0.323525 -1.83665 
0.212155 -1.81541 
0.135048 -1.88874 
0.0503246 -2.03703 
2.8945 0.171706 
-2.01534 0.0286343 
2.86317 0.288489 
-2.07353 0.128965 
2.83838 0.378104 
-1.89458 0.299441 
2.84747 0.444285 
-1.7735 0.489358 
2.91495 0.570242 
-1.73865 0.626771 
2.87116 0.710862 
-1.83436 0.715775 
2.99935 0.880889 
-1.88023 0.817812 
0.903835 2.9994 
0.768698 2.85862 
0.663512 2.87107 
0.565266 2.85604 
0.430778 3.06928 
0.236244 2.91942 
0.0912088 2.9731 
0.0191256 3.0036 
-2.04591 0.93856 
1 0 
0.974332 0 
1 0.0573051 
0.897358 0 
0.769077 0 
0.630286 0 
0.458086 0 
0.323525 0 
0.212155 0 
0.135048 0 
0.0503246 0 
0 0 
0 0.0286343 
1 0.171706 
0.67694 0 
0 0.108636 
0 0.140271 
0 0.108636 
1 0.288489 
0 0.299441 
1 0.378104 
0 0.489358 
1 0.444285 
0 0.626771 
1 0.570242 
0 0.715775 
1 0.710862 
0 0.817812 
1 0.880889 
0.375686 1 
0.454564 1 
0 1 
0.0191256 1 
0.903835 1 
1 1 
0.768698 1 
0.663512 1 
0.565266 1 
0.236244 1 
0.0912088 1 
0 0.93856 
