# Date: 8/4/2013   Time: 9:46
# dimensions 
1 1 
# connectivity 
64
4 1 2 3 4 1 1 
4 5 6 7 8 1 1 
4 9 10 11 12 1 1 
4 13 14 15 16 1 1 
4 17 18 19 20 1 1 
4 21 22 23 24 1 1 
4 25 26 27 28 1 1 
4 29 30 31 32 1 1 
4 33 34 35 36 1 1 
4 37 38 39 40 1 1 
4 41 42 43 44 1 1 
4 45 46 47 48 1 1 
4 49 50 51 52 1 1 
4 53 54 55 56 1 1 
4 57 58 59 60 1 1 
4 61 62 63 64 1 1 
4 65 66 67 68 1 1 
4 69 70 71 72 1 1 
4 73 74 75 76 1 1 
4 77 78 79 80 1 1 
4 81 82 83 84 1 1 
4 85 86 87 88 1 1 
4 89 90 91 92 1 1 
4 93 94 95 96 1 1 
4 97 98 99 100 1 1 
4 101 102 103 104 1 1 
4 105 106 107 108 1 1 
4 109 110 111 112 1 1 
4 113 114 115 116 1 1 
4 117 118 119 120 1 1 
4 121 122 123 124 1 1 
4 125 126 127 128 1 1 
4 129 130 131 132 1 1 
4 133 134 135 136 1 1 
4 137 138 139 140 1 1 
4 141 142 143 144 1 1 
4 145 146 147 148 1 1 
4 149 150 151 152 1 1 
4 153 154 155 156 1 1 
4 157 158 159 160 1 1 
4 161 162 163 164 1 1 
4 165 166 167 168 1 1 
4 169 170 171 172 1 1 
4 173 174 175 176 1 1 
4 177 178 179 180 1 1 
4 181 182 183 184 1 1 
4 185 186 187 188 1 1 
4 189 190 191 192 1 1 
4 193 194 195 196 1 1 
4 197 198 199 200 1 1 
4 201 202 203 204 1 1 
4 205 206 207 208 1 1 
4 209 210 211 212 1 1 
4 213 214 215 216 1 1 
4 217 218 219 220 1 1 
4 221 222 223 224 1 1 
4 225 226 227 228 1 1 
4 229 230 231 232 1 1 
4 233 234 235 236 1 1 
4 237 238 239 240 1 1 
4 241 242 243 244 1 1 
4 245 246 247 248 1 1 
4 249 250 251 252 1 1 
4 253 254 255 256 1 1 
# DG vertices (counter-clockwise) 
256
 1 0 
 1 0.139266 
 0.884393 0.138252 
 0.870248 0 
 1 0.139266 
 1 0.272899 
 0.880647 0.264236 
 0.884393 0.138252 
 1 0.272899 
 1 0.392038 
 0.886131 0.397653 
 0.880647 0.264236 
 1 0.392038 
 1 0.514425 
 0.879338 0.511436 
 0.886131 0.397653 
 1 0.514425 
 1 0.645465 
 0.883622 0.65221 
 0.879338 0.511436 
 1 0.645465 
 1 0.763218 
 0.882396 0.770209 
 0.883622 0.65221 
 1 0.763218 
 1 0.878155 
 0.882738 0.877624 
 0.882396 0.770209 
 1 0.878155 
 1 1 
 0.877736 1 
 0.882738 0.877624 
 0.870248 0 
 0.884393 0.138252 
 0.75642 0.131616 
 0.747971 0 
 0.884393 0.138252 
 0.880647 0.264236 
 0.764392 0.255799 
 0.75642 0.131616 
 0.880647 0.264236 
 0.886131 0.397653 
 0.7551 0.373345 
 0.764392 0.255799 
 0.886131 0.397653 
 0.879338 0.511436 
 0.744448 0.508095 
 0.7551 0.373345 
 0.879338 0.511436 
 0.883622 0.65221 
 0.744023 0.633628 
 0.744448 0.508095 
 0.883622 0.65221 
 0.882396 0.770209 
 0.743532 0.778464 
 0.744023 0.633628 
 0.882396 0.770209 
 0.882738 0.877624 
 0.751068 0.887711 
 0.743532 0.778464 
 0.882738 0.877624 
 0.877736 1 
 0.758814 1 
 0.751068 0.887711 
 0.747971 0 
 0.75642 0.131616 
 0.636596 0.135046 
 0.6502 0 
 0.75642 0.131616 
 0.764392 0.255799 
 0.637386 0.261293 
 0.636596 0.135046 
 0.764392 0.255799 
 0.7551 0.373345 
 0.638878 0.371858 
 0.637386 0.261293 
 0.7551 0.373345 
 0.744448 0.508095 
 0.625438 0.505147 
 0.638878 0.371858 
 0.744448 0.508095 
 0.744023 0.633628 
 0.629066 0.628093 
 0.625438 0.505147 
 0.744023 0.633628 
 0.743532 0.778464 
 0.630376 0.768135 
 0.629066 0.628093 
 0.743532 0.778464 
 0.751068 0.887711 
 0.6475 0.892082 
 0.630376 0.768135 
 0.751068 0.887711 
 0.758814 1 
 0.660791 1 
 0.6475 0.892082 
 0.6502 0 
 0.636596 0.135046 
 0.531244 0.145087 
 0.539923 0 
 0.636596 0.135046 
 0.637386 0.261293 
 0.523999 0.266197 
 0.531244 0.145087 
 0.637386 0.261293 
 0.638878 0.371858 
 0.517215 0.379604 
 0.523999 0.266197 
 0.638878 0.371858 
 0.625438 0.505147 
 0.509876 0.502285 
 0.517215 0.379604 
 0.625438 0.505147 
 0.629066 0.628093 
 0.518887 0.631946 
 0.509876 0.502285 
 0.629066 0.628093 
 0.630376 0.768135 
 0.5277 0.758763 
 0.518887 0.631946 
 0.630376 0.768135 
 0.6475 0.892082 
 0.53606 0.879069 
 0.5277 0.758763 
 0.6475 0.892082 
 0.660791 1 
 0.544464 1 
 0.53606 0.879069 
 0.539923 0 
 0.531244 0.145087 
 0.401059 0.132423 
 0.394794 0 
 0.531244 0.145087 
 0.523999 0.266197 
 0.396288 0.241941 
 0.401059 0.132423 
 0.523999 0.266197 
 0.517215 0.379604 
 0.38737 0.381141 
 0.396288 0.241941 
 0.517215 0.379604 
 0.509876 0.502285 
 0.367779 0.495715 
 0.38737 0.381141 
 0.509876 0.502285 
 0.518887 0.631946 
 0.38994 0.632158 
 0.367779 0.495715 
 0.518887 0.631946 
 0.5277 0.758763 
 0.40076 0.749973 
 0.38994 0.632158 
 0.5277 0.758763 
 0.53606 0.879069 
 0.408713 0.878107 
 0.40076 0.749973 
 0.53606 0.879069 
 0.544464 1 
 0.404481 1 
 0.408713 0.878107 
 0.394794 0 
 0.401059 0.132423 
 0.272734 0.11935 
 0.254211 0 
 0.401059 0.132423 
 0.396288 0.241941 
 0.288585 0.221485 
 0.272734 0.11935 
 0.396288 0.241941 
 0.38737 0.381141 
 0.270477 0.352636 
 0.288585 0.221485 
 0.38737 0.381141 
 0.367779 0.495715 
 0.251465 0.490337 
 0.270477 0.352636 
 0.367779 0.495715 
 0.38994 0.632158 
 0.270707 0.620046 
 0.251465 0.490337 
 0.38994 0.632158 
 0.40076 0.749973 
 0.288832 0.742222 
 0.270707 0.620046 
 0.40076 0.749973 
 0.408713 0.878107 
 0.279978 0.877253 
 0.288832 0.742222 
 0.408713 0.878107 
 0.404481 1 
 0.271929 1 
 0.279978 0.877253 
 0.254211 0 
 0.272734 0.11935 
 0.144717 0.12088 
 0.125299 0 
 0.272734 0.11935 
 0.288585 0.221485 
 0.141776 0.226314 
 0.144717 0.12088 
 0.288585 0.221485 
 0.270477 0.352636 
 0.147501 0.344514 
 0.141776 0.226314 
 0.270477 0.352636 
 0.251465 0.490337 
 0.132593 0.48484 
 0.147501 0.344514 
 0.251465 0.490337 
 0.270707 0.620046 
 0.127339 0.620592 
 0.132593 0.48484 
 0.270707 0.620046 
 0.288832 0.742222 
 0.149837 0.751493 
 0.127339 0.620592 
 0.288832 0.742222 
 0.279978 0.877253 
 0.139673 0.877558 
 0.149837 0.751493 
 0.279978 0.877253 
 0.271929 1 
 0.14376 1 
 0.139673 0.877558 
 0.125299 0 
 0.144717 0.12088 
 0 0.118611 
 0 0 
 0.144717 0.12088 
 0.141776 0.226314 
 0 0.230977 
 0 0.118611 
 0.141776 0.226314 
 0.147501 0.344514 
 0 0.349848 
 0 0.230977 
 0.147501 0.344514 
 0.132593 0.48484 
 0 0.478709 
 0 0.349848 
 0.132593 0.48484 
 0.127339 0.620592 
 0 0.615568 
 0 0.478709 
 0.127339 0.620592 
 0.149837 0.751493 
 0 0.761488 
 0 0.615568 
 0.149837 0.751493 
 0.139673 0.877558 
 0 0.89018 
 0 0.761488 
 0.139673 0.877558 
 0.14376 1 
 0 1 
 0 0.89018 
# grid vertices (counter-clockwise) 
81
1 0 
1 0.139266 
1 0.272899 
1 0.392038 
1 0.514425 
1 0.645465 
1 0.763218 
1 0.878155 
1 1 
0.870248 0 
0.884393 0.138252 
0.880647 0.264236 
0.886131 0.397653 
0.879338 0.511436 
0.883622 0.65221 
0.882396 0.770209 
0.882738 0.877624 
0.877736 1 
0.747971 0 
0.75642 0.131616 
0.764392 0.255799 
0.7551 0.373345 
0.744448 0.508095 
0.744023 0.633628 
0.743532 0.778464 
0.751068 0.887711 
0.758814 1 
0.6502 0 
0.636596 0.135046 
0.637386 0.261293 
0.638878 0.371858 
0.625438 0.505147 
0.629066 0.628093 
0.630376 0.768135 
0.6475 0.892082 
0.660791 1 
0.539923 0 
0.531244 0.145087 
0.523999 0.266197 
0.517215 0.379604 
0.509876 0.502285 
0.518887 0.631946 
0.5277 0.758763 
0.53606 0.879069 
0.544464 1 
0.394794 0 
0.401059 0.132423 
0.396288 0.241941 
0.38737 0.381141 
0.367779 0.495715 
0.38994 0.632158 
0.40076 0.749973 
0.408713 0.878107 
0.404481 1 
0.254211 0 
0.272734 0.11935 
0.288585 0.221485 
0.270477 0.352636 
0.251465 0.490337 
0.270707 0.620046 
0.288832 0.742222 
0.279978 0.877253 
0.271929 1 
0.125299 0 
0.144717 0.12088 
0.141776 0.226314 
0.147501 0.344514 
0.132593 0.48484 
0.127339 0.620592 
0.149837 0.751493 
0.139673 0.877558 
0.14376 1 
0 0 
0 0.118611 
0 0.230977 
0 0.349848 
0 0.478709 
0 0.615568 
0 0.761488 
0 0.89018 
0 1 
