polygon
1024
4 1 0 1 0.00347051 0.97073 0.00644561 0.968534 0  0 0 
4 1 0.00347051 1 0.0164273 0.856686 0.0439084 0.97073 0.00644561  0 0 
4 1 0.0164273 1 0.039664 0.977872 0.0374836 0.856686 0.0439084  0 0 
4 1 0.039664 1 0.0481295 0.970824 0.050693 0.977872 0.0374836  0 0 
4 1 0.0481295 1 0.0540154 0.935703 0.0578239 0.970824 0.050693  0 0 
4 1 0.0540154 1 0.0577525 0.985574 0.0608776 0.935703 0.0578239  0 0 
4 1 0.0577525 1 0.0621646 0.954322 0.0691419 0.985574 0.0608776  0 0 
4 1 0.0621646 1 0.0631155 0.94893 0.0743872 0.954322 0.0691419  0 0 
4 1 0.0631155 1 0.0634773 0.964169 0.0713431 0.94893 0.0743872  0 0 
4 1 0.0634773 1 0.0655345 0.971308 0.072387 0.964169 0.0713431  0 0 
4 1 0.0655345 1 0.0674894 0.977203 0.0720626 0.971308 0.072387  0 0 
4 1 0.0674894 1 0.069552 0.972296 0.0786313 0.977203 0.0720626  0 0 
4 1 0.069552 1 0.0820567 0.938904 0.100123 0.972296 0.0786313  0 0 
4 1 0.0820567 1 0.0852485 0.985675 0.0906438 0.938904 0.100123  0 0 
4 1 0.0852485 1 0.110482 0.970596 0.118575 0.985675 0.0906438  0 0 
4 1 0.110482 1 0.118664 0.966767 0.13393 0.970596 0.118575  0 0 
4 1 0.118664 1 0.174579 0.980476 0.229099 0.966767 0.13393  0 0 
4 1 0.174579 1 0.196807 0.973503 0.261483 0.980476 0.229099  0 0 
4 1 0.196807 1 0.355695 0.976156 0.291882 0.973503 0.261483  0 0 
4 1 0.355695 1 0.45744 0.997028 0.458317 0.976156 0.291882  0 0 
4 1 0.45744 1 0.564395 0.991031 0.547879 0.997028 0.458317  0 0 
4 1 0.564395 1 0.598188 0.987347 0.588876 0.991031 0.547879  0 0 
4 1 0.598188 1 0.674106 0.992277 0.664513 0.987347 0.588876  0 0 
4 1 0.674106 1 0.699588 0.981904 0.690421 0.992277 0.664513  0 0 
4 1 0.699588 1 0.719429 0.979694 0.731861 0.981904 0.690421  0 0 
4 1 0.719429 1 0.73914 0.966726 0.740902 0.979694 0.731861  0 0 
4 1 0.73914 1 0.797084 0.955593 0.753567 0.966726 0.740902  0 0 
4 1 0.797084 1 0.804607 0.965215 0.795347 0.955593 0.753567  0 0 
4 1 0.804607 1 0.864299 0.98586 0.846397 0.965215 0.795347  0 0 
4 1 0.864299 1 0.900568 0.982686 0.876126 0.98586 0.846397  0 0 
4 1 0.900568 1 0.921357 0.993228 0.972923 0.982686 0.876126  0 0 
4 1 0.921357 1 1 0.965396 1 0.993228 0.972923  0 0 
4 0.968534 0 0.97073 0.00644561 0.827938 0.0463885 0.9523 0  0 0 
4 0.97073 0.00644561 0.856686 0.0439084 0.811207 0.0526291 0.827938 0.0463885  0 0 
4 0.856686 0.0439084 0.977872 0.0374836 0.831414 0.0591132 0.811207 0.0526291  0 0 
4 0.977872 0.0374836 0.970824 0.050693 0.840781 0.0621193 0.831414 0.0591132  0 0 
4 0.970824 0.050693 0.935703 0.0578239 0.912709 0.0681171 0.840781 0.0621193  0 0 
4 0.935703 0.0578239 0.985574 0.0608776 0.941191 0.070492 0.912709 0.0681171  0 0 
4 0.985574 0.0608776 0.954322 0.0691419 0.934489 0.0732853 0.941191 0.070492  0 0 
4 0.954322 0.0691419 0.94893 0.0743872 0.912615 0.0824024 0.934489 0.0732853  0 0 
4 0.94893 0.0743872 0.964169 0.0713431 0.916072 0.0821793 0.912615 0.0824024  0 0 
4 0.964169 0.0713431 0.971308 0.072387 0.935582 0.0809197 0.916072 0.0821793  0 0 
4 0.971308 0.072387 0.977203 0.0720626 0.943576 0.0811268 0.935582 0.0809197  0 0 
4 0.977203 0.0720626 0.972296 0.0786313 0.963136 0.0816335 0.943576 0.0811268  0 0 
4 0.972296 0.0786313 0.938904 0.100123 0.918621 0.105747 0.963136 0.0816335  0 0 
4 0.938904 0.100123 0.985675 0.0906438 0.857124 0.139059 0.918621 0.105747  0 0 
4 0.985675 0.0906438 0.970596 0.118575 0.934017 0.139761 0.857124 0.139059  0 0 
4 0.970596 0.118575 0.966767 0.13393 0.953683 0.13994 0.934017 0.139761  0 0 
4 0.966767 0.13393 0.980476 0.229099 0.95077 0.19251 0.953683 0.13994  0 0 
4 0.980476 0.229099 0.973503 0.261483 0.942795 0.336439 0.95077 0.19251  0 0 
4 0.973503 0.261483 0.976156 0.291882 0.955565 0.393601 0.942795 0.336439  0 0 
4 0.976156 0.291882 0.997028 0.458317 0.971692 0.465787 0.955565 0.393601  0 0 
4 0.997028 0.458317 0.991031 0.547879 0.953863 0.52988 0.971692 0.465787  0 0 
4 0.991031 0.547879 0.987347 0.588876 0.945932 0.558394 0.953863 0.52988  0 0 
4 0.987347 0.588876 0.992277 0.664513 0.942184 0.58158 0.945932 0.558394  0 0 
4 0.992277 0.664513 0.981904 0.690421 0.928931 0.663586 0.942184 0.58158  0 0 
4 0.981904 0.690421 0.979694 0.731861 0.911941 0.686469 0.928931 0.663586  0 0 
4 0.979694 0.731861 0.966726 0.740902 0.867632 0.746149 0.911941 0.686469  0 0 
4 0.966726 0.740902 0.955593 0.753567 0.843357 0.75806 0.867632 0.746149  0 0 
4 0.955593 0.753567 0.965215 0.795347 0.836956 0.761201 0.843357 0.75806  0 0 
4 0.965215 0.795347 0.98586 0.846397 0.941094 0.834932 0.836956 0.761201  0 0 
4 0.98586 0.846397 0.982686 0.876126 0.965996 0.852563 0.941094 0.834932  0 0 
4 0.982686 0.876126 0.993228 0.972923 0.963246 0.888019 0.965996 0.852563  0 0 
4 0.993228 0.972923 0.965396 1 0.954561 1 0.963246 0.888019  0 0 
4 0.9523 0 0.827938 0.0463885 0.908463 0.00955423 0.89532 0  0 0 
4 0.827938 0.0463885 0.811207 0.0526291 0.672222 0.0622003 0.908463 0.00955423  0 0 
4 0.811207 0.0526291 0.831414 0.0591132 0.741831 0.0594451 0.672222 0.0622003  0 0 
4 0.831414 0.0591132 0.840781 0.0621193 0.653286 0.0785936 0.741831 0.0594451  0 0 
4 0.840781 0.0621193 0.912709 0.0681171 0.794633 0.0705574 0.653286 0.0785936  0 0 
4 0.912709 0.0681171 0.941191 0.070492 0.84022 0.0821316 0.794633 0.0705574  0 0 
4 0.941191 0.070492 0.934489 0.0732853 0.803412 0.0960194 0.84022 0.0821316  0 0 
4 0.934489 0.0732853 0.912615 0.0824024 0.805471 0.10605 0.803412 0.0960194  0 0 
4 0.912615 0.0824024 0.916072 0.0821793 0.799443 0.119892 0.805471 0.10605  0 0 
4 0.916072 0.0821793 0.935582 0.0809197 0.901688 0.0922588 0.799443 0.119892  0 0 
4 0.935582 0.0809197 0.943576 0.0811268 0.891746 0.10193 0.901688 0.0922588  0 0 
4 0.943576 0.0811268 0.963136 0.0816335 0.816146 0.129807 0.891746 0.10193  0 0 
4 0.963136 0.0816335 0.918621 0.105747 0.790041 0.144917 0.816146 0.129807  0 0 
4 0.918621 0.105747 0.857124 0.139059 0.887517 0.151845 0.790041 0.144917  0 0 
4 0.857124 0.139059 0.934017 0.139761 0.91068 0.142002 0.887517 0.151845  0 0 
4 0.934017 0.139761 0.953683 0.13994 0.940746 0.145883 0.91068 0.142002  0 0 
4 0.953683 0.13994 0.95077 0.19251 0.923991 0.231343 0.940746 0.145883  0 0 
4 0.95077 0.19251 0.942795 0.336439 0.936049 0.343537 0.923991 0.231343  0 0 
4 0.942795 0.336439 0.955565 0.393601 0.907657 0.447473 0.936049 0.343537  0 0 
4 0.955565 0.393601 0.971692 0.465787 0.953345 0.471197 0.907657 0.447473  0 0 
4 0.971692 0.465787 0.953863 0.52988 0.899064 0.522124 0.953345 0.471197  0 0 
4 0.953863 0.52988 0.945932 0.558394 0.913442 0.536778 0.899064 0.522124  0 0 
4 0.945932 0.558394 0.942184 0.58158 0.934875 0.5829 0.913442 0.536778  0 0 
4 0.942184 0.58158 0.928931 0.663586 0.923353 0.66076 0.934875 0.5829  0 0 
4 0.928931 0.663586 0.911941 0.686469 0.894638 0.687751 0.923353 0.66076  0 0 
4 0.911941 0.686469 0.867632 0.746149 0.85509 0.743686 0.894638 0.687751  0 0 
4 0.867632 0.746149 0.843357 0.75806 0.832041 0.743266 0.85509 0.743686  0 0 
4 0.843357 0.75806 0.836956 0.761201 0.826135 0.75832 0.832041 0.743266  0 0 
4 0.836956 0.761201 0.941094 0.834932 0.919005 0.907468 0.826135 0.75832  0 0 
4 0.941094 0.834932 0.965996 0.852563 0.961338 0.864297 0.919005 0.907468  0 0 
4 0.965996 0.852563 0.963246 0.888019 0.95376 0.958847 0.961338 0.864297  0 0 
4 0.963246 0.888019 0.954561 1 0.947456 1 0.95376 0.958847  0 0 
4 0.89532 0 0.908463 0.00955423 0.779678 0.0292217 0.886022 0  0 0 
4 0.908463 0.00955423 0.672222 0.0622003 0.655461 0.0633545 0.779678 0.0292217  0 0 
4 0.672222 0.0622003 0.741831 0.0594451 0.628431 0.0707821 0.655461 0.0633545  0 0 
4 0.741831 0.0594451 0.653286 0.0785936 0.574957 0.085476 0.628431 0.0707821  0 0 
4 0.653286 0.0785936 0.794633 0.0705574 0.597529 0.0878741 0.574957 0.085476  0 0 
4 0.794633 0.0705574 0.84022 0.0821316 0.697899 0.0985379 0.597529 0.0878741  0 0 
4 0.84022 0.0821316 0.803412 0.0960194 0.741096 0.103127 0.697899 0.0985379  0 0 
4 0.803412 0.0960194 0.805471 0.10605 0.793492 0.108694 0.741096 0.103127  0 0 
4 0.805471 0.10605 0.799443 0.119892 0.778195 0.124789 0.793492 0.108694  0 0 
4 0.799443 0.119892 0.901688 0.0922588 0.765954 0.137668 0.778195 0.124789  0 0 
4 0.901688 0.0922588 0.891746 0.10193 0.756963 0.147128 0.765954 0.137668  0 0 
4 0.891746 0.10193 0.816146 0.129807 0.754098 0.150142 0.756963 0.147128  0 0 
4 0.816146 0.129807 0.790041 0.144917 0.85464 0.15379 0.754098 0.150142  0 0 
4 0.790041 0.144917 0.887517 0.151845 0.895681 0.15528 0.85464 0.15379  0 0 
4 0.887517 0.151845 0.91068 0.142002 0.909307 0.155774 0.895681 0.15528  0 0 
4 0.91068 0.142002 0.940746 0.145883 0.918489 0.156107 0.909307 0.155774  0 0 
4 0.940746 0.145883 0.923991 0.231343 0.906032 0.254841 0.918489 0.156107  0 0 
4 0.923991 0.231343 0.936049 0.343537 0.888535 0.393522 0.906032 0.254841  0 0 
4 0.936049 0.343537 0.907657 0.447473 0.880314 0.458682 0.888535 0.393522  0 0 
4 0.907657 0.447473 0.953345 0.471197 0.875852 0.494047 0.880314 0.458682  0 0 
4 0.953345 0.471197 0.899064 0.522124 0.876869 0.497813 0.875852 0.494047  0 0 
4 0.899064 0.522124 0.913442 0.536778 0.881683 0.515649 0.876869 0.497813  0 0 
4 0.913442 0.536778 0.934875 0.5829 0.911299 0.625369 0.881683 0.515649  0 0 
4 0.934875 0.5829 0.923353 0.66076 0.920456 0.659293 0.911299 0.625369  0 0 
4 0.923353 0.66076 0.894638 0.687751 0.881435 0.686768 0.920456 0.659293  0 0 
4 0.894638 0.687751 0.85509 0.743686 0.812483 0.735319 0.881435 0.686768  0 0 
4 0.85509 0.743686 0.832041 0.743266 0.802205 0.742556 0.812483 0.735319  0 0 
4 0.832041 0.743266 0.826135 0.75832 0.792525 0.749372 0.802205 0.742556  0 0 
4 0.826135 0.75832 0.919005 0.907468 0.907109 0.943053 0.792525 0.749372  0 0 
4 0.919005 0.907468 0.961338 0.864297 0.920855 0.966288 0.907109 0.943053  0 0 
4 0.961338 0.864297 0.95376 0.958847 0.936379 0.992527 0.920855 0.966288  0 0 
4 0.95376 0.958847 0.947456 1 0.9408 1 0.936379 0.992527  0 0 
4 0.886022 0 0.779678 0.0292217 0.587532 0.0346111 0.777517 0  0 0 
4 0.779678 0.0292217 0.655461 0.0633545 0.623335 0.0535472 0.587532 0.0346111  0 0 
4 0.655461 0.0633545 0.628431 0.0707821 0.633359 0.0619129 0.623335 0.0535472  0 0 
4 0.628431 0.0707821 0.574957 0.085476 0.551586 0.0801637 0.633359 0.0619129  0 0 
4 0.574957 0.085476 0.597529 0.0878741 0.571585 0.0879915 0.551586 0.0801637  0 0 
4 0.597529 0.0878741 0.697899 0.0985379 0.683721 0.10056 0.571585 0.0879915  0 0 
4 0.697899 0.0985379 0.741096 0.103127 0.700011 0.115622 0.683721 0.10056  0 0 
4 0.741096 0.103127 0.793492 0.108694 0.600376 0.151317 0.700011 0.115622  0 0 
4 0.793492 0.108694 0.778195 0.124789 0.634485 0.165279 0.600376 0.151317  0 0 
4 0.778195 0.124789 0.765954 0.137668 0.721472 0.153917 0.634485 0.165279  0 0 
4 0.765954 0.137668 0.756963 0.147128 0.737023 0.161108 0.721472 0.153917  0 0 
4 0.756963 0.147128 0.754098 0.150142 0.772705 0.156802 0.737023 0.161108  0 0 
4 0.754098 0.150142 0.85464 0.15379 0.861615 0.15657 0.772705 0.156802  0 0 
4 0.85464 0.15379 0.895681 0.15528 0.894369 0.156813 0.861615 0.15657  0 0 
4 0.895681 0.15528 0.909307 0.155774 0.902763 0.156962 0.894369 0.156813  0 0 
4 0.909307 0.155774 0.918489 0.156107 0.911186 0.159462 0.902763 0.156962  0 0 
4 0.918489 0.156107 0.906032 0.254841 0.854308 0.29538 0.911186 0.159462  0 0 
4 0.906032 0.254841 0.888535 0.393522 0.834374 0.351589 0.854308 0.29538  0 0 
4 0.888535 0.393522 0.880314 0.458682 0.869479 0.411813 0.834374 0.351589  0 0 
4 0.880314 0.458682 0.875852 0.494047 0.851943 0.457419 0.869479 0.411813  0 0 
4 0.875852 0.494047 0.876869 0.497813 0.844514 0.451932 0.851943 0.457419  0 0 
4 0.876869 0.497813 0.881683 0.515649 0.841112 0.504749 0.844514 0.451932  0 0 
4 0.881683 0.515649 0.911299 0.625369 0.7856 0.543123 0.841112 0.504749  0 0 
4 0.911299 0.625369 0.920456 0.659293 0.786739 0.591554 0.7856 0.543123  0 0 
4 0.920456 0.659293 0.881435 0.686768 0.861161 0.653641 0.786739 0.591554  0 0 
4 0.881435 0.686768 0.812483 0.735319 0.728791 0.699163 0.861161 0.653641  0 0 
4 0.812483 0.735319 0.802205 0.742556 0.772649 0.729046 0.728791 0.699163  0 0 
4 0.802205 0.742556 0.792525 0.749372 0.796828 0.797008 0.772649 0.729046  0 0 
4 0.792525 0.749372 0.907109 0.943053 0.814586 0.800379 0.796828 0.797008  0 0 
4 0.907109 0.943053 0.920855 0.966288 0.86778 0.905578 0.814586 0.800379  0 0 
4 0.920855 0.966288 0.936379 0.992527 0.886135 0.952524 0.86778 0.905578  0 0 
4 0.936379 0.992527 0.9408 1 0.93556 1 0.886135 0.952524  0 0 
4 0.777517 0 0.587532 0.0346111 0.538023 0.0246034 0.488129 0  0 0 
4 0.587532 0.0346111 0.623335 0.0535472 0.553462 0.0322166 0.538023 0.0246034  0 0 
4 0.623335 0.0535472 0.633359 0.0619129 0.543638 0.0405131 0.553462 0.0322166  0 0 
4 0.633359 0.0619129 0.551586 0.0801637 0.508326 0.0703308 0.543638 0.0405131  0 0 
4 0.551586 0.0801637 0.571585 0.0879915 0.559637 0.089101 0.508326 0.0703308  0 0 
4 0.571585 0.0879915 0.683721 0.10056 0.616983 0.110079 0.559637 0.089101  0 0 
4 0.683721 0.10056 0.700011 0.115622 0.559028 0.155969 0.616983 0.110079  0 0 
4 0.700011 0.115622 0.600376 0.151317 0.551194 0.162172 0.559028 0.155969  0 0 
4 0.600376 0.151317 0.634485 0.165279 0.614664 0.170551 0.551194 0.162172  0 0 
4 0.634485 0.165279 0.721472 0.153917 0.659671 0.176492 0.614664 0.170551  0 0 
4 0.721472 0.153917 0.737023 0.161108 0.786017 0.170313 0.659671 0.176492  0 0 
4 0.737023 0.161108 0.772705 0.156802 0.807513 0.169262 0.786017 0.170313  0 0 
4 0.772705 0.156802 0.861615 0.15657 0.856851 0.162808 0.807513 0.169262  0 0 
4 0.861615 0.15657 0.894369 0.156813 0.89332 0.158039 0.856851 0.162808  0 0 
4 0.894369 0.156813 0.902763 0.156962 0.902741 0.161753 0.89332 0.158039  0 0 
4 0.902763 0.156962 0.911186 0.159462 0.904601 0.162487 0.902741 0.161753  0 0 
4 0.911186 0.159462 0.854308 0.29538 0.887783 0.193174 0.904601 0.162487  0 0 
4 0.854308 0.29538 0.834374 0.351589 0.810916 0.333428 0.887783 0.193174  0 0 
4 0.834374 0.351589 0.869479 0.411813 0.809459 0.346595 0.810916 0.333428  0 0 
4 0.869479 0.411813 0.851943 0.457419 0.805132 0.385701 0.809459 0.346595  0 0 
4 0.851943 0.457419 0.844514 0.451932 0.806083 0.426552 0.805132 0.385701  0 0 
4 0.844514 0.451932 0.841112 0.504749 0.807695 0.495771 0.806083 0.426552  0 0 
4 0.841112 0.504749 0.7856 0.543123 0.794373 0.503295 0.807695 0.495771  0 0 
4 0.7856 0.543123 0.786739 0.591554 0.70839 0.551864 0.794373 0.503295  0 0 
4 0.786739 0.591554 0.861161 0.653641 0.712304 0.616762 0.70839 0.551864  0 0 
4 0.861161 0.653641 0.728791 0.699163 0.716966 0.694054 0.712304 0.616762  0 0 
4 0.728791 0.699163 0.772649 0.729046 0.757865 0.754496 0.716966 0.694054  0 0 
4 0.772649 0.729046 0.796828 0.797008 0.798399 0.814397 0.757865 0.754496  0 0 
4 0.796828 0.797008 0.814586 0.800379 0.826533 0.852859 0.798399 0.814397  0 0 
4 0.814586 0.800379 0.86778 0.905578 0.851342 0.886775 0.826533 0.852859  0 0 
4 0.86778 0.905578 0.886135 0.952524 0.893877 0.975769 0.851342 0.886775  0 0 
4 0.886135 0.952524 0.93556 1 0.905458 1 0.893877 0.975769  0 0 
4 0.488129 0 0.538023 0.0246034 0.483033 0.023299 0.395037 0  0 0 
4 0.538023 0.0246034 0.553462 0.0322166 0.498736 0.0338205 0.483033 0.023299  0 0 
4 0.553462 0.0322166 0.543638 0.0405131 0.410144 0.0395411 0.498736 0.0338205  0 0 
4 0.543638 0.0405131 0.508326 0.0703308 0.411415 0.0483029 0.410144 0.0395411  0 0 
4 0.508326 0.0703308 0.559637 0.089101 0.527026 0.083997 0.411415 0.0483029  0 0 
4 0.559637 0.089101 0.616983 0.110079 0.515632 0.124528 0.527026 0.083997  0 0 
4 0.616983 0.110079 0.559028 0.155969 0.512287 0.158371 0.515632 0.124528  0 0 
4 0.559028 0.155969 0.551194 0.162172 0.499604 0.173559 0.512287 0.158371  0 0 
4 0.551194 0.162172 0.614664 0.170551 0.515073 0.17993 0.499604 0.173559  0 0 
4 0.614664 0.170551 0.659671 0.176492 0.599564 0.181784 0.515073 0.17993  0 0 
4 0.659671 0.176492 0.786017 0.170313 0.671467 0.180765 0.599564 0.181784  0 0 
4 0.786017 0.170313 0.807513 0.169262 0.819787 0.173655 0.671467 0.180765  0 0 
4 0.807513 0.169262 0.856851 0.162808 0.845701 0.168909 0.819787 0.173655  0 0 
4 0.856851 0.162808 0.89332 0.158039 0.874904 0.165133 0.845701 0.168909  0 0 
4 0.89332 0.158039 0.902741 0.161753 0.882702 0.163085 0.874904 0.165133  0 0 
4 0.902741 0.161753 0.904601 0.162487 0.891509 0.168501 0.882702 0.163085  0 0 
4 0.904601 0.162487 0.887783 0.193174 0.797864 0.267632 0.891509 0.168501  0 0 
4 0.887783 0.193174 0.810916 0.333428 0.802166 0.316093 0.797864 0.267632  0 0 
4 0.810916 0.333428 0.809459 0.346595 0.768787 0.314548 0.802166 0.316093  0 0 
4 0.809459 0.346595 0.805132 0.385701 0.779063 0.345763 0.768787 0.314548  0 0 
4 0.805132 0.385701 0.806083 0.426552 0.768892 0.368849 0.779063 0.345763  0 0 
4 0.806083 0.426552 0.807695 0.495771 0.740529 0.400633 0.768892 0.368849  0 0 
4 0.807695 0.495771 0.794373 0.503295 0.738024 0.480001 0.740529 0.400633  0 0 
4 0.794373 0.503295 0.70839 0.551864 0.632468 0.513404 0.738024 0.480001  0 0 
4 0.70839 0.551864 0.712304 0.616762 0.661723 0.599006 0.632468 0.513404  0 0 
4 0.712304 0.616762 0.716966 0.694054 0.732225 0.73649 0.661723 0.599006  0 0 
4 0.716966 0.694054 0.757865 0.754496 0.777964 0.854223 0.732225 0.73649  0 0 
4 0.757865 0.754496 0.798399 0.814397 0.800618 0.838958 0.777964 0.854223  0 0 
4 0.798399 0.814397 0.826533 0.852859 0.836525 0.893251 0.800618 0.838958  0 0 
4 0.826533 0.852859 0.851342 0.886775 0.840476 0.929185 0.836525 0.893251  0 0 
4 0.851342 0.886775 0.893877 0.975769 0.879177 0.988468 0.840476 0.929185  0 0 
4 0.893877 0.975769 0.905458 1 0.897265 1 0.879177 0.988468  0 0 
4 0.395037 0 0.483033 0.023299 0.388043 0.0263673 0.383657 0  0 0 
4 0.483033 0.023299 0.498736 0.0338205 0.389813 0.0370126 0.388043 0.0263673  0 0 
4 0.498736 0.0338205 0.410144 0.0395411 0.390518 0.0412481 0.389813 0.0370126  0 0 
4 0.410144 0.0395411 0.411415 0.0483029 0.390916 0.0436436 0.390518 0.0412481  0 0 
4 0.411415 0.0483029 0.527026 0.083997 0.401178 0.105335 0.390916 0.0436436  0 0 
4 0.527026 0.083997 0.515632 0.124528 0.406948 0.140022 0.401178 0.105335  0 0 
4 0.515632 0.124528 0.512287 0.158371 0.411465 0.16718 0.406948 0.140022  0 0 
4 0.512287 0.158371 0.499604 0.173559 0.41561 0.192098 0.411465 0.16718  0 0 
4 0.499604 0.173559 0.515073 0.17993 0.447187 0.190824 0.41561 0.192098  0 0 
4 0.515073 0.17993 0.599564 0.181784 0.538918 0.187122 0.447187 0.190824  0 0 
4 0.599564 0.181784 0.671467 0.180765 0.669378 0.181859 0.538918 0.187122  0 0 
4 0.671467 0.180765 0.819787 0.173655 0.825148 0.175574 0.669378 0.181859  0 0 
4 0.819787 0.173655 0.845701 0.168909 0.834272 0.175206 0.825148 0.175574  0 0 
4 0.845701 0.168909 0.874904 0.165133 0.85045 0.174553 0.834272 0.175206  0 0 
4 0.874904 0.165133 0.882702 0.163085 0.870044 0.173762 0.85045 0.174553  0 0 
4 0.882702 0.163085 0.891509 0.168501 0.88102 0.17332 0.870044 0.173762  0 0 
4 0.891509 0.168501 0.797864 0.267632 0.810189 0.238694 0.88102 0.17332  0 0 
4 0.797864 0.267632 0.802166 0.316093 0.778066 0.268343 0.810189 0.238694  0 0 
4 0.802166 0.316093 0.768787 0.314548 0.761471 0.28366 0.778066 0.268343  0 0 
4 0.768787 0.314548 0.779063 0.345763 0.747153 0.296875 0.761471 0.28366  0 0 
4 0.779063 0.345763 0.768892 0.368849 0.729824 0.31287 0.747153 0.296875  0 0 
4 0.768892 0.368849 0.740529 0.400633 0.698791 0.341512 0.729824 0.31287  0 0 
4 0.740529 0.400633 0.738024 0.480001 0.637877 0.397734 0.698791 0.341512  0 0 
4 0.738024 0.480001 0.632468 0.513404 0.555047 0.474184 0.637877 0.397734  0 0 
4 0.632468 0.513404 0.661723 0.599006 0.701359 0.73259 0.555047 0.474184  0 0 
4 0.661723 0.599006 0.732225 0.73649 0.782097 0.875184 0.701359 0.73259  0 0 
4 0.732225 0.73649 0.777964 0.854223 0.805038 0.915701 0.782097 0.875184  0 0 
4 0.777964 0.854223 0.800618 0.838958 0.808027 0.920979 0.805038 0.915701  0 0 
4 0.800618 0.838958 0.836525 0.893251 0.823013 0.947446 0.808027 0.920979  0 0 
4 0.836525 0.893251 0.840476 0.929185 0.831814 0.96299 0.823013 0.947446  0 0 
4 0.840476 0.929185 0.879177 0.988468 0.84048 0.978294 0.831814 0.96299  0 0 
4 0.879177 0.988468 0.897265 1 0.85277 1 0.84048 0.978294  0 0 
4 0.383657 0 0.388043 0.0263673 0.373554 0.00980736 0.364598 0  0 0 
4 0.388043 0.0263673 0.389813 0.0370126 0.384477 0.0307305 0.373554 0.00980736  0 0 
4 0.389813 0.0370126 0.390518 0.0412481 0.382054 0.0557634 0.384477 0.0307305  0 0 
4 0.390518 0.0412481 0.390916 0.0436436 0.388412 0.04887 0.382054 0.0557634  0 0 
4 0.390916 0.0436436 0.401178 0.105335 0.397398 0.103093 0.388412 0.04887  0 0 
4 0.401178 0.105335 0.406948 0.140022 0.39428 0.122678 0.397398 0.103093  0 0 
4 0.406948 0.140022 0.411465 0.16718 0.391942 0.159977 0.39428 0.122678  0 0 
4 0.411465 0.16718 0.41561 0.192098 0.404962 0.213156 0.391942 0.159977  0 0 
4 0.41561 0.192098 0.447187 0.190824 0.475604 0.217678 0.404962 0.213156  0 0 
4 0.447187 0.190824 0.538918 0.187122 0.5445 0.193578 0.475604 0.217678  0 0 
4 0.538918 0.187122 0.669378 0.181859 0.697445 0.205684 0.5445 0.193578  0 0 
4 0.669378 0.181859 0.825148 0.175574 0.769126 0.200022 0.697445 0.205684  0 0 
4 0.825148 0.175574 0.834272 0.175206 0.714197 0.225354 0.769126 0.200022  0 0 
4 0.834272 0.175206 0.85045 0.174553 0.81 0.190487 0.714197 0.225354  0 0 
4 0.85045 0.174553 0.870044 0.173762 0.842999 0.184719 0.81 0.190487  0 0 
4 0.870044 0.173762 0.88102 0.17332 0.820771 0.200996 0.842999 0.184719  0 0 
4 0.88102 0.17332 0.810189 0.238694 0.761105 0.248549 0.820771 0.200996  0 0 
4 0.810189 0.238694 0.778066 0.268343 0.753257 0.275052 0.761105 0.248549  0 0 
4 0.778066 0.268343 0.761471 0.28366 0.714895 0.306885 0.753257 0.275052  0 0 
4 0.761471 0.28366 0.747153 0.296875 0.632709 0.357734 0.714895 0.306885  0 0 
4 0.747153 0.296875 0.729824 0.31287 0.690869 0.331626 0.632709 0.357734  0 0 
4 0.729824 0.31287 0.698791 0.341512 0.608963 0.389028 0.690869 0.331626  0 0 
4 0.698791 0.341512 0.637877 0.397734 0.607227 0.421788 0.608963 0.389028  0 0 
4 0.637877 0.397734 0.555047 0.474184 0.538998 0.479845 0.607227 0.421788  0 0 
4 0.555047 0.474184 0.701359 0.73259 0.599218 0.567492 0.538998 0.479845  0 0 
4 0.701359 0.73259 0.782097 0.875184 0.6961 0.764851 0.599218 0.567492  0 0 
4 0.782097 0.875184 0.805038 0.915701 0.735993 0.828498 0.6961 0.764851  0 0 
4 0.805038 0.915701 0.808027 0.920979 0.754446 0.862562 0.735993 0.828498  0 0 
4 0.808027 0.920979 0.823013 0.947446 0.791373 0.910293 0.754446 0.862562  0 0 
4 0.823013 0.947446 0.831814 0.96299 0.768718 0.938633 0.791373 0.910293  0 0 
4 0.831814 0.96299 0.84048 0.978294 0.757604 0.960169 0.768718 0.938633  0 0 
4 0.84048 0.978294 0.85277 1 0.793507 1 0.757604 0.960169  0 0 
4 0.364598 0 0.373554 0.00980736 0.360193 0.0131386 0.327818 0  0 0 
4 0.373554 0.00980736 0.384477 0.0307305 0.374447 0.0189232 0.360193 0.0131386  0 0 
4 0.384477 0.0307305 0.382054 0.0557634 0.37604 0.0582745 0.374447 0.0189232  0 0 
4 0.382054 0.0557634 0.388412 0.04887 0.376653 0.0734048 0.37604 0.0582745  0 0 
4 0.388412 0.04887 0.397398 0.103093 0.375345 0.0936152 0.376653 0.0734048  0 0 
4 0.397398 0.103093 0.39428 0.122678 0.375158 0.0964956 0.375345 0.0936152  0 0 
4 0.39428 0.122678 0.391942 0.159977 0.382613 0.135112 0.375158 0.0964956  0 0 
4 0.391942 0.159977 0.404962 0.213156 0.399691 0.223582 0.382613 0.135112  0 0 
4 0.404962 0.213156 0.475604 0.217678 0.509956 0.234594 0.399691 0.223582  0 0 
4 0.475604 0.217678 0.5445 0.193578 0.586585 0.242247 0.509956 0.234594  0 0 
4 0.5445 0.193578 0.697445 0.205684 0.63133 0.239301 0.586585 0.242247  0 0 
4 0.697445 0.205684 0.769126 0.200022 0.68761 0.235596 0.63133 0.239301  0 0 
4 0.769126 0.200022 0.714197 0.225354 0.713961 0.22763 0.68761 0.235596  0 0 
4 0.714197 0.225354 0.81 0.190487 0.721458 0.225364 0.713961 0.22763  0 0 
4 0.81 0.190487 0.842999 0.184719 0.66642 0.262865 0.721458 0.225364  0 0 
4 0.842999 0.184719 0.820771 0.200996 0.625718 0.290598 0.66642 0.262865  0 0 
4 0.820771 0.200996 0.761105 0.248549 0.677636 0.29279 0.625718 0.290598  0 0 
4 0.761105 0.248549 0.753257 0.275052 0.686308 0.293157 0.677636 0.29279  0 0 
4 0.753257 0.275052 0.714895 0.306885 0.635254 0.33639 0.686308 0.293157  0 0 
4 0.714895 0.306885 0.632709 0.357734 0.5718 0.390124 0.635254 0.33639  0 0 
4 0.632709 0.357734 0.690869 0.331626 0.568919 0.395236 0.5718 0.390124  0 0 
4 0.690869 0.331626 0.608963 0.389028 0.556899 0.416569 0.568919 0.395236  0 0 
4 0.608963 0.389028 0.607227 0.421788 0.531432 0.474528 0.556899 0.416569  0 0 
4 0.607227 0.421788 0.538998 0.479845 0.52728 0.483978 0.531432 0.474528  0 0 
4 0.538998 0.479845 0.599218 0.567492 0.549411 0.553228 0.52728 0.483978  0 0 
4 0.599218 0.567492 0.6961 0.764851 0.5621 0.592933 0.549411 0.553228  0 0 
4 0.6961 0.764851 0.735993 0.828498 0.595515 0.657483 0.5621 0.592933  0 0 
4 0.735993 0.828498 0.754446 0.862562 0.633305 0.730487 0.595515 0.657483  0 0 
4 0.754446 0.862562 0.791373 0.910293 0.649432 0.770953 0.633305 0.730487  0 0 
4 0.791373 0.910293 0.768718 0.938633 0.706716 0.914698 0.649432 0.770953  0 0 
4 0.768718 0.938633 0.757604 0.960169 0.756361 0.982391 0.706716 0.914698  0 0 
4 0.757604 0.960169 0.793507 1 0.769276 1 0.756361 0.982391  0 0 
4 0.327818 0 0.360193 0.0131386 0.332197 0.00415122 0.321321 0  0 0 
4 0.360193 0.0131386 0.374447 0.0189232 0.369775 0.0194047 0.332197 0.00415122  0 0 
4 0.374447 0.0189232 0.37604 0.0582745 0.347207 0.0302042 0.369775 0.0194047  0 0 
4 0.37604 0.0582745 0.376653 0.0734048 0.372188 0.0827208 0.347207 0.0302042  0 0 
4 0.376653 0.0734048 0.375345 0.0936152 0.374163 0.0988735 0.372188 0.0827208  0 0 
4 0.375345 0.0936152 0.375158 0.0964956 0.375523 0.104422 0.374163 0.0988735  0 0 
4 0.375158 0.0964956 0.382613 0.135112 0.386023 0.211101 0.375523 0.104422  0 0 
4 0.382613 0.135112 0.399691 0.223582 0.390267 0.24222 0.386023 0.211101  0 0 
4 0.399691 0.223582 0.509956 0.234594 0.502718 0.237526 0.390267 0.24222  0 0 
4 0.509956 0.234594 0.586585 0.242247 0.548189 0.245233 0.502718 0.237526  0 0 
4 0.586585 0.242247 0.63133 0.239301 0.575379 0.247127 0.548189 0.245233  0 0 
4 0.63133 0.239301 0.68761 0.235596 0.673168 0.241898 0.575379 0.247127  0 0 
4 0.68761 0.235596 0.713961 0.22763 0.672999 0.243879 0.673168 0.241898  0 0 
4 0.713961 0.22763 0.721458 0.225364 0.661403 0.252042 0.672999 0.243879  0 0 
4 0.721458 0.225364 0.66642 0.262865 0.641813 0.267801 0.661403 0.252042  0 0 
4 0.66642 0.262865 0.625718 0.290598 0.553788 0.32364 0.641813 0.267801  0 0 
4 0.625718 0.290598 0.677636 0.29279 0.593509 0.311092 0.553788 0.32364  0 0 
4 0.677636 0.29279 0.686308 0.293157 0.613182 0.337074 0.593509 0.311092  0 0 
4 0.686308 0.293157 0.635254 0.33639 0.491786 0.429469 0.613182 0.337074  0 0 
4 0.635254 0.33639 0.5718 0.390124 0.478872 0.439541 0.491786 0.429469  0 0 
4 0.5718 0.390124 0.568919 0.395236 0.489788 0.446355 0.478872 0.439541  0 0 
4 0.568919 0.395236 0.556899 0.416569 0.512109 0.443261 0.489788 0.446355  0 0 
4 0.556899 0.416569 0.531432 0.474528 0.511731 0.481857 0.512109 0.443261  0 0 
4 0.531432 0.474528 0.52728 0.483978 0.519033 0.486887 0.511731 0.481857  0 0 
4 0.52728 0.483978 0.549411 0.553228 0.525091 0.504096 0.519033 0.486887  0 0 
4 0.549411 0.553228 0.5621 0.592933 0.554436 0.579538 0.525091 0.504096  0 0 
4 0.5621 0.592933 0.595515 0.657483 0.557699 0.619371 0.554436 0.579538  0 0 
4 0.595515 0.657483 0.633305 0.730487 0.491567 0.575954 0.557699 0.619371  0 0 
4 0.633305 0.730487 0.649432 0.770953 0.567896 0.70504 0.491567 0.575954  0 0 
4 0.649432 0.770953 0.706716 0.914698 0.692225 0.899622 0.567896 0.70504  0 0 
4 0.706716 0.914698 0.756361 0.982391 0.681561 0.893864 0.692225 0.899622  0 0 
4 0.756361 0.982391 0.769276 1 0.750315 1 0.681561 0.893864  0 0 
4 0.321321 0 0.332197 0.00415122 0.327146 0.0121582 0.320215 0  0 0 
4 0.332197 0.00415122 0.369775 0.0194047 0.333413 0.0231523 0.327146 0.0121582  0 0 
4 0.369775 0.0194047 0.347207 0.0302042 0.351812 0.0554266 0.333413 0.0231523  0 0 
4 0.347207 0.0302042 0.372188 0.0827208 0.369988 0.0873119 0.351812 0.0554266  0 0 
4 0.372188 0.0827208 0.374163 0.0988735 0.372283 0.106755 0.369988 0.0873119  0 0 
4 0.374163 0.0988735 0.375523 0.104422 0.377767 0.153224 0.372283 0.106755  0 0 
4 0.375523 0.104422 0.386023 0.211101 0.385037 0.214823 0.377767 0.153224  0 0 
4 0.386023 0.211101 0.390267 0.24222 0.388649 0.245421 0.385037 0.214823  0 0 
4 0.390267 0.24222 0.502718 0.237526 0.457971 0.249362 0.388649 0.245421  0 0 
4 0.502718 0.237526 0.548189 0.245233 0.47943 0.250582 0.457971 0.249362  0 0 
4 0.548189 0.245233 0.575379 0.247127 0.60553 0.257751 0.47943 0.250582  0 0 
4 0.575379 0.247127 0.673168 0.241898 0.633234 0.259326 0.60553 0.257751  0 0 
4 0.673168 0.241898 0.672999 0.243879 0.626703 0.264076 0.633234 0.259326  0 0 
4 0.672999 0.243879 0.661403 0.252042 0.614761 0.272762 0.626703 0.264076  0 0 
4 0.661403 0.252042 0.641813 0.267801 0.573809 0.302549 0.614761 0.272762  0 0 
4 0.641813 0.267801 0.553788 0.32364 0.529423 0.334833 0.573809 0.302549  0 0 
4 0.553788 0.32364 0.593509 0.311092 0.484861 0.391238 0.529423 0.334833  0 0 
4 0.593509 0.311092 0.613182 0.337074 0.450431 0.434817 0.484861 0.391238  0 0 
4 0.613182 0.337074 0.491786 0.429469 0.432755 0.457191 0.450431 0.434817  0 0 
4 0.491786 0.429469 0.478872 0.439541 0.42339 0.469045 0.432755 0.457191  0 0 
4 0.478872 0.439541 0.489788 0.446355 0.436556 0.471849 0.42339 0.469045  0 0 
4 0.489788 0.446355 0.512109 0.443261 0.456877 0.476177 0.436556 0.471849  0 0 
4 0.512109 0.443261 0.511731 0.481857 0.487464 0.482692 0.456877 0.476177  0 0 
4 0.511731 0.481857 0.519033 0.486887 0.514561 0.488464 0.487464 0.482692  0 0 
4 0.519033 0.486887 0.525091 0.504096 0.509694 0.496913 0.514561 0.488464  0 0 
4 0.525091 0.504096 0.554436 0.579538 0.508422 0.499121 0.509694 0.496913  0 0 
4 0.554436 0.579538 0.557699 0.619371 0.486481 0.537206 0.508422 0.499121  0 0 
4 0.557699 0.619371 0.491567 0.575954 0.474732 0.5576 0.486481 0.537206  0 0 
4 0.491567 0.575954 0.567896 0.70504 0.538373 0.667903 0.474732 0.5576  0 0 
4 0.567896 0.70504 0.692225 0.899622 0.641796 0.847156 0.538373 0.667903  0 0 
4 0.692225 0.899622 0.681561 0.893864 0.680078 0.913505 0.641796 0.847156  0 0 
4 0.681561 0.893864 0.750315 1 0.729983 1 0.680078 0.913505  0 0 
4 0.320215 0 0.327146 0.0121582 0.309557 0.0204982 0.307038 0  0 0 
4 0.327146 0.0121582 0.333413 0.0231523 0.325914 0.0367789 0.309557 0.0204982  0 0 
4 0.333413 0.0231523 0.351812 0.0554266 0.357555 0.078485 0.325914 0.0367789  0 0 
4 0.351812 0.0554266 0.369988 0.0873119 0.364178 0.0857684 0.357555 0.078485  0 0 
4 0.369988 0.0873119 0.372283 0.106755 0.370391 0.190137 0.364178 0.0857684  0 0 
4 0.372283 0.106755 0.377767 0.153224 0.376185 0.16957 0.370391 0.190137  0 0 
4 0.377767 0.153224 0.385037 0.214823 0.379807 0.20652 0.376185 0.16957  0 0 
4 0.385037 0.214823 0.388649 0.245421 0.386356 0.249956 0.379807 0.20652  0 0 
4 0.388649 0.245421 0.457971 0.249362 0.42856 0.252424 0.386356 0.249956  0 0 
4 0.457971 0.249362 0.47943 0.250582 0.480765 0.258183 0.42856 0.252424  0 0 
4 0.47943 0.250582 0.60553 0.257751 0.517243 0.2591 0.480765 0.258183  0 0 
4 0.60553 0.257751 0.633234 0.259326 0.509203 0.276127 0.517243 0.2591  0 0 
4 0.633234 0.259326 0.626703 0.264076 0.51837 0.279637 0.509203 0.276127  0 0 
4 0.626703 0.264076 0.614761 0.272762 0.589516 0.283331 0.51837 0.279637  0 0 
4 0.614761 0.272762 0.573809 0.302549 0.507436 0.335828 0.589516 0.283331  0 0 
4 0.573809 0.302549 0.529423 0.334833 0.506452 0.345385 0.507436 0.335828  0 0 
4 0.529423 0.334833 0.484861 0.391238 0.466884 0.396225 0.506452 0.345385  0 0 
4 0.484861 0.391238 0.450431 0.434817 0.451779 0.419266 0.466884 0.396225  0 0 
4 0.450431 0.434817 0.432755 0.457191 0.426632 0.458854 0.451779 0.419266  0 0 
4 0.432755 0.457191 0.42339 0.469045 0.411226 0.465602 0.426632 0.458854  0 0 
4 0.42339 0.469045 0.436556 0.471849 0.409228 0.490415 0.411226 0.465602  0 0 
4 0.436556 0.471849 0.456877 0.476177 0.440896 0.483169 0.409228 0.490415  0 0 
4 0.456877 0.476177 0.487464 0.482692 0.437428 0.497481 0.440896 0.483169  0 0 
4 0.487464 0.482692 0.514561 0.488464 0.505334 0.491718 0.437428 0.497481  0 0 
4 0.514561 0.488464 0.509694 0.496913 0.43895 0.529271 0.505334 0.491718  0 0 
4 0.509694 0.496913 0.508422 0.499121 0.476181 0.513676 0.43895 0.529271  0 0 
4 0.508422 0.499121 0.486481 0.537206 0.446996 0.540402 0.476181 0.513676  0 0 
4 0.486481 0.537206 0.474732 0.5576 0.444303 0.587919 0.446996 0.540402  0 0 
4 0.474732 0.5576 0.538373 0.667903 0.512156 0.655354 0.444303 0.587919  0 0 
4 0.538373 0.667903 0.641796 0.847156 0.503873 0.857985 0.512156 0.655354  0 0 
4 0.641796 0.847156 0.680078 0.913505 0.599851 0.981336 0.503873 0.857985  0 0 
4 0.680078 0.913505 0.729983 1 0.643783 1 0.599851 0.981336  0 0 
4 0.307038 0 0.309557 0.0204982 0.308112 0.0259363 0.302743 0  0 0 
4 0.309557 0.0204982 0.325914 0.0367789 0.314608 0.0573195 0.308112 0.0259363  0 0 
4 0.325914 0.0367789 0.357555 0.078485 0.325033 0.0635953 0.314608 0.0573195  0 0 
4 0.357555 0.078485 0.364178 0.0857684 0.360037 0.0846684 0.325033 0.0635953  0 0 
4 0.364178 0.0857684 0.370391 0.190137 0.364353 0.149561 0.360037 0.0846684  0 0 
4 0.370391 0.190137 0.376185 0.16957 0.369961 0.233883 0.364353 0.149561  0 0 
4 0.376185 0.16957 0.379807 0.20652 0.37927 0.251828 0.369961 0.233883  0 0 
4 0.379807 0.20652 0.386356 0.249956 0.382379 0.257821 0.37927 0.251828  0 0 
4 0.386356 0.249956 0.42856 0.252424 0.434455 0.260176 0.382379 0.257821  0 0 
4 0.42856 0.252424 0.480765 0.258183 0.481489 0.262302 0.434455 0.260176  0 0 
4 0.480765 0.258183 0.517243 0.2591 0.480281 0.268953 0.481489 0.262302  0 0 
4 0.517243 0.2591 0.509203 0.276127 0.478215 0.280325 0.480281 0.268953  0 0 
4 0.509203 0.276127 0.51837 0.279637 0.482892 0.2861 0.478215 0.280325  0 0 
4 0.51837 0.279637 0.589516 0.283331 0.508218 0.31737 0.482892 0.2861  0 0 
4 0.589516 0.283331 0.507436 0.335828 0.500488 0.34106 0.508218 0.31737  0 0 
4 0.507436 0.335828 0.506452 0.345385 0.497776 0.349371 0.500488 0.34106  0 0 
4 0.506452 0.345385 0.466884 0.396225 0.46769 0.382951 0.497776 0.349371  0 0 
4 0.466884 0.396225 0.451779 0.419266 0.453559 0.398723 0.46769 0.382951  0 0 
4 0.451779 0.419266 0.426632 0.458854 0.42671 0.437316 0.453559 0.398723  0 0 
4 0.426632 0.458854 0.411226 0.465602 0.407721 0.46461 0.42671 0.437316  0 0 
4 0.411226 0.465602 0.409228 0.490415 0.40625 0.477039 0.407721 0.46461  0 0 
4 0.409228 0.490415 0.440896 0.483169 0.403592 0.499489 0.40625 0.477039  0 0 
4 0.440896 0.483169 0.437428 0.497481 0.46882 0.501097 0.403592 0.499489  0 0 
4 0.437428 0.497481 0.505334 0.491718 0.478097 0.501325 0.46882 0.501097  0 0 
4 0.505334 0.491718 0.43895 0.529271 0.427346 0.530384 0.478097 0.501325  0 0 
4 0.43895 0.529271 0.476181 0.513676 0.383266 0.555624 0.427346 0.530384  0 0 
4 0.476181 0.513676 0.446996 0.540402 0.382983 0.623425 0.383266 0.555624  0 0 
4 0.446996 0.540402 0.444303 0.587919 0.382876 0.649125 0.382983 0.623425  0 0 
4 0.444303 0.587919 0.512156 0.655354 0.410738 0.714396 0.382876 0.649125  0 0 
4 0.512156 0.655354 0.503873 0.857985 0.473066 0.860404 0.410738 0.714396  0 0 
4 0.503873 0.857985 0.599851 0.981336 0.486631 0.984493 0.473066 0.860404  0 0 
4 0.599851 0.981336 0.643783 1 0.488326 1 0.486631 0.984493  0 0 
4 0.302743 0 0.308112 0.0259363 0.303266 0.0458387 0.288888 0  0 0 
4 0.308112 0.0259363 0.314608 0.0573195 0.310037 0.0578825 0.303266 0.0458387  0 0 
4 0.314608 0.0573195 0.325033 0.0635953 0.320021 0.0652145 0.310037 0.0578825  0 0 
4 0.325033 0.0635953 0.360037 0.0846684 0.35181 0.0824828 0.320021 0.0652145  0 0 
4 0.360037 0.0846684 0.364353 0.149561 0.321258 0.101522 0.35181 0.0824828  0 0 
4 0.364353 0.149561 0.369961 0.233883 0.339196 0.164046 0.321258 0.101522  0 0 
4 0.369961 0.233883 0.37927 0.251828 0.365413 0.226677 0.339196 0.164046  0 0 
4 0.37927 0.251828 0.382379 0.257821 0.376681 0.26909 0.365413 0.226677  0 0 
4 0.382379 0.257821 0.434455 0.260176 0.397378 0.26792 0.376681 0.26909  0 0 
4 0.434455 0.260176 0.481489 0.262302 0.406778 0.283654 0.397378 0.26792  0 0 
4 0.481489 0.262302 0.480281 0.268953 0.463587 0.273128 0.406778 0.283654  0 0 
4 0.480281 0.268953 0.478215 0.280325 0.453384 0.283688 0.463587 0.273128  0 0 
4 0.478215 0.280325 0.482892 0.2861 0.391908 0.303904 0.453384 0.283688  0 0 
4 0.482892 0.2861 0.508218 0.31737 0.426868 0.360166 0.391908 0.303904  0 0 
4 0.508218 0.31737 0.500488 0.34106 0.449428 0.360014 0.426868 0.360166  0 0 
4 0.500488 0.34106 0.497776 0.349371 0.473394 0.360571 0.449428 0.360014  0 0 
4 0.497776 0.349371 0.46769 0.382951 0.464801 0.375939 0.473394 0.360571  0 0 
4 0.46769 0.382951 0.453559 0.398723 0.443279 0.403432 0.464801 0.375939  0 0 
4 0.453559 0.398723 0.42671 0.437316 0.408373 0.431532 0.443279 0.403432  0 0 
4 0.42671 0.437316 0.407721 0.46461 0.396344 0.46139 0.408373 0.431532  0 0 
4 0.407721 0.46461 0.40625 0.477039 0.398956 0.491894 0.396344 0.46139  0 0 
4 0.40625 0.477039 0.403592 0.499489 0.397377 0.504044 0.398956 0.491894  0 0 
4 0.403592 0.499489 0.46882 0.501097 0.396027 0.521716 0.397377 0.504044  0 0 
4 0.46882 0.501097 0.478097 0.501325 0.436677 0.515935 0.396027 0.521716  0 0 
4 0.478097 0.501325 0.427346 0.530384 0.378809 0.550343 0.436677 0.515935  0 0 
4 0.427346 0.530384 0.383266 0.555624 0.366523 0.601493 0.378809 0.550343  0 0 
4 0.383266 0.555624 0.382983 0.623425 0.37738 0.606164 0.366523 0.601493  0 0 
4 0.382983 0.623425 0.382876 0.649125 0.36845 0.663499 0.37738 0.606164  0 0 
4 0.382876 0.649125 0.410738 0.714396 0.365906 0.768222 0.36845 0.663499  0 0 
4 0.410738 0.714396 0.473066 0.860404 0.42193 0.854375 0.365906 0.768222  0 0 
4 0.473066 0.860404 0.486631 0.984493 0.379257 0.908434 0.42193 0.854375  0 0 
4 0.486631 0.984493 0.488326 1 0.454498 1 0.379257 0.908434  0 0 
4 0.288888 0 0.303266 0.0458387 0.300664 0.0492151 0.285605 0  0 0 
4 0.303266 0.0458387 0.310037 0.0578825 0.30356 0.0586802 0.300664 0.0492151  0 0 
4 0.310037 0.0578825 0.320021 0.0652145 0.305301 0.0643698 0.30356 0.0586802  0 0 
4 0.320021 0.0652145 0.35181 0.0824828 0.307219 0.0706367 0.305301 0.0643698  0 0 
4 0.35181 0.0824828 0.321258 0.101522 0.32208 0.119204 0.307219 0.0706367  0 0 
4 0.321258 0.101522 0.339196 0.164046 0.328077 0.138805 0.32208 0.119204  0 0 
4 0.339196 0.164046 0.365413 0.226677 0.349406 0.208513 0.328077 0.138805  0 0 
4 0.365413 0.226677 0.376681 0.26909 0.371237 0.279858 0.349406 0.208513  0 0 
4 0.376681 0.26909 0.397378 0.26792 0.372384 0.283608 0.371237 0.279858  0 0 
4 0.397378 0.26792 0.406778 0.283654 0.375163 0.29269 0.372384 0.283608  0 0 
4 0.406778 0.283654 0.463587 0.273128 0.375365 0.293349 0.375163 0.29269  0 0 
4 0.463587 0.273128 0.453384 0.283688 0.375631 0.294221 0.375365 0.293349  0 0 
4 0.453384 0.283688 0.391908 0.303904 0.397296 0.365025 0.375631 0.294221  0 0 
4 0.391908 0.303904 0.426868 0.360166 0.400116 0.374239 0.397296 0.365025  0 0 
4 0.426868 0.360166 0.449428 0.360014 0.402864 0.383222 0.400116 0.374239  0 0 
4 0.449428 0.360014 0.473394 0.360571 0.405479 0.391769 0.402864 0.383222  0 0 
4 0.473394 0.360571 0.464801 0.375939 0.401554 0.409777 0.405479 0.391769  0 0 
4 0.464801 0.375939 0.443279 0.403432 0.398463 0.423959 0.401554 0.409777  0 0 
4 0.443279 0.403432 0.408373 0.431532 0.393262 0.447822 0.398463 0.423959  0 0 
4 0.408373 0.431532 0.396344 0.46139 0.390655 0.45978 0.393262 0.447822  0 0 
4 0.396344 0.46139 0.398956 0.491894 0.387078 0.476189 0.390655 0.45978  0 0 
4 0.398956 0.491894 0.397377 0.504044 0.377895 0.51832 0.387078 0.476189  0 0 
4 0.397377 0.504044 0.396027 0.521716 0.376771 0.52348 0.377895 0.51832  0 0 
4 0.396027 0.521716 0.436677 0.515935 0.373563 0.538196 0.376771 0.52348  0 0 
4 0.436677 0.515935 0.378809 0.550343 0.360765 0.596911 0.373563 0.538196  0 0 
4 0.378809 0.550343 0.366523 0.601493 0.349751 0.647445 0.360765 0.596911  0 0 
4 0.366523 0.601493 0.37738 0.606164 0.34331 0.676993 0.349751 0.647445  0 0 
4 0.37738 0.606164 0.36845 0.663499 0.340092 0.691755 0.34331 0.676993  0 0 
4 0.36845 0.663499 0.365906 0.768222 0.32626 0.755217 0.340092 0.691755  0 0 
4 0.365906 0.768222 0.42193 0.854375 0.307586 0.840892 0.32626 0.755217  0 0 
4 0.42193 0.854375 0.379257 0.908434 0.290506 0.919252 0.307586 0.840892  0 0 
4 0.379257 0.908434 0.454498 1 0.272906 1 0.290506 0.919252  0 0 
4 0.285605 0 0.300664 0.0492151 0.27878 0.0186887 0.256068 0  0 0 
4 0.300664 0.0492151 0.30356 0.0586802 0.264581 0.0346192 0.27878 0.0186887  0 0 
4 0.30356 0.0586802 0.305301 0.0643698 0.286962 0.0627473 0.264581 0.0346192  0 0 
4 0.305301 0.0643698 0.307219 0.0706367 0.231392 0.092553 0.286962 0.0627473  0 0 
4 0.307219 0.0706367 0.32208 0.119204 0.283103 0.0900012 0.231392 0.092553  0 0 
4 0.32208 0.119204 0.328077 0.138805 0.285329 0.139851 0.283103 0.0900012  0 0 
4 0.328077 0.138805 0.349406 0.208513 0.315806 0.205223 0.285329 0.139851  0 0 
4 0.349406 0.208513 0.371237 0.279858 0.284509 0.232724 0.315806 0.205223  0 0 
4 0.371237 0.279858 0.372384 0.283608 0.332089 0.265649 0.284509 0.232724  0 0 
4 0.372384 0.283608 0.375163 0.29269 0.329139 0.265105 0.332089 0.265649  0 0 
4 0.375163 0.29269 0.375365 0.293349 0.363424 0.28678 0.329139 0.265105  0 0 
4 0.375365 0.293349 0.375631 0.294221 0.353267 0.285974 0.363424 0.28678  0 0 
4 0.375631 0.294221 0.397296 0.365025 0.35882 0.306707 0.353267 0.285974  0 0 
4 0.397296 0.365025 0.400116 0.374239 0.383314 0.348313 0.35882 0.306707  0 0 
4 0.400116 0.374239 0.402864 0.383222 0.358312 0.401521 0.383314 0.348313  0 0 
4 0.402864 0.383222 0.405479 0.391769 0.393466 0.401917 0.358312 0.401521  0 0 
4 0.405479 0.391769 0.401554 0.409777 0.382104 0.416887 0.393466 0.401917  0 0 
4 0.401554 0.409777 0.398463 0.423959 0.38218 0.434394 0.382104 0.416887  0 0 
4 0.398463 0.423959 0.393262 0.447822 0.378988 0.441753 0.38218 0.434394  0 0 
4 0.393262 0.447822 0.390655 0.45978 0.356575 0.485134 0.378988 0.441753  0 0 
4 0.390655 0.45978 0.387078 0.476189 0.387638 0.468024 0.356575 0.485134  0 0 
4 0.387078 0.476189 0.377895 0.51832 0.378838 0.498175 0.387638 0.468024  0 0 
4 0.377895 0.51832 0.376771 0.52348 0.369362 0.527082 0.378838 0.498175  0 0 
4 0.376771 0.52348 0.373563 0.538196 0.349237 0.54045 0.369362 0.527082  0 0 
4 0.373563 0.538196 0.360765 0.596911 0.357052 0.565966 0.349237 0.54045  0 0 
4 0.360765 0.596911 0.349751 0.647445 0.345107 0.648762 0.357052 0.565966  0 0 
4 0.349751 0.647445 0.34331 0.676993 0.33453 0.681782 0.345107 0.648762  0 0 
4 0.34331 0.676993 0.340092 0.691755 0.336963 0.691553 0.33453 0.681782  0 0 
4 0.340092 0.691755 0.32626 0.755217 0.313016 0.786191 0.336963 0.691553  0 0 
4 0.32626 0.755217 0.307586 0.840892 0.301033 0.80073 0.313016 0.786191  0 0 
4 0.307586 0.840892 0.290506 0.919252 0.275257 0.884937 0.301033 0.80073  0 0 
4 0.290506 0.919252 0.272906 1 0.262636 1 0.275257 0.884937  0 0 
4 0.256068 0 0.27878 0.0186887 0.243145 0.0141338 0.230137 0  0 0 
4 0.27878 0.0186887 0.264581 0.0346192 0.258603 0.0309286 0.243145 0.0141338  0 0 
4 0.264581 0.0346192 0.286962 0.0627473 0.231423 0.0785525 0.258603 0.0309286  0 0 
4 0.286962 0.0627473 0.231392 0.092553 0.22186 0.095308 0.231423 0.0785525  0 0 
4 0.231392 0.092553 0.283103 0.0900012 0.220815 0.112694 0.22186 0.095308  0 0 
4 0.283103 0.0900012 0.285329 0.139851 0.219084 0.141471 0.220815 0.112694  0 0 
4 0.285329 0.139851 0.315806 0.205223 0.235321 0.170751 0.219084 0.141471  0 0 
4 0.315806 0.205223 0.284509 0.232724 0.263294 0.221194 0.235321 0.170751  0 0 
4 0.284509 0.232724 0.332089 0.265649 0.259822 0.220834 0.263294 0.221194  0 0 
4 0.332089 0.265649 0.329139 0.265105 0.254328 0.220266 0.259822 0.220834  0 0 
4 0.329139 0.265105 0.363424 0.28678 0.320712 0.265811 0.254328 0.220266  0 0 
4 0.363424 0.28678 0.353267 0.285974 0.34642 0.283449 0.320712 0.265811  0 0 
4 0.353267 0.285974 0.35882 0.306707 0.349224 0.290641 0.34642 0.283449  0 0 
4 0.35882 0.306707 0.383314 0.348313 0.35418 0.303355 0.349224 0.290641  0 0 
4 0.383314 0.348313 0.358312 0.401521 0.340867 0.403221 0.35418 0.303355  0 0 
4 0.358312 0.401521 0.393466 0.401917 0.334388 0.451822 0.340867 0.403221  0 0 
4 0.393466 0.401917 0.382104 0.416887 0.342055 0.451646 0.334388 0.451822  0 0 
4 0.382104 0.416887 0.38218 0.434394 0.355748 0.451332 0.342055 0.451646  0 0 
4 0.38218 0.434394 0.378988 0.441753 0.354595 0.463141 0.355748 0.451332  0 0 
4 0.378988 0.441753 0.356575 0.485134 0.352123 0.488446 0.354595 0.463141  0 0 
4 0.356575 0.485134 0.387638 0.468024 0.375136 0.47665 0.352123 0.488446  0 0 
4 0.387638 0.468024 0.378838 0.498175 0.379961 0.474177 0.375136 0.47665  0 0 
4 0.378838 0.498175 0.369362 0.527082 0.362278 0.506244 0.379961 0.474177  0 0 
4 0.369362 0.527082 0.349237 0.54045 0.343103 0.541019 0.362278 0.506244  0 0 
4 0.349237 0.54045 0.357052 0.565966 0.317974 0.629409 0.343103 0.541019  0 0 
4 0.357052 0.565966 0.345107 0.648762 0.30961 0.658831 0.317974 0.629409  0 0 
4 0.345107 0.648762 0.33453 0.681782 0.317209 0.670262 0.30961 0.658831  0 0 
4 0.33453 0.681782 0.336963 0.691553 0.331112 0.691174 0.317209 0.670262  0 0 
4 0.336963 0.691553 0.313016 0.786191 0.311893 0.721983 0.331112 0.691174  0 0 
4 0.313016 0.786191 0.301033 0.80073 0.293099 0.75211 0.311893 0.721983  0 0 
4 0.301033 0.80073 0.275257 0.884937 0.264113 0.870552 0.293099 0.75211  0 0 
4 0.275257 0.884937 0.262636 1 0.232433 1 0.264113 0.870552  0 0 
4 0.230137 0 0.243145 0.0141338 0.200089 0.00719897 0.2197 0  0 0 
4 0.243145 0.0141338 0.258603 0.0309286 0.233016 0.0239894 0.200089 0.00719897  0 0 
4 0.258603 0.0309286 0.231423 0.0785525 0.237141 0.0443724 0.233016 0.0239894  0 0 
4 0.231423 0.0785525 0.22186 0.095308 0.15168 0.115592 0.237141 0.0443724  0 0 
4 0.22186 0.095308 0.220815 0.112694 0.182406 0.132619 0.15168 0.115592  0 0 
4 0.220815 0.112694 0.219084 0.141471 0.203626 0.140529 0.182406 0.132619  0 0 
4 0.219084 0.141471 0.235321 0.170751 0.247608 0.203688 0.203626 0.140529  0 0 
4 0.235321 0.170751 0.263294 0.221194 0.243967 0.21069 0.247608 0.203688  0 0 
4 0.263294 0.221194 0.259822 0.220834 0.245522 0.215331 0.243967 0.21069  0 0 
4 0.259822 0.220834 0.254328 0.220266 0.242953 0.232517 0.245522 0.215331  0 0 
4 0.254328 0.220266 0.320712 0.265811 0.267101 0.251422 0.242953 0.232517  0 0 
4 0.320712 0.265811 0.34642 0.283449 0.324657 0.275424 0.267101 0.251422  0 0 
4 0.34642 0.283449 0.349224 0.290641 0.31127 0.283406 0.324657 0.275424  0 0 
4 0.349224 0.290641 0.35418 0.303355 0.30048 0.313294 0.31127 0.283406  0 0 
4 0.35418 0.303355 0.340867 0.403221 0.329213 0.408889 0.30048 0.313294  0 0 
4 0.340867 0.403221 0.334388 0.451822 0.332427 0.453478 0.329213 0.408889  0 0 
4 0.334388 0.451822 0.342055 0.451646 0.32429 0.468567 0.332427 0.453478  0 0 
4 0.342055 0.451646 0.355748 0.451332 0.335113 0.471244 0.32429 0.468567  0 0 
4 0.355748 0.451332 0.354595 0.463141 0.33042 0.497203 0.335113 0.471244  0 0 
4 0.354595 0.463141 0.352123 0.488446 0.328071 0.506341 0.33042 0.497203  0 0 
4 0.352123 0.488446 0.375136 0.47665 0.359941 0.489493 0.328071 0.506341  0 0 
4 0.375136 0.47665 0.379961 0.474177 0.355081 0.505441 0.359941 0.489493  0 0 
4 0.379961 0.474177 0.362278 0.506244 0.345589 0.531547 0.355081 0.505441  0 0 
4 0.362278 0.506244 0.343103 0.541019 0.341818 0.541138 0.345589 0.531547  0 0 
4 0.343103 0.541019 0.317974 0.629409 0.318307 0.600233 0.341818 0.541138  0 0 
4 0.317974 0.629409 0.30961 0.658831 0.313155 0.617851 0.318307 0.600233  0 0 
4 0.30961 0.658831 0.317209 0.670262 0.281612 0.67752 0.313155 0.617851  0 0 
4 0.317209 0.670262 0.331112 0.691174 0.284517 0.688161 0.281612 0.67752  0 0 
4 0.331112 0.691174 0.311893 0.721983 0.285688 0.744186 0.284517 0.688161  0 0 
4 0.311893 0.721983 0.293099 0.75211 0.227308 0.819632 0.285688 0.744186  0 0 
4 0.293099 0.75211 0.264113 0.870552 0.241461 0.870828 0.227308 0.819632  0 0 
4 0.264113 0.870552 0.232433 1 0.169483 1 0.241461 0.870828  0 0 
4 0.2197 0 0.200089 0.00719897 0.19371 0.00952326 0.198128 0  0 0 
4 0.200089 0.00719897 0.233016 0.0239894 0.192142 0.0129043 0.19371 0.00952326  0 0 
4 0.233016 0.0239894 0.237141 0.0443724 0.17049 0.0595759 0.192142 0.0129043  0 0 
4 0.237141 0.0443724 0.15168 0.115592 0.143391 0.117988 0.17049 0.0595759  0 0 
4 0.15168 0.115592 0.182406 0.132619 0.148522 0.123582 0.143391 0.117988  0 0 
4 0.182406 0.132619 0.203626 0.140529 0.161723 0.137976 0.148522 0.123582  0 0 
4 0.203626 0.140529 0.247608 0.203688 0.193394 0.172508 0.161723 0.137976  0 0 
4 0.247608 0.203688 0.243967 0.21069 0.212955 0.193835 0.193394 0.172508  0 0 
4 0.243967 0.21069 0.245522 0.215331 0.221631 0.206425 0.212955 0.193835  0 0 
4 0.245522 0.215331 0.242953 0.232517 0.241036 0.234581 0.221631 0.206425  0 0 
4 0.242953 0.232517 0.267101 0.251422 0.249025 0.246173 0.241036 0.234581  0 0 
4 0.267101 0.251422 0.324657 0.275424 0.250282 0.247998 0.249025 0.246173  0 0 
4 0.324657 0.275424 0.31127 0.283406 0.264681 0.296257 0.250282 0.247998  0 0 
4 0.31127 0.283406 0.30048 0.313294 0.271372 0.318681 0.264681 0.296257  0 0 
4 0.30048 0.313294 0.329213 0.408889 0.276252 0.335038 0.271372 0.318681  0 0 
4 0.329213 0.408889 0.332427 0.453478 0.315785 0.467536 0.276252 0.335038  0 0 
4 0.332427 0.453478 0.32429 0.468567 0.31631 0.470089 0.315785 0.467536  0 0 
4 0.32429 0.468567 0.335113 0.471244 0.319618 0.486195 0.31631 0.470089  0 0 
4 0.335113 0.471244 0.33042 0.497203 0.323801 0.506559 0.319618 0.486195  0 0 
4 0.33042 0.497203 0.328071 0.506341 0.324328 0.509125 0.323801 0.506559  0 0 
4 0.328071 0.506341 0.359941 0.489493 0.327586 0.516376 0.324328 0.509125  0 0 
4 0.359941 0.489493 0.355081 0.505441 0.334368 0.531468 0.327586 0.516376  0 0 
4 0.355081 0.505441 0.345589 0.531547 0.335396 0.533755 0.334368 0.531468  0 0 
4 0.345589 0.531547 0.341818 0.541138 0.338838 0.541414 0.335396 0.533755  0 0 
4 0.341818 0.541138 0.318307 0.600233 0.328089 0.560528 0.338838 0.541414  0 0 
4 0.318307 0.600233 0.313155 0.617851 0.316301 0.58149 0.328089 0.560528  0 0 
4 0.313155 0.617851 0.281612 0.67752 0.275437 0.65416 0.316301 0.58149  0 0 
4 0.281612 0.67752 0.284517 0.688161 0.257307 0.686401 0.275437 0.65416  0 0 
4 0.284517 0.688161 0.285688 0.744186 0.21743 0.793565 0.257307 0.686401  0 0 
4 0.285688 0.744186 0.227308 0.819632 0.195633 0.85214 0.21743 0.793565  0 0 
4 0.227308 0.819632 0.241461 0.870828 0.184497 0.882067 0.195633 0.85214  0 0 
4 0.241461 0.870828 0.169483 1 0.140612 1 0.184497 0.882067  0 0 
4 0.198128 0 0.19371 0.00952326 0.187774 0.00315705 0.180057 0  0 0 
4 0.19371 0.00952326 0.192142 0.0129043 0.148965 0.0206151 0.187774 0.00315705  0 0 
4 0.192142 0.0129043 0.17049 0.0595759 0.139321 0.0811806 0.148965 0.0206151  0 0 
4 0.17049 0.0595759 0.143391 0.117988 0.128212 0.10748 0.139321 0.0811806  0 0 
4 0.143391 0.117988 0.148522 0.123582 0.153229 0.130732 0.128212 0.10748  0 0 
4 0.148522 0.123582 0.161723 0.137976 0.160497 0.144129 0.153229 0.130732  0 0 
4 0.161723 0.137976 0.193394 0.172508 0.168119 0.159343 0.160497 0.144129  0 0 
4 0.193394 0.172508 0.212955 0.193835 0.136158 0.152098 0.168119 0.159343  0 0 
4 0.212955 0.193835 0.221631 0.206425 0.162128 0.219366 0.136158 0.152098  0 0 
4 0.221631 0.206425 0.241036 0.234581 0.190642 0.260994 0.162128 0.219366  0 0 
4 0.241036 0.234581 0.249025 0.246173 0.227013 0.247242 0.190642 0.260994  0 0 
4 0.249025 0.246173 0.250282 0.247998 0.180146 0.350224 0.227013 0.247242  0 0 
4 0.250282 0.247998 0.264681 0.296257 0.21466 0.381771 0.180146 0.350224  0 0 
4 0.264681 0.296257 0.271372 0.318681 0.218143 0.442686 0.21466 0.381771  0 0 
4 0.271372 0.318681 0.276252 0.335038 0.269791 0.414761 0.218143 0.442686  0 0 
4 0.276252 0.335038 0.315785 0.467536 0.234388 0.536295 0.269791 0.414761  0 0 
4 0.315785 0.467536 0.31631 0.470089 0.199304 0.578419 0.234388 0.536295  0 0 
4 0.31631 0.470089 0.319618 0.486195 0.232609 0.556081 0.199304 0.578419  0 0 
4 0.319618 0.486195 0.323801 0.506559 0.255036 0.549271 0.232609 0.556081  0 0 
4 0.323801 0.506559 0.324328 0.509125 0.191156 0.596534 0.255036 0.549271  0 0 
4 0.324328 0.509125 0.327586 0.516376 0.308237 0.522962 0.191156 0.596534  0 0 
4 0.327586 0.516376 0.334368 0.531468 0.329228 0.530204 0.308237 0.522962  0 0 
4 0.334368 0.531468 0.335396 0.533755 0.321191 0.540234 0.329228 0.530204  0 0 
4 0.335396 0.533755 0.338838 0.541414 0.322866 0.542894 0.321191 0.540234  0 0 
4 0.338838 0.541414 0.328089 0.560528 0.314508 0.569143 0.322866 0.542894  0 0 
4 0.328089 0.560528 0.316301 0.58149 0.314417 0.581932 0.314508 0.569143  0 0 
4 0.316301 0.58149 0.275437 0.65416 0.300083 0.60395 0.314417 0.581932  0 0 
4 0.275437 0.65416 0.257307 0.686401 0.25371 0.685235 0.300083 0.60395  0 0 
4 0.257307 0.686401 0.21743 0.793565 0.195593 0.842741 0.25371 0.685235  0 0 
4 0.21743 0.793565 0.195633 0.85214 0.153506 0.9115 0.195593 0.842741  0 0 
4 0.195633 0.85214 0.184497 0.882067 0.155085 0.939337 0.153506 0.9115  0 0 
4 0.184497 0.882067 0.140612 1 0.136738 1 0.155085 0.939337  0 0 
4 0.180057 0 0.187774 0.00315705 0.166124 0.00731567 0.177723 0  0 0 
4 0.187774 0.00315705 0.148965 0.0206151 0.143487 0.0215935 0.166124 0.00731567  0 0 
4 0.148965 0.0206151 0.139321 0.0811806 0.122119 0.0602948 0.143487 0.0215935  0 0 
4 0.139321 0.0811806 0.128212 0.10748 0.104956 0.0913816 0.122119 0.0602948  0 0 
4 0.128212 0.10748 0.153229 0.130732 0.119914 0.106569 0.104956 0.0913816  0 0 
4 0.153229 0.130732 0.160497 0.144129 0.159893 0.147161 0.119914 0.106569  0 0 
4 0.160497 0.144129 0.168119 0.159343 0.127753 0.138094 0.159893 0.147161  0 0 
4 0.168119 0.159343 0.136158 0.152098 0.091649 0.127908 0.127753 0.138094  0 0 
4 0.136158 0.152098 0.162128 0.219366 0.16133 0.241925 0.091649 0.127908  0 0 
4 0.162128 0.219366 0.190642 0.260994 0.177268 0.268003 0.16133 0.241925  0 0 
4 0.190642 0.260994 0.227013 0.247242 0.159684 0.315228 0.177268 0.268003  0 0 
4 0.227013 0.247242 0.180146 0.350224 0.106899 0.456984 0.159684 0.315228  0 0 
4 0.180146 0.350224 0.21466 0.381771 0.165008 0.477998 0.106899 0.456984  0 0 
4 0.21466 0.381771 0.218143 0.442686 0.197882 0.489887 0.165008 0.477998  0 0 
4 0.218143 0.442686 0.269791 0.414761 0.19794 0.506246 0.197882 0.489887  0 0 
4 0.269791 0.414761 0.234388 0.536295 0.198157 0.566901 0.19794 0.506246  0 0 
4 0.234388 0.536295 0.199304 0.578419 0.192409 0.576986 0.198157 0.566901  0 0 
4 0.199304 0.578419 0.232609 0.556081 0.180443 0.597981 0.192409 0.576986  0 0 
4 0.232609 0.556081 0.255036 0.549271 0.176815 0.603122 0.180443 0.597981  0 0 
4 0.255036 0.549271 0.191156 0.596534 0.1731 0.608385 0.176815 0.603122  0 0 
4 0.191156 0.596534 0.308237 0.522962 0.219372 0.579777 0.1731 0.608385  0 0 
4 0.308237 0.522962 0.329228 0.530204 0.307999 0.524982 0.219372 0.579777  0 0 
4 0.329228 0.530204 0.321191 0.540234 0.314603 0.535228 0.307999 0.524982  0 0 
4 0.321191 0.540234 0.322866 0.542894 0.319732 0.543185 0.314603 0.535228  0 0 
4 0.322866 0.542894 0.314508 0.569143 0.316396 0.550706 0.319732 0.543185  0 0 
4 0.314508 0.569143 0.314417 0.581932 0.301169 0.585032 0.316396 0.550706  0 0 
4 0.314417 0.581932 0.300083 0.60395 0.274932 0.629391 0.301169 0.585032  0 0 
4 0.300083 0.60395 0.25371 0.685235 0.243802 0.682024 0.274932 0.629391  0 0 
4 0.25371 0.685235 0.195593 0.842741 0.218883 0.743886 0.243802 0.682024  0 0 
4 0.195593 0.842741 0.153506 0.9115 0.148558 0.918472 0.218883 0.743886  0 0 
4 0.153506 0.9115 0.155085 0.939337 0.13133 0.989929 0.148558 0.918472  0 0 
4 0.155085 0.939337 0.136738 1 0.128901 1 0.13133 0.989929  0 0 
4 0.177723 0 0.166124 0.00731567 0.135901 0.00324748 0.15324 0  0 0 
4 0.166124 0.00731567 0.143487 0.0215935 0.120685 0.0290739 0.135901 0.00324748  0 0 
4 0.143487 0.0215935 0.122119 0.0602948 0.110797 0.0637493 0.120685 0.0290739  0 0 
4 0.122119 0.0602948 0.104956 0.0913816 0.0895557 0.0807214 0.110797 0.0637493  0 0 
4 0.104956 0.0913816 0.119914 0.106569 0.108406 0.0991925 0.0895557 0.0807214  0 0 
4 0.119914 0.106569 0.159893 0.147161 0.126994 0.128834 0.108406 0.0991925  0 0 
4 0.159893 0.147161 0.127753 0.138094 0.0973677 0.120166 0.126994 0.128834  0 0 
4 0.127753 0.138094 0.091649 0.127908 0.0784671 0.120744 0.0973677 0.120166  0 0 
4 0.091649 0.127908 0.16133 0.241925 0.0944159 0.291881 0.0784671 0.120744  0 0 
4 0.16133 0.241925 0.177268 0.268003 0.163695 0.286548 0.0944159 0.291881  0 0 
4 0.177268 0.268003 0.159684 0.315228 0.115268 0.36963 0.163695 0.286548  0 0 
4 0.159684 0.315228 0.106899 0.456984 0.105162 0.459516 0.115268 0.36963  0 0 
4 0.106899 0.456984 0.165008 0.477998 0.116521 0.465156 0.105162 0.459516  0 0 
4 0.165008 0.477998 0.197882 0.489887 0.124526 0.556446 0.116521 0.465156  0 0 
4 0.197882 0.489887 0.19794 0.506246 0.136478 0.566572 0.124526 0.556446  0 0 
4 0.19794 0.506246 0.198157 0.566901 0.149757 0.607786 0.136478 0.566572  0 0 
4 0.198157 0.566901 0.192409 0.576986 0.128488 0.632052 0.149757 0.607786  0 0 
4 0.192409 0.576986 0.180443 0.597981 0.13532 0.629667 0.128488 0.632052  0 0 
4 0.180443 0.597981 0.176815 0.603122 0.171877 0.607984 0.13532 0.629667  0 0 
4 0.176815 0.603122 0.1731 0.608385 0.166078 0.612995 0.171877 0.607984  0 0 
4 0.1731 0.608385 0.219372 0.579777 0.169861 0.611542 0.166078 0.612995  0 0 
4 0.219372 0.579777 0.307999 0.524982 0.236071 0.572231 0.169861 0.611542  0 0 
4 0.307999 0.524982 0.314603 0.535228 0.292944 0.542715 0.236071 0.572231  0 0 
4 0.314603 0.535228 0.319732 0.543185 0.303436 0.544695 0.292944 0.542715  0 0 
4 0.319732 0.543185 0.316396 0.550706 0.2982 0.554557 0.303436 0.544695  0 0 
4 0.316396 0.550706 0.301169 0.585032 0.29434 0.581276 0.2982 0.554557  0 0 
4 0.301169 0.585032 0.274932 0.629391 0.246587 0.668079 0.29434 0.581276  0 0 
4 0.274932 0.629391 0.243802 0.682024 0.241963 0.681428 0.246587 0.668079  0 0 
4 0.243802 0.682024 0.218883 0.743886 0.208578 0.761921 0.241963 0.681428  0 0 
4 0.218883 0.743886 0.148558 0.918472 0.181804 0.829936 0.208578 0.761921  0 0 
4 0.148558 0.918472 0.13133 0.989929 0.145857 0.918276 0.181804 0.829936  0 0 
4 0.13133 0.989929 0.128901 1 0.115432 1 0.145857 0.918276  0 0 
4 0.15324 0 0.135901 0.00324748 0.114223 0.0271539 0.12858 0  0 0 
4 0.135901 0.00324748 0.120685 0.0290739 0.111639 0.0320414 0.114223 0.0271539  0 0 
4 0.120685 0.0290739 0.110797 0.0637493 0.0907528 0.0715448 0.111639 0.0320414  0 0 
4 0.110797 0.0637493 0.0895557 0.0807214 0.0868802 0.0788693 0.0907528 0.0715448  0 0 
4 0.0895557 0.0807214 0.108406 0.0991925 0.0778883 0.0958763 0.0868802 0.0788693  0 0 
4 0.108406 0.0991925 0.126994 0.128834 0.0756007 0.100203 0.0778883 0.0958763  0 0 
4 0.126994 0.128834 0.0973677 0.120166 0.0702617 0.110301 0.0756007 0.100203  0 0 
4 0.0973677 0.120166 0.0784671 0.120744 0.0678041 0.114949 0.0702617 0.110301  0 0 
4 0.0784671 0.120744 0.0944159 0.291881 0.0726857 0.194201 0.0678041 0.114949  0 0 
4 0.0944159 0.291881 0.163695 0.286548 0.0849972 0.394075 0.0726857 0.194201  0 0 
4 0.163695 0.286548 0.115268 0.36963 0.088199 0.446057 0.0849972 0.394075  0 0 
4 0.115268 0.36963 0.105162 0.459516 0.0903573 0.481095 0.088199 0.446057  0 0 
4 0.105162 0.459516 0.116521 0.465156 0.0947624 0.552611 0.0903573 0.481095  0 0 
4 0.116521 0.465156 0.124526 0.556446 0.0965615 0.581819 0.0947624 0.552611  0 0 
4 0.124526 0.556446 0.136478 0.566572 0.0981781 0.608065 0.0965615 0.581819  0 0 
4 0.136478 0.566572 0.149757 0.607786 0.100713 0.649215 0.0981781 0.608065  0 0 
4 0.149757 0.607786 0.128488 0.632052 0.108417 0.6451 0.100713 0.649215  0 0 
4 0.128488 0.632052 0.13532 0.629667 0.128984 0.634116 0.108417 0.6451  0 0 
4 0.13532 0.629667 0.171877 0.607984 0.135848 0.63045 0.128984 0.634116  0 0 
4 0.171877 0.607984 0.166078 0.612995 0.155359 0.62003 0.135848 0.63045  0 0 
4 0.166078 0.612995 0.169861 0.611542 0.17264 0.610801 0.155359 0.62003  0 0 
4 0.169861 0.611542 0.236071 0.572231 0.197853 0.597336 0.17264 0.610801  0 0 
4 0.236071 0.572231 0.292944 0.542715 0.239355 0.575171 0.197853 0.597336  0 0 
4 0.292944 0.542715 0.303436 0.544695 0.294946 0.545482 0.239355 0.575171  0 0 
4 0.303436 0.544695 0.2982 0.554557 0.284894 0.570518 0.294946 0.545482  0 0 
4 0.2982 0.554557 0.29434 0.581276 0.283065 0.575074 0.284894 0.570518  0 0 
4 0.29434 0.581276 0.246587 0.668079 0.25497 0.645048 0.283065 0.575074  0 0 
4 0.246587 0.668079 0.241963 0.681428 0.240547 0.680969 0.25497 0.645048  0 0 
4 0.241963 0.681428 0.208578 0.761921 0.208016 0.761994 0.240547 0.680969  0 0 
4 0.208578 0.761921 0.181804 0.829936 0.197214 0.788897 0.208016 0.761994  0 0 
4 0.181804 0.829936 0.145857 0.918276 0.124315 0.970461 0.197214 0.788897  0 0 
4 0.145857 0.918276 0.115432 1 0.112455 1 0.124315 0.970461  0 0 
4 0.12858 0 0.114223 0.0271539 0.116429 0.0089045 0.0958191 0  0 0 
4 0.114223 0.0271539 0.111639 0.0320414 0.0818263 0.0193304 0.116429 0.0089045  0 0 
4 0.111639 0.0320414 0.0907528 0.0715448 0.0850032 0.0590374 0.0818263 0.0193304  0 0 
4 0.0907528 0.0715448 0.0868802 0.0788693 0.0767349 0.084139 0.0850032 0.0590374  0 0 
4 0.0868802 0.0788693 0.0778883 0.0958763 0.0678207 0.0925455 0.0767349 0.084139  0 0 
4 0.0778883 0.0958763 0.0756007 0.100203 0.0633699 0.116832 0.0678207 0.0925455  0 0 
4 0.0756007 0.100203 0.0702617 0.110301 0.0649889 0.116096 0.0633699 0.116832  0 0 
4 0.0702617 0.110301 0.0678041 0.114949 0.0668063 0.118599 0.0649889 0.116096  0 0 
4 0.0678041 0.114949 0.0726857 0.194201 0.0691889 0.299817 0.0668063 0.118599  0 0 
4 0.0726857 0.194201 0.0849972 0.394075 0.0554099 0.435467 0.0691889 0.299817  0 0 
4 0.0849972 0.394075 0.088199 0.446057 0.0815464 0.462517 0.0554099 0.435467  0 0 
4 0.088199 0.446057 0.0903573 0.481095 0.0856111 0.484204 0.0815464 0.462517  0 0 
4 0.0903573 0.481095 0.0947624 0.552611 0.0671292 0.508032 0.0856111 0.484204  0 0 
4 0.0947624 0.552611 0.0965615 0.581819 0.0848761 0.569697 0.0671292 0.508032  0 0 
4 0.0965615 0.581819 0.0981781 0.608065 0.0796526 0.579468 0.0848761 0.569697  0 0 
4 0.0981781 0.608065 0.100713 0.649215 0.0969389 0.652403 0.0796526 0.579468  0 0 
4 0.100713 0.649215 0.108417 0.6451 0.128341 0.636718 0.0969389 0.652403  0 0 
4 0.108417 0.6451 0.128984 0.634116 0.142765 0.628081 0.128341 0.636718  0 0 
4 0.128984 0.634116 0.135848 0.63045 0.164132 0.616897 0.142765 0.628081  0 0 
4 0.135848 0.63045 0.155359 0.62003 0.159728 0.618352 0.164132 0.616897  0 0 
4 0.155359 0.62003 0.17264 0.610801 0.199521 0.597486 0.159728 0.618352  0 0 
4 0.17264 0.610801 0.197853 0.597336 0.224162 0.583743 0.199521 0.597486  0 0 
4 0.197853 0.597336 0.239355 0.575171 0.283299 0.55225 0.224162 0.583743  0 0 
4 0.239355 0.575171 0.294946 0.545482 0.27919 0.55707 0.283299 0.55225  0 0 
4 0.294946 0.545482 0.284894 0.570518 0.263776 0.585463 0.27919 0.55707  0 0 
4 0.284894 0.570518 0.283065 0.575074 0.235251 0.672026 0.263776 0.585463  0 0 
4 0.283065 0.575074 0.25497 0.645048 0.221616 0.706867 0.235251 0.672026  0 0 
4 0.25497 0.645048 0.240547 0.680969 0.191065 0.754932 0.221616 0.706867  0 0 
4 0.240547 0.680969 0.208016 0.761994 0.19198 0.787893 0.191065 0.754932  0 0 
4 0.208016 0.761994 0.197214 0.788897 0.170888 0.837686 0.19198 0.787893  0 0 
4 0.197214 0.788897 0.124315 0.970461 0.149119 0.894751 0.170888 0.837686  0 0 
4 0.124315 0.970461 0.112455 1 0.0867819 1 0.149119 0.894751  0 0 
4 0.0958191 0 0.116429 0.0089045 0.0712066 0.00459945 0.078222 0  0 0 
4 0.116429 0.0089045 0.0818263 0.0193304 0.0617765 0.010782 0.0712066 0.00459945  0 0 
4 0.0818263 0.0193304 0.0850032 0.0590374 0.0619666 0.0261237 0.0617765 0.010782  0 0 
4 0.0850032 0.0590374 0.0767349 0.084139 0.0627753 0.0913898 0.0619666 0.0261237  0 0 
4 0.0767349 0.084139 0.0678207 0.0925455 0.060929 0.112837 0.0627753 0.0913898  0 0 
4 0.0678207 0.0925455 0.0633699 0.116832 0.0602159 0.12112 0.060929 0.112837  0 0 
4 0.0633699 0.116832 0.0649889 0.116096 0.0624026 0.131954 0.0602159 0.12112  0 0 
4 0.0649889 0.116096 0.0668063 0.118599 0.0627224 0.133538 0.0624026 0.131954  0 0 
4 0.0668063 0.118599 0.0691889 0.299817 0.0490469 0.310752 0.0627224 0.133538  0 0 
4 0.0691889 0.299817 0.0554099 0.435467 0.0374879 0.460539 0.0490469 0.310752  0 0 
4 0.0554099 0.435467 0.0815464 0.462517 0.0501108 0.477363 0.0374879 0.460539  0 0 
4 0.0815464 0.462517 0.0856111 0.484204 0.065248 0.497539 0.0501108 0.477363  0 0 
4 0.0856111 0.484204 0.0671292 0.508032 0.0553435 0.515831 0.065248 0.497539  0 0 
4 0.0671292 0.508032 0.0848761 0.569697 0.0472889 0.530706 0.0553435 0.515831  0 0 
4 0.0848761 0.569697 0.0796526 0.579468 0.0564036 0.555537 0.0472889 0.530706  0 0 
4 0.0796526 0.579468 0.0969389 0.652403 0.0931392 0.655612 0.0564036 0.555537  0 0 
4 0.0969389 0.652403 0.128341 0.636718 0.102942 0.650668 0.0931392 0.655612  0 0 
4 0.128341 0.636718 0.142765 0.628081 0.180439 0.611582 0.102942 0.650668  0 0 
4 0.142765 0.628081 0.164132 0.616897 0.169165 0.615087 0.180439 0.611582  0 0 
4 0.164132 0.616897 0.159728 0.618352 0.164237 0.61662 0.169165 0.615087  0 0 
4 0.159728 0.618352 0.199521 0.597486 0.202788 0.595952 0.164237 0.61662  0 0 
4 0.199521 0.597486 0.224162 0.583743 0.262578 0.563896 0.202788 0.595952  0 0 
4 0.224162 0.583743 0.283299 0.55225 0.243624 0.580339 0.262578 0.563896  0 0 
4 0.283299 0.55225 0.27919 0.55707 0.221752 0.599313 0.243624 0.580339  0 0 
4 0.27919 0.55707 0.263776 0.585463 0.22596 0.672309 0.221752 0.599313  0 0 
4 0.263776 0.585463 0.235251 0.672026 0.226918 0.688923 0.22596 0.672309  0 0 
4 0.235251 0.672026 0.221616 0.706867 0.176356 0.772944 0.226918 0.688923  0 0 
4 0.221616 0.706867 0.191065 0.754932 0.152568 0.812475 0.176356 0.772944  0 0 
4 0.191065 0.754932 0.19198 0.787893 0.162592 0.843844 0.152568 0.812475  0 0 
4 0.19198 0.787893 0.170888 0.837686 0.164442 0.849633 0.162592 0.843844  0 0 
4 0.170888 0.837686 0.149119 0.894751 0.107107 0.95642 0.164442 0.849633  0 0 
4 0.149119 0.894751 0.0867819 1 0.0837087 1 0.107107 0.95642  0 0 
4 0.078222 0 0.0712066 0.00459945 0.0552611 0.0120567 0.0649786 0  0 0 
4 0.0712066 0.00459945 0.0617765 0.010782 0.0591894 0.0170998 0.0552611 0.0120567  0 0 
4 0.0617765 0.010782 0.0619666 0.0261237 0.0592246 0.0823522 0.0591894 0.0170998  0 0 
4 0.0619666 0.0261237 0.0627753 0.0913898 0.059831 0.092919 0.0592246 0.0823522  0 0 
4 0.0627753 0.0913898 0.060929 0.112837 0.053837 0.138892 0.059831 0.092919  0 0 
4 0.060929 0.112837 0.0602159 0.12112 0.0454724 0.176511 0.053837 0.138892  0 0 
4 0.0602159 0.12112 0.0624026 0.131954 0.0521468 0.163589 0.0454724 0.176511  0 0 
4 0.0624026 0.131954 0.0627224 0.133538 0.0292477 0.255991 0.0521468 0.163589  0 0 
4 0.0627224 0.133538 0.0490469 0.310752 0.0282604 0.279785 0.0292477 0.255991  0 0 
4 0.0490469 0.310752 0.0374879 0.460539 0.0218111 0.411042 0.0282604 0.279785  0 0 
4 0.0374879 0.460539 0.0501108 0.477363 0.0254156 0.454159 0.0218111 0.411042  0 0 
4 0.0501108 0.477363 0.065248 0.497539 0.0583711 0.502043 0.0254156 0.454159  0 0 
4 0.065248 0.497539 0.0553435 0.515831 0.0367344 0.529477 0.0583711 0.502043  0 0 
4 0.0553435 0.515831 0.0472889 0.530706 0.0489238 0.580598 0.0367344 0.529477  0 0 
4 0.0472889 0.530706 0.0564036 0.555537 0.0755139 0.614778 0.0489238 0.580598  0 0 
4 0.0564036 0.555537 0.0931392 0.655612 0.0910149 0.657407 0.0755139 0.614778  0 0 
4 0.0931392 0.655612 0.102942 0.650668 0.154716 0.625238 0.0910149 0.657407  0 0 
4 0.102942 0.650668 0.180439 0.611582 0.178781 0.612989 0.154716 0.625238  0 0 
4 0.180439 0.611582 0.169165 0.615087 0.197008 0.604349 0.178781 0.612989  0 0 
4 0.169165 0.615087 0.164237 0.61662 0.203183 0.601661 0.197008 0.604349  0 0 
4 0.164237 0.61662 0.202788 0.595952 0.231426 0.586148 0.203183 0.601661  0 0 
4 0.202788 0.595952 0.262578 0.563896 0.252965 0.571514 0.231426 0.586148  0 0 
4 0.262578 0.563896 0.243624 0.580339 0.21803 0.600888 0.252965 0.571514  0 0 
4 0.243624 0.580339 0.221752 0.599313 0.207979 0.609443 0.21803 0.600888  0 0 
4 0.221752 0.599313 0.22596 0.672309 0.20196 0.676824 0.207979 0.609443  0 0 
4 0.22596 0.672309 0.226918 0.688923 0.215472 0.696618 0.20196 0.676824  0 0 
4 0.226918 0.688923 0.176356 0.772944 0.191256 0.725131 0.215472 0.696618  0 0 
4 0.176356 0.772944 0.152568 0.812475 0.119046 0.862581 0.191256 0.725131  0 0 
4 0.152568 0.812475 0.162592 0.843844 0.123314 0.868527 0.119046 0.862581  0 0 
4 0.162592 0.843844 0.164442 0.849633 0.155833 0.856752 0.123314 0.868527  0 0 
4 0.164442 0.849633 0.107107 0.95642 0.0932191 0.970981 0.155833 0.856752  0 0 
4 0.107107 0.95642 0.0837087 1 0.0671436 1 0.0932191 0.970981  0 0 
4 0.0649786 0 0.0552611 0.0120567 0.0498464 0.011352 0.0493328 0  0 0 
4 0.0552611 0.0120567 0.0591894 0.0170998 0.0510102 0.0370741 0.0498464 0.011352  0 0 
4 0.0591894 0.0170998 0.0592246 0.0823522 0.0529959 0.0809641 0.0510102 0.0370741  0 0 
4 0.0592246 0.0823522 0.059831 0.092919 0.0536813 0.0961133 0.0529959 0.0809641  0 0 
4 0.059831 0.092919 0.053837 0.138892 0.0403218 0.175671 0.0536813 0.0961133  0 0 
4 0.053837 0.138892 0.0454724 0.176511 0.0311367 0.230371 0.0403218 0.175671  0 0 
4 0.0454724 0.176511 0.0521468 0.163589 0.0269697 0.255186 0.0311367 0.230371  0 0 
4 0.0521468 0.163589 0.0292477 0.255991 0.0229913 0.278878 0.0269697 0.255186  0 0 
4 0.0292477 0.255991 0.0282604 0.279785 0.0199581 0.365928 0.0229913 0.278878  0 0 
4 0.0282604 0.279785 0.0218111 0.411042 0.0187256 0.401299 0.0199581 0.365928  0 0 
4 0.0218111 0.411042 0.0254156 0.454159 0.0153993 0.496762 0.0187256 0.401299  0 0 
4 0.0254156 0.454159 0.0583711 0.502043 0.0142075 0.530964 0.0153993 0.496762  0 0 
4 0.0583711 0.502043 0.0367344 0.529477 0.0361035 0.567548 0.0142075 0.530964  0 0 
4 0.0367344 0.529477 0.0489238 0.580598 0.049214 0.589453 0.0361035 0.567548  0 0 
4 0.0489238 0.580598 0.0755139 0.614778 0.0563913 0.601445 0.049214 0.589453  0 0 
4 0.0755139 0.614778 0.0910149 0.657407 0.0902647 0.658041 0.0563913 0.601445  0 0 
4 0.0910149 0.657407 0.154716 0.625238 0.100414 0.653104 0.0902647 0.658041  0 0 
4 0.154716 0.625238 0.178781 0.612989 0.173268 0.617669 0.100414 0.653104  0 0 
4 0.178781 0.612989 0.197008 0.604349 0.21248 0.598597 0.173268 0.617669  0 0 
4 0.197008 0.604349 0.203183 0.601661 0.217444 0.596183 0.21248 0.598597  0 0 
4 0.203183 0.601661 0.231426 0.586148 0.215062 0.598826 0.217444 0.596183  0 0 
4 0.231426 0.586148 0.252965 0.571514 0.206465 0.608364 0.215062 0.598826  0 0 
4 0.252965 0.571514 0.21803 0.600888 0.201204 0.614201 0.206465 0.608364  0 0 
4 0.21803 0.600888 0.207979 0.609443 0.200604 0.614867 0.201204 0.614201  0 0 
4 0.207979 0.609443 0.20196 0.676824 0.18625 0.656949 0.200604 0.614867  0 0 
4 0.20196 0.676824 0.215472 0.696618 0.160001 0.733909 0.18625 0.656949  0 0 
4 0.215472 0.696618 0.191256 0.725131 0.152622 0.755545 0.160001 0.733909  0 0 
4 0.191256 0.725131 0.119046 0.862581 0.113065 0.87152 0.152622 0.755545  0 0 
4 0.119046 0.862581 0.123314 0.868527 0.106948 0.886606 0.113065 0.87152  0 0 
4 0.123314 0.868527 0.155833 0.856752 0.100501 0.902503 0.106948 0.886606  0 0 
4 0.155833 0.856752 0.0932191 0.970981 0.0937379 0.91918 0.100501 0.902503  0 0 
4 0.0932191 0.970981 0.0671436 1 0.0609624 1 0.0937379 0.91918  0 0 
4 0.0493328 0 0.0498464 0.011352 0.0424955 0.0119313 0.0438178 0  0 0 
4 0.0498464 0.011352 0.0510102 0.0370741 0.0435894 0.0316229 0.0424955 0.0119313  0 0 
4 0.0510102 0.0370741 0.0529959 0.0809641 0.0304366 0.0461998 0.0435894 0.0316229  0 0 
4 0.0529959 0.0809641 0.0536813 0.0961133 0.0316779 0.121511 0.0304366 0.0461998  0 0 
4 0.0536813 0.0961133 0.0403218 0.175671 0.0248732 0.164904 0.0316779 0.121511  0 0 
4 0.0403218 0.175671 0.0311367 0.230371 0.0246946 0.223222 0.0248732 0.164904  0 0 
4 0.0311367 0.230371 0.0269697 0.255186 0.0199978 0.237936 0.0246946 0.223222  0 0 
4 0.0269697 0.255186 0.0229913 0.278878 0.0169688 0.300908 0.0199978 0.237936  0 0 
4 0.0229913 0.278878 0.0199581 0.365928 0.0112273 0.332976 0.0169688 0.300908  0 0 
4 0.0199581 0.365928 0.0187256 0.401299 0.0124224 0.375989 0.0112273 0.332976  0 0 
4 0.0187256 0.401299 0.0153993 0.496762 0.0107297 0.41294 0.0124224 0.375989  0 0 
4 0.0153993 0.496762 0.0142075 0.530964 0.0116742 0.522544 0.0107297 0.41294  0 0 
4 0.0142075 0.530964 0.0361035 0.567548 0.0325387 0.606599 0.0116742 0.522544  0 0 
4 0.0361035 0.567548 0.049214 0.589453 0.0423083 0.617041 0.0325387 0.606599  0 0 
4 0.049214 0.589453 0.0563913 0.601445 0.0489738 0.681341 0.0423083 0.617041  0 0 
4 0.0563913 0.601445 0.0902647 0.658041 0.0729324 0.672682 0.0489738 0.681341  0 0 
4 0.0902647 0.658041 0.100414 0.653104 0.037879 0.704432 0.0729324 0.672682  0 0 
4 0.100414 0.653104 0.173268 0.617669 0.0649233 0.696312 0.037879 0.704432  0 0 
4 0.173268 0.617669 0.21248 0.598597 0.168627 0.628919 0.0649233 0.696312  0 0 
4 0.21248 0.598597 0.217444 0.596183 0.143265 0.651208 0.168627 0.628919  0 0 
4 0.217444 0.596183 0.215062 0.598826 0.141291 0.653317 0.143265 0.651208  0 0 
4 0.215062 0.598826 0.206465 0.608364 0.159292 0.641749 0.141291 0.653317  0 0 
4 0.206465 0.608364 0.201204 0.614201 0.191852 0.620039 0.159292 0.641749  0 0 
4 0.201204 0.614201 0.200604 0.614867 0.103587 0.686218 0.191852 0.620039  0 0 
4 0.200604 0.614867 0.18625 0.656949 0.108545 0.704619 0.103587 0.686218  0 0 
4 0.18625 0.656949 0.160001 0.733909 0.107308 0.786426 0.108545 0.704619  0 0 
4 0.160001 0.733909 0.152622 0.755545 0.117107 0.7847 0.107308 0.786426  0 0 
4 0.152622 0.755545 0.113065 0.87152 0.0820034 0.873138 0.117107 0.7847  0 0 
4 0.113065 0.87152 0.106948 0.886606 0.0578309 0.903185 0.0820034 0.873138  0 0 
4 0.106948 0.886606 0.100501 0.902503 0.0402352 0.940497 0.0578309 0.903185  0 0 
4 0.100501 0.902503 0.0937379 0.91918 0.0539954 0.976003 0.0402352 0.940497  0 0 
4 0.0937379 0.91918 0.0609624 1 0.0341478 1 0.0539954 0.976003  0 0 
4 0.0438178 0 0.0424955 0.0119313 0.0372359 0.00417067 0.0393018 0  0 0 
4 0.0424955 0.0119313 0.0435894 0.0316229 0.0289606 0.0208769 0.0372359 0.00417067  0 0 
4 0.0435894 0.0316229 0.0304366 0.0461998 0.0235925 0.114006 0.0289606 0.0208769  0 0 
4 0.0304366 0.0461998 0.0316779 0.121511 0.0225527 0.132044 0.0235925 0.114006  0 0 
4 0.0316779 0.121511 0.0248732 0.164904 0.0177296 0.205557 0.0225527 0.132044  0 0 
4 0.0248732 0.164904 0.0246946 0.223222 0.017122 0.214819 0.0177296 0.205557  0 0 
4 0.0246946 0.223222 0.0199978 0.237936 0.0114717 0.26989 0.017122 0.214819  0 0 
4 0.0199978 0.237936 0.0169688 0.300908 0.00307472 0.351734 0.0114717 0.26989  0 0 
4 0.0169688 0.300908 0.0112273 0.332976 0.0052562 0.356852 0.00307472 0.351734  0 0 
4 0.0112273 0.332976 0.0124224 0.375989 0.0110309 0.370401 0.0052562 0.356852  0 0 
4 0.0124224 0.375989 0.0107297 0.41294 0.00594424 0.475168 0.0110309 0.370401  0 0 
4 0.0107297 0.41294 0.0116742 0.522544 0.00475982 0.499563 0.00594424 0.475168  0 0 
4 0.0116742 0.522544 0.0325387 0.606599 0.0121389 0.569147 0.00475982 0.499563  0 0 
4 0.0325387 0.606599 0.0423083 0.617041 0.0246841 0.687448 0.0121389 0.569147  0 0 
4 0.0423083 0.617041 0.0489738 0.681341 0.0169268 0.716968 0.0246841 0.687448  0 0 
4 0.0489738 0.681341 0.0729324 0.672682 0.0159056 0.720854 0.0169268 0.716968  0 0 
4 0.0729324 0.672682 0.037879 0.704432 0.0351785 0.716012 0.0159056 0.720854  0 0 
4 0.037879 0.704432 0.0649233 0.696312 0.0391609 0.715012 0.0351785 0.716012  0 0 
4 0.0649233 0.696312 0.168627 0.628919 0.0405001 0.723026 0.0391609 0.715012  0 0 
4 0.168627 0.628919 0.143265 0.651208 0.0411561 0.726952 0.0405001 0.723026  0 0 
4 0.143265 0.651208 0.141291 0.653317 0.0678546 0.707549 0.0411561 0.726952  0 0 
4 0.141291 0.653317 0.159292 0.641749 0.125044 0.665987 0.0678546 0.707549  0 0 
4 0.159292 0.641749 0.191852 0.620039 0.0986334 0.688021 0.125044 0.665987  0 0 
4 0.191852 0.620039 0.103587 0.686218 0.0800163 0.703554 0.0986334 0.688021  0 0 
4 0.103587 0.686218 0.108545 0.704619 0.0788554 0.759063 0.0800163 0.703554  0 0 
4 0.108545 0.704619 0.107308 0.786426 0.0776653 0.815969 0.0788554 0.759063  0 0 
4 0.107308 0.786426 0.117107 0.7847 0.0565302 0.856426 0.0776653 0.815969  0 0 
4 0.117107 0.7847 0.0820034 0.873138 0.0468429 0.874969 0.0565302 0.856426  0 0 
4 0.0820034 0.873138 0.0578309 0.903185 0.0235681 0.931635 0.0468429 0.874969  0 0 
4 0.0578309 0.903185 0.0402352 0.940497 0.0128323 0.957772 0.0235681 0.931635  0 0 
4 0.0402352 0.940497 0.0539954 0.976003 0.0188116 0.983001 0.0128323 0.957772  0 0 
4 0.0539954 0.976003 0.0341478 1 0.0228404 1 0.0188116 0.983001  0 0 
4 0.0393018 0 0.0372359 0.00417067 0.0186279 0.0192247 0.0341607 0  0 0 
4 0.0372359 0.00417067 0.0289606 0.0208769 0.0128069 0.0637005 0.0186279 0.0192247  0 0 
4 0.0289606 0.0208769 0.0235925 0.114006 0.00539193 0.139806 0.0128069 0.0637005  0 0 
4 0.0235925 0.114006 0.0225527 0.132044 0.0181465 0.13713 0.00539193 0.139806  0 0 
4 0.0225527 0.132044 0.0177296 0.205557 0.00873932 0.168399 0.0181465 0.13713  0 0 
4 0.0177296 0.205557 0.017122 0.214819 0.0100315 0.258662 0.00873932 0.168399  0 0 
4 0.017122 0.214819 0.0114717 0.26989 0.00723208 0.295153 0.0100315 0.258662  0 0 
4 0.0114717 0.26989 0.00307472 0.351734 0.00275253 0.352913 0.00723208 0.295153  0 0 
4 0.00307472 0.351734 0.0052562 0.356852 0.00560456 0.373511 0.00275253 0.352913  0 0 
4 0.0052562 0.356852 0.0110309 0.370401 0.00135897 0.381288 0.00560456 0.373511  0 0 
4 0.0110309 0.370401 0.00594424 0.475168 0.00310112 0.39362 0.00135897 0.381288  0 0 
4 0.00594424 0.475168 0.00475982 0.499563 0.00129101 0.488034 0.00310112 0.39362  0 0 
4 0.00475982 0.499563 0.0121389 0.569147 0.00234543 0.592588 0.00129101 0.488034  0 0 
4 0.0121389 0.569147 0.0246841 0.687448 0.0182358 0.675996 0.00234543 0.592588  0 0 
4 0.0246841 0.687448 0.0169268 0.716968 0.00415717 0.685135 0.0182358 0.675996  0 0 
4 0.0169268 0.716968 0.0159056 0.720854 0.00498786 0.730077 0.00415717 0.685135  0 0 
4 0.0159056 0.720854 0.0351785 0.716012 0.0293171 0.720507 0.00498786 0.730077  0 0 
4 0.0351785 0.716012 0.0391609 0.715012 0.0313107 0.720549 0.0293171 0.720507  0 0 
4 0.0391609 0.715012 0.0405001 0.723026 0.0198213 0.740512 0.0313107 0.720549  0 0 
4 0.0405001 0.723026 0.0411561 0.726952 0.0323949 0.733451 0.0198213 0.740512  0 0 
4 0.0411561 0.726952 0.0678546 0.707549 0.064547 0.710437 0.0323949 0.733451  0 0 
4 0.0678546 0.707549 0.125044 0.665987 0.032533 0.735126 0.064547 0.710437  0 0 
4 0.125044 0.665987 0.0986334 0.688021 0.0617139 0.716138 0.032533 0.735126  0 0 
4 0.0986334 0.688021 0.0800163 0.703554 0.0174735 0.749551 0.0617139 0.716138  0 0 
4 0.0800163 0.703554 0.0788554 0.759063 0.0678137 0.797564 0.0174735 0.749551  0 0 
4 0.0788554 0.759063 0.0776653 0.815969 0.0416514 0.809179 0.0678137 0.797564  0 0 
4 0.0776653 0.815969 0.0565302 0.856426 0.0113228 0.812922 0.0416514 0.809179  0 0 
4 0.0565302 0.856426 0.0468429 0.874969 0.0181535 0.876463 0.0113228 0.812922  0 0 
4 0.0468429 0.874969 0.0235681 0.931635 0.0148196 0.916005 0.0181535 0.876463  0 0 
4 0.0235681 0.931635 0.0128323 0.957772 0.00560122 0.934463 0.0148196 0.916005  0 0 
4 0.0128323 0.957772 0.0188116 0.983001 0.00419868 0.970345 0.00560122 0.934463  0 0 
4 0.0188116 0.983001 0.0228404 1 0.00297548 1 0.00419868 0.970345  0 0 
4 0.0341607 0 0.0186279 0.0192247 0 0.0490152 0 0  0 0 
4 0.0186279 0.0192247 0.0128069 0.0637005 0 0.0976517 0 0.0490152  0 0 
4 0.0128069 0.0637005 0.00539193 0.139806 0 0.113024 0 0.0976517  0 0 
4 0.00539193 0.139806 0.0181465 0.13713 0 0.158076 0 0.113024  0 0 
4 0.0181465 0.13713 0.00873932 0.168399 0 0.263693 0 0.158076  0 0 
4 0.00873932 0.168399 0.0100315 0.258662 0 0.320691 0 0.263693  0 0 
4 0.0100315 0.258662 0.00723208 0.295153 0 0.356824 0 0.320691  0 0 
4 0.00723208 0.295153 0.00275253 0.352913 0 0.362982 0 0.356824  0 0 
4 0.00275253 0.352913 0.00560456 0.373511 0 0.378487 0 0.362982  0 0 
4 0.00560456 0.373511 0.00135897 0.381288 0 0.382818 0 0.378487  0 0 
4 0.00135897 0.381288 0.00310112 0.39362 0 0.416201 0 0.382818  0 0 
4 0.00310112 0.39362 0.00129101 0.488034 0 0.483743 0 0.416201  0 0 
4 0.00129101 0.488034 0.00234543 0.592588 0 0.604362 0 0.483743  0 0 
4 0.00234543 0.592588 0.0182358 0.675996 0 0.643612 0 0.604362  0 0 
4 0.0182358 0.675996 0.00415717 0.685135 0 0.655067 0 0.643612  0 0 
4 0.00415717 0.685135 0.00498786 0.730077 0 0.73429 0 0.655067  0 0 
4 0.00498786 0.730077 0.0293171 0.720507 0 0.737491 0 0.73429  0 0 
4 0.0293171 0.720507 0.0313107 0.720549 0 0.742632 0 0.737491  0 0 
4 0.0313107 0.720549 0.0198213 0.740512 0 0.746974 0 0.742632  0 0 
4 0.0198213 0.740512 0.0323949 0.733451 0 0.757481 0 0.746974  0 0 
4 0.0323949 0.733451 0.064547 0.710437 0 0.759102 0 0.757481  0 0 
4 0.064547 0.710437 0.032533 0.735126 0 0.75944 0 0.759102  0 0 
4 0.032533 0.735126 0.0617139 0.716138 0 0.760146 0 0.75944  0 0 
4 0.0617139 0.716138 0.0174735 0.749551 0 0.762402 0 0.760146  0 0 
4 0.0174735 0.749551 0.0678137 0.797564 0 0.771326 0 0.762402  0 0 
4 0.0678137 0.797564 0.0416514 0.809179 0 0.801325 0 0.771326  0 0 
4 0.0416514 0.809179 0.0113228 0.812922 0 0.812961 0 0.801325  0 0 
4 0.0113228 0.812922 0.0181535 0.876463 0 0.877409 0 0.812961  0 0 
4 0.0181535 0.876463 0.0148196 0.916005 0 0.892246 0 0.877409  0 0 
4 0.0148196 0.916005 0.00560122 0.934463 0 0.916408 0 0.892246  0 0 
4 0.00560122 0.934463 0.00419868 0.970345 0 0.977087 0 0.916408  0 0 
4 0.00419868 0.970345 0.00297548 1 0 1 0 0.977087  0 0 
