# Date: 8/4/2013   Time: 11:4
# dimensions 
1 1 
# connectivity 
81
5  1  2  3  4  5    1 1 
5  6  7  8  9  10    1 1 
7  11  12  13  14  15  16  17    1 1 
4  18  19  20  21    1 1 
6  22  23  24  25  26  27    1 1 
3  28  29  30    1 1 
5  31  32  33  34  35    1 1 
4  36  37  38  39    1 1 
4  40  41  42  43    1 1 
6  44  45  46  47  48  49    1 1 
4  50  51  52  53    1 1 
7  54  55  56  57  58  59  60    1 1 
4  61  62  63  64    1 1 
5  65  66  67  68  69    1 1 
8  70  71  72  73  74  75  76  77    1 1 
6  78  79  80  81  82  83    1 1 
5  84  85  86  87  88    1 1 
5  89  90  91  92  93    1 1 
4  94  95  96  97    1 1 
5  98  99  100  101  102    1 1 
5  103  104  105  106  107    1 1 
5  108  109  110  111  112    1 1 
5  113  114  115  116  117    1 1 
7  118  119  120  121  122  123  124    1 1 
4  125  126  127  128    1 1 
7  129  130  131  132  133  134  135    1 1 
5  136  137  138  139  140    1 1 
5  141  142  143  144  145    1 1 
6  146  147  148  149  150  151    1 1 
5  152  153  154  155  156    1 1 
6  157  158  159  160  161  162    1 1 
5  163  164  165  166  167    1 1 
8  168  169  170  171  172  173  174  175    1 1 
5  176  177  178  179  180    1 1 
6  181  182  183  184  185  186    1 1 
7  187  188  189  190  191  192  193    1 1 
4  194  195  196  197    1 1 
4  198  199  200  201    1 1 
5  202  203  204  205  206    1 1 
3  207  208  209    1 1 
3  210  211  212    1 1 
6  213  214  215  216  217  218    1 1 
4  219  220  221  222    1 1 
5  223  224  225  226  227    1 1 
4  228  229  230  231    1 1 
7  232  233  234  235  236  237  238    1 1 
5  239  240  241  242  243    1 1 
5  244  245  246  247  248    1 1 
8  249  250  251  252  253  254  255  256    1 1 
10  257  258  259  260  261  262  263  264  265  266    1 1 
11  267  268  269  270  271  272  273  274  275  276  277    1 1 
7  278  279  280  281  282  283  284    1 1 
6  285  286  287  288  289  290    1 1 
6  291  292  293  294  295  296    1 1 
4  297  298  299  300    1 1 
6  301  302  303  304  305  306    1 1 
6  307  308  309  310  311  312    1 1 
7  313  314  315  316  317  318  319    1 1 
5  320  321  322  323  324    1 1 
5  325  326  327  328  329    1 1 
5  330  331  332  333  334    1 1 
6  335  336  337  338  339  340    1 1 
5  341  342  343  344  345    1 1 
5  346  347  348  349  350    1 1 
9  351  352  353  354  355  356  357  358  359    1 1 
5  360  361  362  363  364    1 1 
6  365  366  367  368  369  370    1 1 
5  371  372  373  374  375    1 1 
6  376  377  378  379  380  381    1 1 
6  382  383  384  385  386  387    1 1 
6  388  389  390  391  392  393    1 1 
6  394  395  396  397  398  399    1 1 
4  400  401  402  403    1 1 
5  404  405  406  407  408    1 1 
4  409  410  411  412    1 1 
4  413  414  415  416    1 1 
5  417  418  419  420  421    1 1 
6  422  423  424  425  426  427    1 1 
4  428  429  430  431    1 1 
5  432  433  434  435  436    1 1 
4  437  438  439  440    1 1 
# DG vertices (counter-clockwise) 
440
0.959869  0  
1  0  
1  0.0513929  
0.976982  0.0513929  
0.962296  0.0291729  
0.613591  0  
0.777059  0  
0.763133  0.0547562  
0.761159  0.0556392  
0.653133  0.036749  
0.366613  0  
0.46696  0  
0.461634  0.0412294  
0.452805  0.0597372  
0.42248  0.0666045  
0.367394  0.0627824  
0.366613  0.0618695  
0.242523  0  
0.366613  0  
0.366613  0.0618695  
0.242523  0.0236926  
0.129883  0.0105356  
0.129883  0  
0.242523  0  
0.242523  0.0236926  
0.204247  0.0833402  
0.155918  0.137305  
0.0649032  0  
0.129883  0  
0.129883  0.0105356  
0.00799373  0.0110259  
0.00799373  0  
0.0579429  0  
0.0528543  0.0372702  
0.0270232  0.0239002  
0.000985108  0  
0.00799373  0  
0.00799373  0.0110259  
0.000985108  0.0103594  
0  0  
0.000985108  0  
0.000985108  0.0103594  
0  0.0103594  
0.964948  0.0703463  
0.976982  0.0513929  
1  0.0513929  
1  0.149152  
0.984464  0.14148  
0.965954  0.0936377  
0.873075  0  
0.959869  0  
0.962296  0.0291729  
0.893636  0.0297564  
0.763133  0.0547562  
0.777059  0  
0.873075  0  
0.893636  0.0297564  
0.88771  0.0879564  
0.85525  0.126486  
0.83776  0.134474  
0.46696  0  
0.592273  0  
0.560989  0.035035  
0.461634  0.0412294  
0.452805  0.0597372  
0.461634  0.0412294  
0.560989  0.035035  
0.553193  0.0843369  
0.501774  0.120113  
0.0577118  0.0690879  
0.0528543  0.0372702  
0.0579429  0  
0.0649032  0  
0.129883  0.0105356  
0.155918  0.137305  
0.145894  0.154994  
0.14287  0.155054  
0.42248  0.0666045  
0.452805  0.0597372  
0.501774  0.120113  
0.502415  0.124888  
0.437771  0.328646  
0.396269  0.349707  
0.242523  0.0236926  
0.366613  0.0618695  
0.367394  0.0627824  
0.345171  0.117886  
0.204247  0.0833402  
0  0.0103594  
0.000985108  0.0103594  
0.00799373  0.0110259  
0.0270232  0.0239002  
0  0.0239002  
0.953764  0.258029  
1  0.234288  
1  0.272686  
0.955952  0.272686  
0.942079  0.112741  
0.965954  0.0936377  
0.984464  0.14148  
0.943877  0.153692  
0.941819  0.152604  
0.893636  0.0297564  
0.962296  0.0291729  
0.976982  0.0513929  
0.964948  0.0703463  
0.88771  0.0879564  
0.59837  0  
0.613591  0  
0.653133  0.036749  
0.626626  0.123728  
0.602851  0.100185  
0.560989  0.035035  
0.592273  0  
0.59837  0  
0.602851  0.100185  
0.553193  0.0843369  
0.501774  0.120113  
0.553193  0.0843369  
0.602851  0.100185  
0.626626  0.123728  
0.629257  0.130858  
0.60992  0.159198  
0.502415  0.124888  
0.502415  0.124888  
0.60992  0.159198  
0.595484  0.304197  
0.437771  0.328646  
0.345171  0.117886  
0.367394  0.0627824  
0.42248  0.0666045  
0.396269  0.349707  
0.37302  0.364276  
0.338024  0.346806  
0.325573  0.328847  
0  0.0239002  
0.0270232  0.0239002  
0.0528543  0.0372702  
0.0577118  0.0690879  
0  0.0690879  
0.955991  0.275973  
0.955952  0.272686  
1  0.272686  
1  0.280173  
0.957266  0.280173  
0.943877  0.153692  
0.984464  0.14148  
1  0.149152  
1  0.181474  
0.998897  0.181712  
0.940761  0.186783  
0.998897  0.181712  
1  0.181474  
1  0.193262  
0.927464  0.216538  
0.929594  0.212792  
0.88771  0.0879564  
0.964948  0.0703463  
0.965954  0.0936377  
0.942079  0.112741  
0.872521  0.129634  
0.85525  0.126486  
0.653133  0.036749  
0.761159  0.0556392  
0.694318  0.131241  
0.629257  0.130858  
0.626626  0.123728  
0.694318  0.131241  
0.761159  0.0556392  
0.763133  0.0547562  
0.83776  0.134474  
0.827939  0.219541  
0.775202  0.287885  
0.763849  0.295891  
0.75251  0.30213  
0.0611605  0.200917  
0.14287  0.155054  
0.145894  0.154994  
0.252247  0.26542  
0.0951615  0.317935  
0.145894  0.154994  
0.155918  0.137305  
0.204247  0.0833402  
0.345171  0.117886  
0.325573  0.328847  
0.252247  0.26542  
0  0.0690879  
0.0577118  0.0690879  
0.14287  0.155054  
0.0611605  0.200917  
0.0396296  0.209245  
0.00156635  0.218023  
0  0.218023  
0.957266  0.280173  
1  0.280173  
1  0.335169  
0.969112  0.324479  
0.924142  0.229638  
1  0.199502  
1  0.234288  
0.953764  0.258029  
1  0.193262  
1  0.199502  
0.924142  0.229638  
0.920633  0.226888  
0.927464  0.216538  
0.940761  0.186783  
0.998897  0.181712  
0.929594  0.212792  
0.872521  0.129634  
0.942079  0.112741  
0.941819  0.152604  
0.60992  0.159198  
0.629257  0.130858  
0.694318  0.131241  
0.75251  0.30213  
0.718455  0.337425  
0.595484  0.304197  
0.0396296  0.209245  
0.0611605  0.200917  
0.0951615  0.317935  
0.0733861  0.366078  
0.00156635  0.218023  
0.0396296  0.209245  
0.0733861  0.366078  
0.0623237  0.434185  
0.0474143  0.431033  
0  0.218023  
0.00156635  0.218023  
0.0474143  0.431033  
0  0.431033  
0.929074  0.602676  
0.936239  0.59542  
0.976479  0.572048  
1  0.565011  
1  0.765369  
0.859397  0.765369  
0.854649  0.758318  
0.935663  0.345099  
0.969112  0.324479  
1  0.335169  
1  0.473048  
0.924918  0.387102  
0.955991  0.275973  
0.957266  0.280173  
0.969112  0.324479  
0.935663  0.345099  
0.867077  0.310385  
0.827939  0.219541  
0.920633  0.226888  
0.924142  0.229638  
0.953764  0.258029  
0.955952  0.272686  
0.955991  0.275973  
0.867077  0.310385  
0.775202  0.287885  
0.83776  0.134474  
0.85525  0.126486  
0.872521  0.129634  
0.941819  0.152604  
0.943877  0.153692  
0.940761  0.186783  
0.929594  0.212792  
0.927464  0.216538  
0.920633  0.226888  
0.827939  0.219541  
0.37302  0.364276  
0.396269  0.349707  
0.437771  0.328646  
0.595484  0.304197  
0.718455  0.337425  
0.720574  0.347423  
0.713541  0.408644  
0.661351  0.494513  
0.528521  0.571919  
0.521127  0.570994  
0.384614  0.422129  
0.0951615  0.317935  
0.252247  0.26542  
0.325573  0.328847  
0.338024  0.346806  
0.0949243  0.451874  
0.0623237  0.434185  
0.0733861  0.366078  
0.0949243  0.451874  
0.338024  0.346806  
0.37302  0.364276  
0.384614  0.422129  
0.206542  0.731585  
0.106231  0.622919  
0  0.431033  
0.0474143  0.431033  
0.0623237  0.434185  
0.0949243  0.451874  
0.106231  0.622919  
0  0.622919  
0.859397  0.765369  
1  0.765369  
1  0.846602  
0.888524  0.846602  
0.863751  0.429419  
0.913202  0.389939  
0.924918  0.387102  
1  0.473048  
1  0.565011  
0.976479  0.572048  
0.763849  0.295891  
0.775202  0.287885  
0.867077  0.310385  
0.935663  0.345099  
0.924918  0.387102  
0.913202  0.389939  
0.720574  0.347423  
0.718455  0.337425  
0.75251  0.30213  
0.763849  0.295891  
0.913202  0.389939  
0.863751  0.429419  
0.840423  0.422892  
0.713541  0.408644  
0.720574  0.347423  
0.840423  0.422892  
0.833509  0.509564  
0.77  0.488513  
0.661351  0.494513  
0.713541  0.408644  
0.77  0.488513  
0.767521  0.57602  
0.731931  0.594359  
0.528521  0.571919  
0.661351  0.494513  
0.731931  0.594359  
0.702858  0.661376  
0.613796  0.642554  
0.384614  0.422129  
0.521127  0.570994  
0.434704  0.759846  
0.210373  0.744588  
0.20722  0.735051  
0.206542  0.731585  
0  0.622919  
0.106231  0.622919  
0.206542  0.731585  
0.20722  0.735051  
0  0.735051  
0.888524  0.846602  
1  0.846602  
1  0.946088  
0.898468  0.946088  
0.885253  0.921201  
0.76521  0.754047  
0.854649  0.758318  
0.859397  0.765369  
0.888524  0.846602  
0.885253  0.921201  
0.728896  0.952337  
0.660385  0.886807  
0.653195  0.879873  
0.637317  0.862746  
0.840423  0.422892  
0.863751  0.429419  
0.976479  0.572048  
0.936239  0.59542  
0.833509  0.509564  
0.731931  0.594359  
0.767521  0.57602  
0.929074  0.602676  
0.854649  0.758318  
0.76521  0.754047  
0.702858  0.661376  
0.77  0.488513  
0.833509  0.509564  
0.936239  0.59542  
0.929074  0.602676  
0.767521  0.57602  
0.613796  0.642554  
0.702858  0.661376  
0.76521  0.754047  
0.637317  0.862746  
0.620707  0.863136  
0.575817  0.855771  
0.521127  0.570994  
0.528521  0.571919  
0.613796  0.642554  
0.575817  0.855771  
0.52598  0.861687  
0.434704  0.759846  
0.189776  0.809422  
0.210373  0.744588  
0.434704  0.759846  
0.52598  0.861687  
0.458128  0.987166  
0.277926  0.910515  
0  0.735051  
0.20722  0.735051  
0.210373  0.744588  
0.189776  0.809422  
0.117266  0.880689  
0  0.880689  
0.898468  0.946088  
1  0.946088  
1  1  
0.898468  1  
0.728896  0.952337  
0.885253  0.921201  
0.898468  0.946088  
0.898468  1  
0.728896  1  
0.660385  0.886807  
0.728896  0.952337  
0.728896  1  
0.660385  1  
0.653195  0.879873  
0.660385  0.886807  
0.660385  1  
0.653195  1  
0.620707  0.863136  
0.637317  0.862746  
0.653195  0.879873  
0.653195  1  
0.620707  1  
0.52598  0.861687  
0.575817  0.855771  
0.620707  0.863136  
0.620707  1  
0.458128  1  
0.458128  0.987166  
0.277926  0.910515  
0.458128  0.987166  
0.458128  1  
0.277926  1  
0.117266  0.880689  
0.189776  0.809422  
0.277926  0.910515  
0.277926  1  
0.117266  1  
0  0.880689  
0.117266  0.880689  
0.117266  1  
0  1  
# grid vertices 
211
Inf Inf 
0.553193 0.0843369 
0.345171 0.117886 
0.338024 0.346806 
0.0270232 0.0239002 
0.962296 0.0291729 
0.502415 0.124888 
0.000985108 0.0103594 
0.00799373 0.0110259 
0.0580937 -0.00110408 
0.521127 0.570994 
0.00156635 0.218023 
0.718455 0.337425 
0.20722 0.735051 
0.189776 0.809422 
0.14287 0.155054 
0.52598 0.861687 
0.602851 0.100185 
0.702858 0.661376 
1.49264 0.50566 
0.637317 0.862746 
0.77 0.488513 
0.833509 0.509564 
0.75251 0.30213 
0.936239 0.59542 
0.840423 0.422892 
0.913202 0.389939 
0.88771 0.0879564 
0.775202 0.287885 
0.763133 0.0547562 
0.924142 0.229638 
0.984464 0.14148 
1.05638 0.175172 
0.998897 0.181712 
0.0528543 0.0372702 
0.129883 0.0105356 
0.145894 0.154994 
0.366613 0.0618695 
0.452805 0.0597372 
0.367394 0.0627824 
0.461634 0.0412294 
0.542742 -0.586639 
0.629257 0.130858 
0.560989 0.035035 
0.60992 0.159198 
0.600946 -0.011752 
0.626626 0.123728 
0.598079 -0.0065021 
0.694318 0.131241 
0.155918 0.137305 
0.0577118 0.0690879 
0.204247 0.0833402 
0.242523 0.0236926 
0.42248 0.0666045 
0.396269 0.349707 
0.501774 0.120113 
0.437771 0.328646 
0.0474143 0.431033 
0.0396296 0.209245 
0.0733861 0.366078 
0.0611605 0.200917 
0.0623237 0.434185 
0.106231 0.622919 
0.206542 0.731585 
0.117266 0.880689 
0.277926 0.910515 
0.210373 0.744588 
0.458128 0.987166 
0.731931 0.594359 
0.575817 0.855771 
0.528521 0.571919 
0.76521 0.754047 
0.325573 0.328847 
0.0951615 0.317935 
0.252247 0.26542 
0.0949243 0.451874 
0.37302 0.364276 
0.434704 0.759846 
0.384614 0.422129 
0.595484 0.304197 
0.613796 0.642554 
0.767521 0.57602 
0.661351 0.494513 
0.713541 0.408644 
0.929074 0.602676 
0.620707 0.863136 
0.653195 0.879873 
0.660385 0.886807 
0.728896 0.952337 
0.854649 0.758318 
0.859397 0.765369 
0.888524 0.846602 
0.885253 0.921201 
0.898468 0.946088 
0.720574 0.347423 
0.976479 0.572048 
0.763849 0.295891 
1.06369 0.545954 
0.863751 0.429419 
0.955952 0.272686 
0.924918 0.387102 
1.09655 0.18471 
1.05918 0.17599 
0.953764 0.258029 
0.957266 0.280173 
0.969112 0.324479 
0.955991 0.275973 
0.827939 0.219541 
0.927464 0.216538 
0.935663 0.345099 
0.867077 0.310385 
0.929594 0.212792 
0.965954 0.0936377 
1.04554 0.17164 
0.920633 0.226888 
0.653133 0.036749 
0.761159 0.0556392 
0.802891 -0.101573 
0.839855 -1.44233 
0.893636 0.0297564 
0.83776 0.134474 
0.940761 0.186783 
0.85525 0.126486 
0.964948 0.0703463 
0.941819 0.152604 
0.872521 0.129634 
0.943877 0.153692 
0.942079 0.112741 
0.976982 0.0513929 
3.04599 0.0513929 
0.839855 -4.82839 
0.542742 -3.08833 
0.366613 -1.81033 
0.242523 -1.93197 
0.129883 -2.01732 
0.0580937 -2.08344 
0.00799373 -2.09685 
0.000985108 -2.10297 
3.18551 0.18471 
-2.11234 0.0103594 
2.87964 0.272686 
-2.05829 0.0239002 
2.87884 0.280173 
-1.974 0.0690879 
3.8995 0.50566 
-1.98531 0.218023 
2.72036 0.765369 
-1.82461 0.431033 
2.82339 0.846602 
-1.72049 0.622919 
2.91082 0.946088 
-1.58245 0.735051 
0.898468 2.95844 
0.728896 2.8735 
0.660385 2.71976 
0.653195 2.70369 
0.620707 2.66002 
0.458128 2.89034 
0.277926 2.79146 
0.117266 2.83473 
-1.83677 0.880689 
1 0 
0.959869 0 
1 0.0513929 
0.777059 0 
0.613591 0 
0.46696 0 
0.366613 0 
0.242523 0 
0.129883 0 
0.0649032 0 
0.0579429 0 
0.00799373 0 
0.000985108 0 
0 0 
0 0.0103594 
1 0.149152 
0.873075 0 
0.592273 0 
0 0.0239002 
1 0.234288 
1 0.272686 
0.59837 0 
0 0.0690879 
1 0.280173 
1 0.181474 
1 0.149152 
1 0.193262 
0 0.218023 
1 0.335169 
1 0.234288 
1 0.199502 
0 0.431033 
1 0.565011 
1 0.765369 
1 0.473048 
0 0.622919 
1 0.846602 
0 0.735051 
1 0.946088 
0 1 
0.117266 1 
0.898468 1 
1 1 
0.728896 1 
0.660385 1 
0.653195 1 
0.620707 1 
0.458128 1 
0.277926 1 
0 0.880689 
