# Date: 8/4/2013   Time: 10:18
# dimensions 
1 1 
# connectivity 
64
4 1 2 3 4 1 1 
4 5 6 7 8 1 1 
4 9 10 11 12 1 1 
4 13 14 15 16 1 1 
4 17 18 19 20 1 1 
4 21 22 23 24 1 1 
4 25 26 27 28 1 1 
4 29 30 31 32 1 1 
4 33 34 35 36 1 1 
4 37 38 39 40 1 1 
4 41 42 43 44 1 1 
4 45 46 47 48 1 1 
4 49 50 51 52 1 1 
4 53 54 55 56 1 1 
4 57 58 59 60 1 1 
4 61 62 63 64 1 1 
4 65 66 67 68 1 1 
4 69 70 71 72 1 1 
4 73 74 75 76 1 1 
4 77 78 79 80 1 1 
4 81 82 83 84 1 1 
4 85 86 87 88 1 1 
4 89 90 91 92 1 1 
4 93 94 95 96 1 1 
4 97 98 99 100 1 1 
4 101 102 103 104 1 1 
4 105 106 107 108 1 1 
4 109 110 111 112 1 1 
4 113 114 115 116 1 1 
4 117 118 119 120 1 1 
4 121 122 123 124 1 1 
4 125 126 127 128 1 1 
4 129 130 131 132 1 1 
4 133 134 135 136 1 1 
4 137 138 139 140 1 1 
4 141 142 143 144 1 1 
4 145 146 147 148 1 1 
4 149 150 151 152 1 1 
4 153 154 155 156 1 1 
4 157 158 159 160 1 1 
4 161 162 163 164 1 1 
4 165 166 167 168 1 1 
4 169 170 171 172 1 1 
4 173 174 175 176 1 1 
4 177 178 179 180 1 1 
4 181 182 183 184 1 1 
4 185 186 187 188 1 1 
4 189 190 191 192 1 1 
4 193 194 195 196 1 1 
4 197 198 199 200 1 1 
4 201 202 203 204 1 1 
4 205 206 207 208 1 1 
4 209 210 211 212 1 1 
4 213 214 215 216 1 1 
4 217 218 219 220 1 1 
4 221 222 223 224 1 1 
4 225 226 227 228 1 1 
4 229 230 231 232 1 1 
4 233 234 235 236 1 1 
4 237 238 239 240 1 1 
4 241 242 243 244 1 1 
4 245 246 247 248 1 1 
4 249 250 251 252 1 1 
4 253 254 255 256 1 1 
# DG vertices (counter-clockwise) 
256
 1 0 
 1 0.160441 
 0.933882 0.150896 
 0.950524 0 
 1 0.160441 
 1 0.625698 
 0.935406 0.449299 
 0.933882 0.150896 
 1 0.625698 
 1 0.696219 
 0.938956 0.64549 
 0.935406 0.449299 
 1 0.696219 
 1 0.792541 
 0.941126 0.736113 
 0.938956 0.64549 
 1 0.792541 
 1 0.808429 
 0.906709 0.76232 
 0.941126 0.736113 
 1 0.808429 
 1 0.846451 
 0.878954 0.857187 
 0.906709 0.76232 
 1 0.846451 
 1 0.89803 
 0.734371 0.956404 
 0.878954 0.857187 
 1 0.89803 
 1 1 
 0.809411 1 
 0.734371 0.956404 
 0.950524 0 
 0.933882 0.150896 
 0.822538 0.132127 
 0.776379 0 
 0.933882 0.150896 
 0.935406 0.449299 
 0.890516 0.326711 
 0.822538 0.132127 
 0.935406 0.449299 
 0.938956 0.64549 
 0.885366 0.421905 
 0.890516 0.326711 
 0.938956 0.64549 
 0.941126 0.736113 
 0.871955 0.669816 
 0.885366 0.421905 
 0.941126 0.736113 
 0.906709 0.76232 
 0.74646 0.801591 
 0.871955 0.669816 
 0.906709 0.76232 
 0.878954 0.857187 
 0.676406 0.875152 
 0.74646 0.801591 
 0.878954 0.857187 
 0.734371 0.956404 
 0.665751 0.973479 
 0.676406 0.875152 
 0.734371 0.956404 
 0.809411 1 
 0.662877 1 
 0.665751 0.973479 
 0.776379 0 
 0.822538 0.132127 
 0.720492 0.122413 
 0.73092 0 
 0.822538 0.132127 
 0.890516 0.326711 
 0.745127 0.320251 
 0.720492 0.122413 
 0.890516 0.326711 
 0.885366 0.421905 
 0.819241 0.385065 
 0.745127 0.320251 
 0.885366 0.421905 
 0.871955 0.669816 
 0.826724 0.626464 
 0.819241 0.385065 
 0.871955 0.669816 
 0.74646 0.801591 
 0.696089 0.636119 
 0.826724 0.626464 
 0.74646 0.801591 
 0.676406 0.875152 
 0.635565 0.731674 
 0.696089 0.636119 
 0.676406 0.875152 
 0.665751 0.973479 
 0.561991 0.834122 
 0.635565 0.731674 
 0.665751 0.973479 
 0.662877 1 
 0.553186 1 
 0.561991 0.834122 
 0.73092 0 
 0.720492 0.122413 
 0.686736 0.195956 
 0.708332 0 
 0.720492 0.122413 
 0.745127 0.320251 
 0.673389 0.317063 
 0.686736 0.195956 
 0.745127 0.320251 
 0.819241 0.385065 
 0.662032 0.420111 
 0.673389 0.317063 
 0.819241 0.385065 
 0.826724 0.626464 
 0.657197 0.463981 
 0.662032 0.420111 
 0.826724 0.626464 
 0.696089 0.636119 
 0.633722 0.524183 
 0.657197 0.463981 
 0.696089 0.636119 
 0.635565 0.731674 
 0.600647 0.609002 
 0.633722 0.524183 
 0.635565 0.731674 
 0.561991 0.834122 
 0.558051 0.718238 
 0.600647 0.609002 
 0.561991 0.834122 
 0.553186 1 
 0.448179 1 
 0.558051 0.718238 
 0.708332 0 
 0.686736 0.195956 
 0.583753 0.0872338 
 0.396085 0 
 0.686736 0.195956 
 0.673389 0.317063 
 0.600652 0.254066 
 0.583753 0.0872338 
 0.673389 0.317063 
 0.662032 0.420111 
 0.409972 0.478375 
 0.600652 0.254066 
 0.662032 0.420111 
 0.657197 0.463981 
 0.431065 0.523096 
 0.409972 0.478375 
 0.657197 0.463981 
 0.633722 0.524183 
 0.503506 0.583511 
 0.431065 0.523096 
 0.633722 0.524183 
 0.600647 0.609002 
 0.535508 0.660709 
 0.503506 0.583511 
 0.600647 0.609002 
 0.558051 0.718238 
 0.513293 0.749272 
 0.535508 0.660709 
 0.558051 0.718238 
 0.448179 1 
 0.417777 1 
 0.513293 0.749272 
 0.396085 0 
 0.583753 0.0872338 
 0.366564 0.0725824 
 0.269682 0 
 0.583753 0.0872338 
 0.600652 0.254066 
 0.548411 0.20882 
 0.366564 0.0725824 
 0.600652 0.254066 
 0.409972 0.478375 
 0.474073 0.304346 
 0.548411 0.20882 
 0.409972 0.478375 
 0.431065 0.523096 
 0.271358 0.564846 
 0.474073 0.304346 
 0.431065 0.523096 
 0.503506 0.583511 
 0.332434 0.674528 
 0.271358 0.564846 
 0.503506 0.583511 
 0.535508 0.660709 
 0.389345 0.776733 
 0.332434 0.674528 
 0.535508 0.660709 
 0.513293 0.749272 
 0.349994 0.877179 
 0.389345 0.776733 
 0.513293 0.749272 
 0.417777 1 
 0.301877 1 
 0.349994 0.877179 
 0.269682 0 
 0.366564 0.0725824 
 0.292653 0.13119 
 0.0558012 0 
 0.366564 0.0725824 
 0.548411 0.20882 
 0.202228 0.301858 
 0.292653 0.13119 
 0.548411 0.20882 
 0.474073 0.304346 
 0.164775 0.440795 
 0.202228 0.301858 
 0.474073 0.304346 
 0.271358 0.564846 
 0.0796348 0.614965 
 0.164775 0.440795 
 0.271358 0.564846 
 0.332434 0.674528 
 0.227348 0.721323 
 0.0796348 0.614965 
 0.332434 0.674528 
 0.389345 0.776733 
 0.274326 0.76859 
 0.227348 0.721323 
 0.389345 0.776733 
 0.349994 0.877179 
 0.268496 0.844959 
 0.274326 0.76859 
 0.349994 0.877179 
 0.301877 1 
 0.228657 1 
 0.268496 0.844959 
 0.0558012 0 
 0.292653 0.13119 
 0 0.274694 
 0 0 
 0.292653 0.13119 
 0.202228 0.301858 
 0 0.356208 
 0 0.274694 
 0.202228 0.301858 
 0.164775 0.440795 
 0 0.451596 
 0 0.356208 
 0.164775 0.440795 
 0.0796348 0.614965 
 0 0.635783 
 0 0.451596 
 0.0796348 0.614965 
 0.227348 0.721323 
 0 0.716965 
 0 0.635783 
 0.227348 0.721323 
 0.274326 0.76859 
 0 0.74917 
 0 0.716965 
 0.274326 0.76859 
 0.268496 0.844959 
 0 0.884233 
 0 0.74917 
 0.268496 0.844959 
 0.228657 1 
 0 1 
 0 0.884233 
# grid vertices (counter-clockwise) 
81
1 0 
1 0.160441 
1 0.625698 
1 0.696219 
1 0.792541 
1 0.808429 
1 0.846451 
1 0.89803 
1 1 
0.950524 0 
0.933882 0.150896 
0.935406 0.449299 
0.938956 0.64549 
0.941126 0.736113 
0.906709 0.76232 
0.878954 0.857187 
0.734371 0.956404 
0.809411 1 
0.776379 0 
0.822538 0.132127 
0.890516 0.326711 
0.885366 0.421905 
0.871955 0.669816 
0.74646 0.801591 
0.676406 0.875152 
0.665751 0.973479 
0.662877 1 
0.73092 0 
0.720492 0.122413 
0.745127 0.320251 
0.819241 0.385065 
0.826724 0.626464 
0.696089 0.636119 
0.635565 0.731674 
0.561991 0.834122 
0.553186 1 
0.708332 0 
0.686736 0.195956 
0.673389 0.317063 
0.662032 0.420111 
0.657197 0.463981 
0.633722 0.524183 
0.600647 0.609002 
0.558051 0.718238 
0.448179 1 
0.396085 0 
0.583753 0.0872338 
0.600652 0.254066 
0.409972 0.478375 
0.431065 0.523096 
0.503506 0.583511 
0.535508 0.660709 
0.513293 0.749272 
0.417777 1 
0.269682 0 
0.366564 0.0725824 
0.548411 0.20882 
0.474073 0.304346 
0.271358 0.564846 
0.332434 0.674528 
0.389345 0.776733 
0.349994 0.877179 
0.301877 1 
0.0558012 0 
0.292653 0.13119 
0.202228 0.301858 
0.164775 0.440795 
0.0796348 0.614965 
0.227348 0.721323 
0.274326 0.76859 
0.268496 0.844959 
0.228657 1 
0 0 
0 0.274694 
0 0.356208 
0 0.451596 
0 0.635783 
0 0.716965 
0 0.74917 
0 0.884233 
0 1 
