# Date: 8/4/2013   Time: 9:51
# dimensions 
1 1 
# connectivity 
4
4 1 2 3 4 1 1 
4 5 6 7 8 1 1 
4 9 10 11 12 1 1 
4 13 14 15 16 1 1 
# DG vertices (counter-clockwise) 
16
 1 0 
 1 0.638063 
 0.429971 0.608866 
 0.603108 0 
 1 0.638063 
 1 1 
 0.409668 1 
 0.429971 0.608866 
 0.603108 0 
 0.429971 0.608866 
 0 0.359504 
 0 0 
 0.429971 0.608866 
 0.409668 1 
 0 1 
 0 0.359504 
# grid vertices (counter-clockwise) 
9
1 0 
1 0.638063 
1 1 
0.603108 0 
0.429971 0.608866 
0.409668 1 
0 0 
0 0.359504 
0 1 
