polygon
1024
4 1 0 1 0.0352259 0.96683 0.0372877 0.964723 0  0 0 
4 1 0.0352259 1 0.0675715 0.97835 0.0701344 0.96683 0.0372877  0 0 
4 1 0.0675715 1 0.0876282 0.971413 0.0993281 0.97835 0.0701344  0 0 
4 1 0.0876282 1 0.115605 0.96789 0.124793 0.971413 0.0993281  0 0 
4 1 0.115605 1 0.142274 0.977386 0.147801 0.96789 0.124793  0 0 
4 1 0.142274 1 0.161114 0.975871 0.16775 0.977386 0.147801  0 0 
4 1 0.161114 1 0.200066 0.973101 0.199284 0.975871 0.16775  0 0 
4 1 0.200066 1 0.229239 0.974979 0.23556 0.973101 0.199284  0 0 
4 1 0.229239 1 0.253712 0.968938 0.264644 0.974979 0.23556  0 0 
4 1 0.253712 1 0.283621 0.970691 0.287117 0.968938 0.264644  0 0 
4 1 0.283621 1 0.311093 0.971772 0.313313 0.970691 0.287117  0 0 
4 1 0.311093 1 0.347285 0.969443 0.346896 0.971772 0.313313  0 0 
4 1 0.347285 1 0.372664 0.974351 0.365398 0.969443 0.346896  0 0 
4 1 0.372664 1 0.39445 0.971537 0.392591 0.974351 0.365398  0 0 
4 1 0.39445 1 0.414101 0.975287 0.416089 0.971537 0.392591  0 0 
4 1 0.414101 1 0.437282 0.980271 0.444033 0.975287 0.416089  0 0 
4 1 0.437282 1 0.479011 0.979947 0.481821 0.980271 0.444033  0 0 
4 1 0.479011 1 0.508445 0.97772 0.509521 0.979947 0.481821  0 0 
4 1 0.508445 1 0.538228 0.973219 0.537412 0.97772 0.509521  0 0 
4 1 0.538228 1 0.559919 0.965653 0.569008 0.973219 0.537412  0 0 
4 1 0.559919 1 0.581012 0.969171 0.592473 0.965653 0.569008  0 0 
4 1 0.581012 1 0.608105 0.970795 0.627023 0.969171 0.592473  0 0 
4 1 0.608105 1 0.639584 0.968374 0.653998 0.970795 0.627023  0 0 
4 1 0.639584 1 0.679286 0.96714 0.688072 0.968374 0.653998  0 0 
4 1 0.679286 1 0.71002 0.965012 0.716298 0.96714 0.688072  0 0 
4 1 0.71002 1 0.735744 0.978857 0.744878 0.965012 0.716298  0 0 
4 1 0.735744 1 0.777202 0.977093 0.781811 0.978857 0.744878  0 0 
4 1 0.777202 1 0.813293 0.978358 0.818778 0.977093 0.781811  0 0 
4 1 0.813293 1 0.84545 0.970055 0.861263 0.978358 0.818778  0 0 
4 1 0.84545 1 0.891798 0.978129 0.904505 0.970055 0.861263  0 0 
4 1 0.891798 1 0.950917 0.977414 0.94275 0.978129 0.904505  0 0 
4 1 0.950917 1 1 0.971402 1 0.977414 0.94275  0 0 
4 0.964723 0 0.96683 0.0372877 0.944201 0.041071 0.936225 0  0 0 
4 0.96683 0.0372877 0.97835 0.0701344 0.950486 0.073433 0.944201 0.041071  0 0 
4 0.97835 0.0701344 0.971413 0.0993281 0.947316 0.0994111 0.950486 0.073433  0 0 
4 0.971413 0.0993281 0.96789 0.124793 0.943363 0.13181 0.947316 0.0994111  0 0 
4 0.96789 0.124793 0.977386 0.147801 0.944818 0.156505 0.943363 0.13181  0 0 
4 0.977386 0.147801 0.975871 0.16775 0.945966 0.175974 0.944818 0.156505  0 0 
4 0.975871 0.16775 0.973101 0.199284 0.945935 0.212297 0.945966 0.175974  0 0 
4 0.973101 0.199284 0.974979 0.23556 0.945909 0.242903 0.945935 0.212297  0 0 
4 0.974979 0.23556 0.968938 0.264644 0.941549 0.262963 0.945909 0.242903  0 0 
4 0.968938 0.264644 0.970691 0.287117 0.935383 0.29133 0.941549 0.262963  0 0 
4 0.970691 0.287117 0.971772 0.313313 0.940181 0.318727 0.935383 0.29133  0 0 
4 0.971772 0.313313 0.969443 0.346896 0.94506 0.346585 0.940181 0.318727  0 0 
4 0.969443 0.346896 0.974351 0.365398 0.94449 0.366084 0.94506 0.346585  0 0 
4 0.974351 0.365398 0.971537 0.392591 0.943769 0.390778 0.94449 0.366084  0 0 
4 0.971537 0.392591 0.975287 0.416089 0.948577 0.418456 0.943769 0.390778  0 0 
4 0.975287 0.416089 0.980271 0.444033 0.95455 0.452835 0.948577 0.418456  0 0 
4 0.980271 0.444033 0.979947 0.481821 0.95118 0.481938 0.95455 0.452835  0 0 
4 0.979947 0.481821 0.97772 0.509521 0.94782 0.510965 0.95118 0.481938  0 0 
4 0.97772 0.509521 0.973219 0.537412 0.940977 0.543567 0.94782 0.510965  0 0 
4 0.973219 0.537412 0.965653 0.569008 0.933872 0.577417 0.940977 0.543567  0 0 
4 0.965653 0.569008 0.969171 0.592473 0.936585 0.608261 0.933872 0.577417  0 0 
4 0.969171 0.592473 0.970795 0.627023 0.93999 0.646977 0.936585 0.608261  0 0 
4 0.970795 0.627023 0.968374 0.653998 0.937474 0.668235 0.93999 0.646977  0 0 
4 0.968374 0.653998 0.96714 0.688072 0.934079 0.696911 0.937474 0.668235  0 0 
4 0.96714 0.688072 0.965012 0.716298 0.941409 0.729791 0.934079 0.696911  0 0 
4 0.965012 0.716298 0.978857 0.744878 0.947767 0.758311 0.941409 0.729791  0 0 
4 0.978857 0.744878 0.977093 0.781811 0.947833 0.787886 0.947767 0.758311  0 0 
4 0.977093 0.781811 0.978358 0.818778 0.947918 0.826494 0.947833 0.787886  0 0 
4 0.978358 0.818778 0.970055 0.861263 0.948884 0.874416 0.947918 0.826494  0 0 
4 0.970055 0.861263 0.978129 0.904505 0.949821 0.920952 0.948884 0.874416  0 0 
4 0.978129 0.904505 0.977414 0.94275 0.94717 0.964667 0.949821 0.920952  0 0 
4 0.977414 0.94275 0.971402 1 0.945027 1 0.94717 0.964667  0 0 
4 0.936225 0 0.944201 0.041071 0.912642 0.0348386 0.906008 0  0 0 
4 0.944201 0.041071 0.950486 0.073433 0.922452 0.071826 0.912642 0.0348386  0 0 
4 0.950486 0.073433 0.947316 0.0994111 0.916215 0.106537 0.922452 0.071826  0 0 
4 0.947316 0.0994111 0.943363 0.13181 0.920241 0.138426 0.916215 0.106537  0 0 
4 0.943363 0.13181 0.944818 0.156505 0.918599 0.160344 0.920241 0.138426  0 0 
4 0.944818 0.156505 0.945966 0.175974 0.917708 0.190565 0.918599 0.160344  0 0 
4 0.945966 0.175974 0.945935 0.212297 0.917921 0.220243 0.917708 0.190565  0 0 
4 0.945935 0.212297 0.945909 0.242903 0.914154 0.250926 0.917921 0.220243  0 0 
4 0.945909 0.242903 0.941549 0.262963 0.918163 0.277856 0.914154 0.250926  0 0 
4 0.941549 0.262963 0.935383 0.29133 0.913794 0.298803 0.918163 0.277856  0 0 
4 0.935383 0.29133 0.940181 0.318727 0.916963 0.32219 0.913794 0.298803  0 0 
4 0.940181 0.318727 0.94506 0.346585 0.915533 0.346209 0.916963 0.32219  0 0 
4 0.94506 0.346585 0.94449 0.366084 0.920509 0.373947 0.915533 0.346209  0 0 
4 0.94449 0.366084 0.943769 0.390778 0.916961 0.402187 0.920509 0.373947  0 0 
4 0.943769 0.390778 0.948577 0.418456 0.921061 0.434434 0.916961 0.402187  0 0 
4 0.948577 0.418456 0.95455 0.452835 0.927237 0.462181 0.921061 0.434434  0 0 
4 0.95455 0.452835 0.95118 0.481938 0.917884 0.495762 0.927237 0.462181  0 0 
4 0.95118 0.481938 0.94782 0.510965 0.922187 0.517941 0.917884 0.495762  0 0 
4 0.94782 0.510965 0.940977 0.543567 0.912877 0.549187 0.922187 0.517941  0 0 
4 0.940977 0.543567 0.933872 0.577417 0.906008 0.58479 0.912877 0.549187  0 0 
4 0.933872 0.577417 0.936585 0.608261 0.911644 0.621218 0.906008 0.58479  0 0 
4 0.936585 0.608261 0.93999 0.646977 0.908485 0.654717 0.911644 0.621218  0 0 
4 0.93999 0.646977 0.937474 0.668235 0.905844 0.681005 0.908485 0.654717  0 0 
4 0.937474 0.668235 0.934079 0.696911 0.907843 0.703926 0.905844 0.681005  0 0 
4 0.934079 0.696911 0.941409 0.729791 0.921327 0.741546 0.907843 0.703926  0 0 
4 0.941409 0.729791 0.947767 0.758311 0.928203 0.768853 0.921327 0.741546  0 0 
4 0.947767 0.758311 0.947833 0.787886 0.92388 0.796294 0.928203 0.768853  0 0 
4 0.947833 0.787886 0.947918 0.826494 0.926361 0.831957 0.92388 0.796294  0 0 
4 0.947918 0.826494 0.948884 0.874416 0.931373 0.881233 0.926361 0.831957  0 0 
4 0.948884 0.874416 0.949821 0.920952 0.93081 0.91979 0.931373 0.881233  0 0 
4 0.949821 0.920952 0.94717 0.964667 0.929308 0.956214 0.93081 0.91979  0 0 
4 0.94717 0.964667 0.945027 1 0.922582 1 0.929308 0.956214  0 0 
4 0.906008 0 0.912642 0.0348386 0.87688 0.0319366 0.871941 0  0 0 
4 0.912642 0.0348386 0.922452 0.071826 0.882696 0.0695469 0.87688 0.0319366  0 0 
4 0.922452 0.071826 0.916215 0.106537 0.888873 0.109488 0.882696 0.0695469  0 0 
4 0.916215 0.106537 0.920241 0.138426 0.894488 0.145795 0.888873 0.109488  0 0 
4 0.920241 0.138426 0.918599 0.160344 0.892208 0.176842 0.894488 0.145795  0 0 
4 0.918599 0.160344 0.917708 0.190565 0.890155 0.204791 0.892208 0.176842  0 0 
4 0.917708 0.190565 0.917921 0.220243 0.887973 0.234506 0.890155 0.204791  0 0 
4 0.917921 0.220243 0.914154 0.250926 0.88625 0.257975 0.887973 0.234506  0 0 
4 0.914154 0.250926 0.918163 0.277856 0.888733 0.284692 0.88625 0.257975  0 0 
4 0.918163 0.277856 0.913794 0.298803 0.890785 0.306769 0.888733 0.284692  0 0 
4 0.913794 0.298803 0.916963 0.32219 0.892649 0.326818 0.890785 0.306769  0 0 
4 0.916963 0.32219 0.915533 0.346209 0.894426 0.34594 0.892649 0.326818  0 0 
4 0.915533 0.346209 0.920509 0.373947 0.894828 0.375159 0.894426 0.34594  0 0 
4 0.920509 0.373947 0.916961 0.402187 0.895326 0.411396 0.894828 0.375159  0 0 
4 0.916961 0.402187 0.921061 0.434434 0.895687 0.43767 0.895326 0.411396  0 0 
4 0.921061 0.434434 0.927237 0.462181 0.89617 0.472812 0.895687 0.43767  0 0 
4 0.927237 0.462181 0.917884 0.495762 0.890157 0.503124 0.89617 0.472812  0 0 
4 0.917884 0.495762 0.922187 0.517941 0.885223 0.527999 0.890157 0.503124  0 0 
4 0.922187 0.517941 0.912877 0.549187 0.878341 0.562694 0.885223 0.527999  0 0 
4 0.912877 0.549187 0.906008 0.58479 0.872182 0.59374 0.878341 0.562694  0 0 
4 0.906008 0.58479 0.911644 0.621218 0.876861 0.634441 0.872182 0.59374  0 0 
4 0.911644 0.621218 0.908485 0.654717 0.879996 0.661715 0.876861 0.634441  0 0 
4 0.908485 0.654717 0.905844 0.681005 0.882657 0.684867 0.879996 0.661715  0 0 
4 0.905844 0.681005 0.907843 0.703926 0.885534 0.70989 0.882657 0.684867  0 0 
4 0.907843 0.703926 0.921327 0.741546 0.891548 0.74242 0.885534 0.70989  0 0 
4 0.921327 0.741546 0.928203 0.768853 0.899314 0.784421 0.891548 0.74242  0 0 
4 0.928203 0.768853 0.92388 0.796294 0.904429 0.812086 0.899314 0.784421  0 0 
4 0.92388 0.796294 0.926361 0.831957 0.908921 0.836378 0.904429 0.812086  0 0 
4 0.926361 0.831957 0.931373 0.881233 0.908267 0.876583 0.908921 0.836378  0 0 
4 0.931373 0.881233 0.93081 0.91979 0.907588 0.91837 0.908267 0.876583  0 0 
4 0.93081 0.91979 0.929308 0.956214 0.907031 0.952604 0.907588 0.91837  0 0 
4 0.929308 0.956214 0.922582 1 0.906261 1 0.907031 0.952604  0 0 
4 0.871941 0 0.87688 0.0319366 0.853337 0.0320038 0.850865 0  0 0 
4 0.87688 0.0319366 0.882696 0.0695469 0.857215 0.0646778 0.853337 0.0320038  0 0 
4 0.882696 0.0695469 0.888873 0.109488 0.86447 0.105015 0.857215 0.0646778  0 0 
4 0.888873 0.109488 0.894488 0.145795 0.866692 0.145663 0.86447 0.105015  0 0 
4 0.894488 0.145795 0.892208 0.176842 0.862724 0.179305 0.866692 0.145663  0 0 
4 0.892208 0.176842 0.890155 0.204791 0.855085 0.208082 0.862724 0.179305  0 0 
4 0.890155 0.204791 0.887973 0.234506 0.85623 0.235566 0.855085 0.208082  0 0 
4 0.887973 0.234506 0.88625 0.257975 0.86086 0.264389 0.85623 0.235566  0 0 
4 0.88625 0.257975 0.888733 0.284692 0.858722 0.294485 0.86086 0.264389  0 0 
4 0.888733 0.284692 0.890785 0.306769 0.86918 0.313012 0.858722 0.294485  0 0 
4 0.890785 0.306769 0.892649 0.326818 0.865022 0.33728 0.86918 0.313012  0 0 
4 0.892649 0.326818 0.894426 0.34594 0.867502 0.354043 0.865022 0.33728  0 0 
4 0.894426 0.34594 0.894828 0.375159 0.872492 0.381145 0.867502 0.354043  0 0 
4 0.894828 0.375159 0.895326 0.411396 0.87055 0.419093 0.872492 0.381145  0 0 
4 0.895326 0.411396 0.895687 0.43767 0.86653 0.449108 0.87055 0.419093  0 0 
4 0.895687 0.43767 0.89617 0.472812 0.864857 0.483527 0.86653 0.449108  0 0 
4 0.89617 0.472812 0.890157 0.503124 0.858199 0.509615 0.864857 0.483527  0 0 
4 0.890157 0.503124 0.885223 0.527999 0.858954 0.539231 0.858199 0.509615  0 0 
4 0.885223 0.527999 0.878341 0.562694 0.852774 0.567873 0.858954 0.539231  0 0 
4 0.878341 0.562694 0.872182 0.59374 0.844111 0.599679 0.852774 0.567873  0 0 
4 0.872182 0.59374 0.876861 0.634441 0.840915 0.633849 0.844111 0.599679  0 0 
4 0.876861 0.634441 0.879996 0.661715 0.839153 0.662397 0.840915 0.633849  0 0 
4 0.879996 0.661715 0.882657 0.684867 0.852075 0.685152 0.839153 0.662397  0 0 
4 0.882657 0.684867 0.885534 0.70989 0.850546 0.719245 0.852075 0.685152  0 0 
4 0.885534 0.70989 0.891548 0.74242 0.860345 0.747459 0.850546 0.719245  0 0 
4 0.891548 0.74242 0.899314 0.784421 0.863327 0.78219 0.860345 0.747459  0 0 
4 0.899314 0.784421 0.904429 0.812086 0.872432 0.809201 0.863327 0.78219  0 0 
4 0.904429 0.812086 0.908921 0.836378 0.885051 0.846454 0.872432 0.809201  0 0 
4 0.908921 0.836378 0.908267 0.876583 0.879313 0.890682 0.885051 0.846454  0 0 
4 0.908267 0.876583 0.907588 0.91837 0.880546 0.921419 0.879313 0.890682  0 0 
4 0.907588 0.91837 0.907031 0.952604 0.884898 0.965366 0.880546 0.921419  0 0 
4 0.907031 0.952604 0.906261 1 0.886744 1 0.884898 0.965366  0 0 
4 0.850865 0 0.853337 0.0320038 0.829811 0.0344076 0.825773 0  0 0 
4 0.853337 0.0320038 0.857215 0.0646778 0.832816 0.0600154 0.829811 0.0344076  0 0 
4 0.857215 0.0646778 0.86447 0.105015 0.833597 0.096612 0.832816 0.0600154  0 0 
4 0.86447 0.105015 0.866692 0.145663 0.834641 0.14551 0.833597 0.096612  0 0 
4 0.866692 0.145663 0.862724 0.179305 0.832898 0.172039 0.834641 0.14551  0 0 
4 0.862724 0.179305 0.855085 0.208082 0.830377 0.210401 0.832898 0.172039  0 0 
4 0.855085 0.208082 0.85623 0.235566 0.8309 0.241349 0.830377 0.210401  0 0 
4 0.85623 0.235566 0.86086 0.264389 0.831415 0.271828 0.8309 0.241349  0 0 
4 0.86086 0.264389 0.858722 0.294485 0.835903 0.29839 0.831415 0.271828  0 0 
4 0.858722 0.294485 0.86918 0.313012 0.839808 0.321498 0.835903 0.29839  0 0 
4 0.86918 0.313012 0.865022 0.33728 0.842802 0.337284 0.839808 0.321498  0 0 
4 0.865022 0.33728 0.867502 0.354043 0.847142 0.360171 0.842802 0.337284  0 0 
4 0.867502 0.354043 0.872492 0.381145 0.846862 0.398789 0.847142 0.360171  0 0 
4 0.872492 0.381145 0.87055 0.419093 0.846662 0.426515 0.846862 0.398789  0 0 
4 0.87055 0.419093 0.86653 0.449108 0.83829 0.457328 0.846662 0.426515  0 0 
4 0.86653 0.449108 0.864857 0.483527 0.82772 0.496235 0.83829 0.457328  0 0 
4 0.864857 0.483527 0.858199 0.509615 0.829698 0.518402 0.82772 0.496235  0 0 
4 0.858199 0.509615 0.858954 0.539231 0.832564 0.550514 0.829698 0.518402  0 0 
4 0.858954 0.539231 0.852774 0.567873 0.826412 0.58034 0.832564 0.550514  0 0 
4 0.852774 0.567873 0.844111 0.599679 0.821434 0.604476 0.826412 0.58034  0 0 
4 0.844111 0.599679 0.840915 0.633849 0.815515 0.63234 0.821434 0.604476  0 0 
4 0.840915 0.633849 0.839153 0.662397 0.809023 0.662899 0.815515 0.63234  0 0 
4 0.839153 0.662397 0.852075 0.685152 0.813069 0.692361 0.809023 0.662899  0 0 
4 0.852075 0.685152 0.850546 0.719245 0.817957 0.727958 0.813069 0.692361  0 0 
4 0.850546 0.719245 0.860345 0.747459 0.828525 0.755361 0.817957 0.727958  0 0 
4 0.860345 0.747459 0.863327 0.78219 0.838273 0.780637 0.828525 0.755361  0 0 
4 0.863327 0.78219 0.872432 0.809201 0.850623 0.821282 0.838273 0.780637  0 0 
4 0.872432 0.809201 0.885051 0.846454 0.861315 0.856474 0.850623 0.821282  0 0 
4 0.885051 0.846454 0.879313 0.890682 0.85694 0.890761 0.861315 0.856474  0 0 
4 0.879313 0.890682 0.880546 0.921419 0.852625 0.924567 0.85694 0.890761  0 0 
4 0.880546 0.921419 0.884898 0.965366 0.857847 0.968919 0.852625 0.924567  0 0 
4 0.884898 0.965366 0.886744 1 0.861507 1 0.857847 0.968919  0 0 
4 0.825773 0 0.829811 0.0344076 0.80884 0.0387791 0.804815 0  0 0 
4 0.829811 0.0344076 0.832816 0.0600154 0.80732 0.066254 0.80884 0.0387791  0 0 
4 0.832816 0.0600154 0.833597 0.096612 0.807741 0.112497 0.80732 0.066254  0 0 
4 0.833597 0.096612 0.834641 0.14551 0.807605 0.145382 0.807741 0.112497  0 0 
4 0.834641 0.14551 0.832898 0.172039 0.807812 0.175277 0.807605 0.145382  0 0 
4 0.832898 0.172039 0.830377 0.210401 0.80242 0.210772 0.807812 0.175277  0 0 
4 0.830377 0.210401 0.8309 0.241349 0.804795 0.242564 0.80242 0.210772  0 0 
4 0.8309 0.241349 0.831415 0.271828 0.809464 0.277373 0.804795 0.242564  0 0 
4 0.831415 0.271828 0.835903 0.29839 0.809054 0.307246 0.809464 0.277373  0 0 
4 0.835903 0.29839 0.839808 0.321498 0.807489 0.332522 0.809054 0.307246  0 0 
4 0.839808 0.321498 0.842802 0.337284 0.813849 0.350996 0.807489 0.332522  0 0 
4 0.842802 0.337284 0.847142 0.360171 0.816699 0.369333 0.813849 0.350996  0 0 
4 0.847142 0.360171 0.846862 0.398789 0.819241 0.404381 0.816699 0.369333  0 0 
4 0.846862 0.398789 0.846662 0.426515 0.818782 0.434635 0.819241 0.404381  0 0 
4 0.846662 0.426515 0.83829 0.457328 0.815112 0.462831 0.818782 0.434635  0 0 
4 0.83829 0.457328 0.82772 0.496235 0.806528 0.503487 0.815112 0.462831  0 0 
4 0.82772 0.496235 0.829698 0.518402 0.806747 0.533833 0.806528 0.503487  0 0 
4 0.829698 0.518402 0.832564 0.550514 0.799368 0.557708 0.806747 0.533833  0 0 
4 0.832564 0.550514 0.826412 0.58034 0.803035 0.581777 0.799368 0.557708  0 0 
4 0.826412 0.58034 0.821434 0.604476 0.793121 0.610465 0.803035 0.581777  0 0 
4 0.821434 0.604476 0.815515 0.63234 0.789071 0.649927 0.793121 0.610465  0 0 
4 0.815515 0.63234 0.809023 0.662899 0.788278 0.674779 0.789071 0.649927  0 0 
4 0.809023 0.662899 0.813069 0.692361 0.7845 0.709794 0.788278 0.674779  0 0 
4 0.813069 0.692361 0.817957 0.727958 0.786748 0.736302 0.7845 0.709794  0 0 
4 0.817957 0.727958 0.828525 0.755361 0.794843 0.77865 0.786748 0.736302  0 0 
4 0.828525 0.755361 0.838273 0.780637 0.80706 0.804697 0.794843 0.77865  0 0 
4 0.838273 0.780637 0.850623 0.821282 0.812764 0.838688 0.80706 0.804697  0 0 
4 0.850623 0.821282 0.861315 0.856474 0.823621 0.872387 0.812764 0.838688  0 0 
4 0.861315 0.856474 0.85694 0.890761 0.832131 0.898197 0.823621 0.872387  0 0 
4 0.85694 0.890761 0.852625 0.924567 0.833425 0.932394 0.832131 0.898197  0 0 
4 0.852625 0.924567 0.857847 0.968919 0.833351 0.960825 0.833425 0.932394  0 0 
4 0.857847 0.968919 0.861507 1 0.845376 1 0.833351 0.960825  0 0 
4 0.804815 0 0.80884 0.0387791 0.777111 0.033961 0.77599 0  0 0 
4 0.80884 0.0387791 0.80732 0.066254 0.77841 0.0733277 0.777111 0.033961  0 0 
4 0.80732 0.066254 0.807741 0.112497 0.779633 0.110381 0.77841 0.0733277  0 0 
4 0.807741 0.112497 0.807605 0.145382 0.780784 0.145254 0.779633 0.110381  0 0 
4 0.807605 0.145382 0.807812 0.175277 0.7818 0.176036 0.780784 0.145254  0 0 
4 0.807812 0.175277 0.80242 0.210772 0.782955 0.211031 0.7818 0.176036  0 0 
4 0.80242 0.210772 0.804795 0.242564 0.784156 0.247424 0.782955 0.211031  0 0 
4 0.804795 0.242564 0.809464 0.277373 0.785346 0.283466 0.784156 0.247424  0 0 
4 0.809464 0.277373 0.809054 0.307246 0.784648 0.31336 0.785346 0.283466  0 0 
4 0.809054 0.307246 0.807489 0.332522 0.784015 0.340529 0.784648 0.31336  0 0 
4 0.807489 0.332522 0.813849 0.350996 0.783514 0.362 0.784015 0.340529  0 0 
4 0.813849 0.350996 0.816699 0.369333 0.783107 0.379443 0.783514 0.362  0 0 
4 0.816699 0.369333 0.819241 0.404381 0.78225 0.416185 0.783107 0.379443  0 0 
4 0.819241 0.404381 0.818782 0.434635 0.781567 0.445473 0.78225 0.416185  0 0 
4 0.818782 0.434635 0.815112 0.462831 0.780821 0.47747 0.781567 0.445473  0 0 
4 0.815112 0.462831 0.806528 0.503487 0.780002 0.512564 0.780821 0.47747  0 0 
4 0.806528 0.503487 0.806747 0.533833 0.776897 0.539044 0.780002 0.512564  0 0 
4 0.806747 0.533833 0.799368 0.557708 0.774065 0.563191 0.776897 0.539044  0 0 
4 0.799368 0.557708 0.803035 0.581777 0.77056 0.593086 0.774065 0.563191  0 0 
4 0.803035 0.581777 0.793121 0.610465 0.767896 0.615801 0.77056 0.593086  0 0 
4 0.793121 0.610465 0.789071 0.649927 0.763609 0.652363 0.767896 0.615801  0 0 
4 0.789071 0.649927 0.788278 0.674779 0.759016 0.691536 0.763609 0.652363  0 0 
4 0.788278 0.674779 0.7845 0.709794 0.756248 0.715137 0.759016 0.691536  0 0 
4 0.7845 0.709794 0.786748 0.736302 0.752699 0.745405 0.756248 0.715137  0 0 
4 0.786748 0.736302 0.794843 0.77865 0.765651 0.790915 0.752699 0.745405  0 0 
4 0.794843 0.77865 0.80706 0.804697 0.776318 0.828394 0.765651 0.790915  0 0 
4 0.80706 0.804697 0.812764 0.838688 0.785519 0.860722 0.776318 0.828394  0 0 
4 0.812764 0.838688 0.823621 0.872387 0.79257 0.885495 0.785519 0.860722  0 0 
4 0.823621 0.872387 0.832131 0.898197 0.799624 0.910281 0.79257 0.885495  0 0 
4 0.832131 0.898197 0.833425 0.932394 0.808777 0.942441 0.799624 0.910281  0 0 
4 0.833425 0.932394 0.833351 0.960825 0.815791 0.967084 0.808777 0.942441  0 0 
4 0.833351 0.960825 0.845376 1 0.825159 1 0.815791 0.967084  0 0 
4 0.77599 0 0.777111 0.033961 0.75267 0.035268 0.756301 0  0 0 
4 0.777111 0.033961 0.77841 0.0733277 0.74827 0.0662122 0.75267 0.035268  0 0 
4 0.77841 0.0733277 0.779633 0.110381 0.759122 0.105101 0.74827 0.0662122  0 0 
4 0.779633 0.110381 0.780784 0.145254 0.757662 0.137787 0.759122 0.105101  0 0 
4 0.780784 0.145254 0.7818 0.176036 0.757498 0.176577 0.757662 0.137787  0 0 
4 0.7818 0.176036 0.782955 0.211031 0.754271 0.211891 0.757498 0.176577  0 0 
4 0.782955 0.211031 0.784156 0.247424 0.759143 0.248953 0.754271 0.211891  0 0 
4 0.784156 0.247424 0.785346 0.283466 0.763566 0.28045 0.759143 0.248953  0 0 
4 0.785346 0.283466 0.784648 0.31336 0.755739 0.306729 0.763566 0.28045  0 0 
4 0.784648 0.31336 0.784015 0.340529 0.747296 0.33546 0.755739 0.306729  0 0 
4 0.784015 0.340529 0.783514 0.362 0.756861 0.355821 0.747296 0.33546  0 0 
4 0.783514 0.362 0.783107 0.379443 0.756075 0.38265 0.756861 0.355821  0 0 
4 0.783107 0.379443 0.78225 0.416185 0.757183 0.41899 0.756075 0.38265  0 0 
4 0.78225 0.416185 0.781567 0.445473 0.744072 0.456458 0.757183 0.41899  0 0 
4 0.781567 0.445473 0.780821 0.47747 0.75288 0.4813 0.744072 0.456458  0 0 
4 0.780821 0.47747 0.780002 0.512564 0.756456 0.520621 0.75288 0.4813  0 0 
4 0.780002 0.512564 0.776897 0.539044 0.745173 0.549436 0.756456 0.520621  0 0 
4 0.776897 0.539044 0.774065 0.563191 0.736819 0.5774 0.745173 0.549436  0 0 
4 0.774065 0.563191 0.77056 0.593086 0.743664 0.60371 0.736819 0.5774  0 0 
4 0.77056 0.593086 0.767896 0.615801 0.74965 0.627103 0.743664 0.60371  0 0 
4 0.767896 0.615801 0.763609 0.652363 0.739458 0.657885 0.74965 0.627103  0 0 
4 0.763609 0.652363 0.759016 0.691536 0.723455 0.701672 0.739458 0.657885  0 0 
4 0.759016 0.691536 0.756248 0.715137 0.722942 0.732072 0.723455 0.701672  0 0 
4 0.756248 0.715137 0.752699 0.745405 0.71721 0.753748 0.722942 0.732072  0 0 
4 0.752699 0.745405 0.765651 0.790915 0.726118 0.783647 0.71721 0.753748  0 0 
4 0.765651 0.790915 0.776318 0.828394 0.740335 0.826767 0.726118 0.783647  0 0 
4 0.776318 0.828394 0.785519 0.860722 0.743789 0.852876 0.740335 0.826767  0 0 
4 0.785519 0.860722 0.79257 0.885495 0.755021 0.881289 0.743789 0.852876  0 0 
4 0.79257 0.885495 0.799624 0.910281 0.767146 0.913907 0.755021 0.881289  0 0 
4 0.799624 0.910281 0.808777 0.942441 0.766642 0.940724 0.767146 0.913907  0 0 
4 0.808777 0.942441 0.815791 0.967084 0.788516 0.972381 0.766642 0.940724  0 0 
4 0.815791 0.967084 0.825159 1 0.796173 1 0.788516 0.972381  0 0 
4 0.756301 0 0.75267 0.035268 0.733744 0.028452 0.742119 0  0 0 
4 0.75267 0.035268 0.74827 0.0662122 0.724296 0.0605522 0.733744 0.028452  0 0 
4 0.74827 0.0662122 0.759122 0.105101 0.729966 0.099629 0.724296 0.0605522  0 0 
4 0.759122 0.105101 0.757662 0.137787 0.734413 0.130279 0.729966 0.099629  0 0 
4 0.757662 0.137787 0.757498 0.176577 0.728915 0.170159 0.734413 0.130279  0 0 
4 0.757498 0.176577 0.754271 0.211891 0.723033 0.212828 0.728915 0.170159  0 0 
4 0.754271 0.211891 0.759143 0.248953 0.727292 0.239974 0.723033 0.212828  0 0 
4 0.759143 0.248953 0.763566 0.28045 0.732979 0.276214 0.727292 0.239974  0 0 
4 0.763566 0.28045 0.755739 0.306729 0.727154 0.300645 0.732979 0.276214  0 0 
4 0.755739 0.306729 0.747296 0.33546 0.71976 0.331658 0.727154 0.300645  0 0 
4 0.747296 0.33546 0.756861 0.355821 0.72513 0.356417 0.71976 0.331658  0 0 
4 0.756861 0.355821 0.756075 0.38265 0.731453 0.38557 0.72513 0.356417  0 0 
4 0.756075 0.38265 0.757183 0.41899 0.722388 0.432144 0.731453 0.38557  0 0 
4 0.757183 0.41899 0.744072 0.456458 0.716057 0.464666 0.722388 0.432144  0 0 
4 0.744072 0.456458 0.75288 0.4813 0.719297 0.499685 0.716057 0.464666  0 0 
4 0.75288 0.4813 0.756456 0.520621 0.722314 0.532304 0.719297 0.499685  0 0 
4 0.756456 0.520621 0.745173 0.549436 0.715463 0.562931 0.722314 0.532304  0 0 
4 0.745173 0.549436 0.736819 0.5774 0.709931 0.587657 0.715463 0.562931  0 0 
4 0.736819 0.5774 0.743664 0.60371 0.716188 0.614906 0.709931 0.587657  0 0 
4 0.743664 0.60371 0.74965 0.627103 0.722807 0.64373 0.716188 0.614906  0 0 
4 0.74965 0.627103 0.739458 0.657885 0.711295 0.67032 0.722807 0.64373  0 0 
4 0.739458 0.657885 0.723455 0.701672 0.6941 0.710039 0.711295 0.67032  0 0 
4 0.723455 0.701672 0.722942 0.732072 0.690793 0.733705 0.6941 0.710039  0 0 
4 0.722942 0.732072 0.71721 0.753748 0.686999 0.76085 0.690793 0.733705  0 0 
4 0.71721 0.753748 0.726118 0.783647 0.695465 0.788111 0.686999 0.76085  0 0 
4 0.726118 0.783647 0.740335 0.826767 0.707003 0.82526 0.695465 0.788111  0 0 
4 0.740335 0.826767 0.743789 0.852876 0.715306 0.851914 0.707003 0.82526  0 0 
4 0.743789 0.852876 0.755021 0.881289 0.723353 0.877742 0.715306 0.851914  0 0 
4 0.755021 0.881289 0.767146 0.913907 0.731009 0.91291 0.723353 0.877742  0 0 
4 0.767146 0.913907 0.766642 0.940724 0.736799 0.939507 0.731009 0.91291  0 0 
4 0.766642 0.940724 0.788516 0.972381 0.74981 0.971424 0.736799 0.939507  0 0 
4 0.788516 0.972381 0.796173 1 0.76146 1 0.74981 0.971424  0 0 
4 0.742119 0 0.733744 0.028452 0.713287 0.0285837 0.721522 0  0 0 
4 0.733744 0.028452 0.724296 0.0605522 0.70189 0.0597825 0.713287 0.0285837  0 0 
4 0.724296 0.0605522 0.729966 0.099629 0.706968 0.0878655 0.70189 0.0597825  0 0 
4 0.729966 0.099629 0.734413 0.130279 0.707174 0.121483 0.706968 0.0878655  0 0 
4 0.734413 0.130279 0.728915 0.170159 0.697226 0.160359 0.707174 0.121483  0 0 
4 0.728915 0.170159 0.723033 0.212828 0.695903 0.201308 0.697226 0.160359  0 0 
4 0.723033 0.212828 0.727292 0.239974 0.700275 0.240686 0.695903 0.201308  0 0 
4 0.727292 0.239974 0.732979 0.276214 0.698685 0.271465 0.700275 0.240686  0 0 
4 0.732979 0.276214 0.727154 0.300645 0.703474 0.29774 0.698685 0.271465  0 0 
4 0.727154 0.300645 0.71976 0.331658 0.697248 0.331434 0.703474 0.29774  0 0 
4 0.71976 0.331658 0.72513 0.356417 0.703649 0.362737 0.697248 0.331434  0 0 
4 0.72513 0.356417 0.731453 0.38557 0.701394 0.389136 0.703649 0.362737  0 0 
4 0.731453 0.38557 0.722388 0.432144 0.692738 0.42351 0.701394 0.389136  0 0 
4 0.722388 0.432144 0.716057 0.464666 0.689969 0.467285 0.692738 0.42351  0 0 
4 0.716057 0.464666 0.719297 0.499685 0.683049 0.514297 0.689969 0.467285  0 0 
4 0.719297 0.499685 0.722314 0.532304 0.685487 0.544907 0.683049 0.514297  0 0 
4 0.722314 0.532304 0.715463 0.562931 0.685988 0.565765 0.685487 0.544907  0 0 
4 0.715463 0.562931 0.709931 0.587657 0.681901 0.598472 0.685988 0.565765  0 0 
4 0.709931 0.587657 0.716188 0.614906 0.694022 0.627298 0.681901 0.598472  0 0 
4 0.716188 0.614906 0.722807 0.64373 0.699052 0.658444 0.694022 0.627298  0 0 
4 0.722807 0.64373 0.711295 0.67032 0.681917 0.694562 0.699052 0.658444  0 0 
4 0.711295 0.67032 0.6941 0.710039 0.674514 0.718435 0.681917 0.694562  0 0 
4 0.6941 0.710039 0.690793 0.733705 0.662676 0.740907 0.674514 0.718435  0 0 
4 0.690793 0.733705 0.686999 0.76085 0.661006 0.76696 0.662676 0.740907  0 0 
4 0.686999 0.76085 0.695465 0.788111 0.673491 0.793153 0.661006 0.76696  0 0 
4 0.695465 0.788111 0.707003 0.82526 0.672377 0.824318 0.673491 0.793153  0 0 
4 0.707003 0.82526 0.715306 0.851914 0.690313 0.854195 0.672377 0.824318  0 0 
4 0.715306 0.851914 0.723353 0.877742 0.69382 0.874434 0.690313 0.854195  0 0 
4 0.723353 0.877742 0.731009 0.91291 0.69771 0.902131 0.69382 0.874434  0 0 
4 0.731009 0.91291 0.736799 0.939507 0.705717 0.932516 0.69771 0.902131  0 0 
4 0.736799 0.939507 0.74981 0.971424 0.708097 0.960056 0.705717 0.932516  0 0 
4 0.74981 0.971424 0.76146 1 0.713279 1 0.708097 0.960056  0 0 
4 0.721522 0 0.713287 0.0285837 0.688566 0.0242194 0.691593 0  0 0 
4 0.713287 0.0285837 0.70189 0.0597825 0.684198 0.0591747 0.688566 0.0242194  0 0 
4 0.70189 0.0597825 0.706968 0.0878655 0.681454 0.0811338 0.684198 0.0591747  0 0 
4 0.706968 0.0878655 0.707174 0.121483 0.677605 0.111934 0.681454 0.0811338  0 0 
4 0.707174 0.121483 0.697226 0.160359 0.675552 0.153739 0.677605 0.111934  0 0 
4 0.697226 0.160359 0.695903 0.201308 0.673678 0.19187 0.675552 0.153739  0 0 
4 0.695903 0.201308 0.700275 0.240686 0.671929 0.227485 0.673678 0.19187  0 0 
4 0.700275 0.240686 0.698685 0.271465 0.669964 0.267488 0.671929 0.227485  0 0 
4 0.698685 0.271465 0.703474 0.29774 0.670984 0.301914 0.669964 0.267488  0 0 
4 0.703474 0.29774 0.697248 0.331434 0.671852 0.331182 0.670984 0.301914  0 0 
4 0.697248 0.331434 0.703649 0.362737 0.672865 0.365357 0.671852 0.331182  0 0 
4 0.703649 0.362737 0.701394 0.389136 0.673668 0.392425 0.672865 0.365357  0 0 
4 0.701394 0.389136 0.692738 0.42351 0.668626 0.424038 0.673668 0.392425  0 0 
4 0.692738 0.42351 0.689969 0.467285 0.66127 0.470166 0.668626 0.424038  0 0 
4 0.689969 0.467285 0.683049 0.514297 0.654703 0.511341 0.66127 0.470166  0 0 
4 0.683049 0.514297 0.685487 0.544907 0.647265 0.557986 0.654703 0.511341  0 0 
4 0.685487 0.544907 0.685988 0.565765 0.652553 0.585742 0.647265 0.557986  0 0 
4 0.685988 0.565765 0.681901 0.598472 0.656822 0.608149 0.652553 0.585742  0 0 
4 0.681901 0.598472 0.694022 0.627298 0.6641 0.646345 0.656822 0.608149  0 0 
4 0.694022 0.627298 0.699052 0.658444 0.669851 0.676532 0.6641 0.646345  0 0 
4 0.699052 0.658444 0.681917 0.694562 0.658211 0.706468 0.669851 0.676532  0 0 
4 0.681917 0.694562 0.674514 0.718435 0.649365 0.729216 0.658211 0.706468  0 0 
4 0.674514 0.718435 0.662676 0.740907 0.642005 0.748145 0.649365 0.729216  0 0 
4 0.662676 0.740907 0.661006 0.76696 0.632041 0.773769 0.642005 0.748145  0 0 
4 0.661006 0.76696 0.673491 0.793153 0.641812 0.80336 0.632041 0.773769  0 0 
4 0.673491 0.793153 0.672377 0.824318 0.648518 0.82367 0.641812 0.80336  0 0 
4 0.672377 0.824318 0.690313 0.854195 0.656738 0.848562 0.648518 0.82367  0 0 
4 0.690313 0.854195 0.69382 0.874434 0.664186 0.871114 0.656738 0.848562  0 0 
4 0.69382 0.874434 0.69771 0.902131 0.666462 0.895304 0.664186 0.871114  0 0 
4 0.69771 0.902131 0.705717 0.932516 0.669191 0.924301 0.666462 0.895304  0 0 
4 0.705717 0.932516 0.708097 0.960056 0.672983 0.964587 0.669191 0.924301  0 0 
4 0.708097 0.960056 0.713279 1 0.676316 1 0.672983 0.964587  0 0 
4 0.691593 0 0.688566 0.0242194 0.657084 0.0325228 0.659428 0  0 0 
4 0.688566 0.0242194 0.684198 0.0591747 0.658683 0.0648644 0.657084 0.0325228  0 0 
4 0.684198 0.0591747 0.681454 0.0811338 0.655292 0.0929799 0.658683 0.0648644  0 0 
4 0.681454 0.0811338 0.677605 0.111934 0.651034 0.118764 0.655292 0.0929799  0 0 
4 0.677605 0.111934 0.675552 0.153739 0.649399 0.14827 0.651034 0.118764  0 0 
4 0.675552 0.153739 0.673678 0.19187 0.645199 0.189546 0.649399 0.14827  0 0 
4 0.673678 0.19187 0.671929 0.227485 0.633759 0.229078 0.645199 0.189546  0 0 
4 0.671929 0.227485 0.669964 0.267488 0.635001 0.262646 0.633759 0.229078  0 0 
4 0.669964 0.267488 0.670984 0.301914 0.636045 0.295582 0.635001 0.262646  0 0 
4 0.670984 0.301914 0.671852 0.331182 0.643091 0.33043 0.636045 0.295582  0 0 
4 0.671852 0.331182 0.672865 0.365357 0.645356 0.359644 0.643091 0.33043  0 0 
4 0.672865 0.365357 0.673668 0.392425 0.634122 0.39882 0.645356 0.359644  0 0 
4 0.673668 0.392425 0.668626 0.424038 0.637272 0.439458 0.634122 0.39882  0 0 
4 0.668626 0.424038 0.66127 0.470166 0.634283 0.472461 0.637272 0.439458  0 0 
4 0.66127 0.470166 0.654703 0.511341 0.627096 0.522902 0.634283 0.472461  0 0 
4 0.654703 0.511341 0.647265 0.557986 0.619913 0.567346 0.627096 0.522902  0 0 
4 0.647265 0.557986 0.652553 0.585742 0.624603 0.595089 0.619913 0.567346  0 0 
4 0.652553 0.585742 0.656822 0.608149 0.619664 0.627396 0.624603 0.595089  0 0 
4 0.656822 0.608149 0.6641 0.646345 0.6254 0.650316 0.619664 0.627396  0 0 
4 0.6641 0.646345 0.669851 0.676532 0.639244 0.680257 0.6254 0.650316  0 0 
4 0.669851 0.676532 0.658211 0.706468 0.626181 0.708321 0.639244 0.680257  0 0 
4 0.658211 0.706468 0.649365 0.729216 0.624789 0.732531 0.626181 0.708321  0 0 
4 0.649365 0.729216 0.642005 0.748145 0.615348 0.754374 0.624789 0.732531  0 0 
4 0.642005 0.748145 0.632041 0.773769 0.606931 0.779672 0.615348 0.754374  0 0 
4 0.632041 0.773769 0.641812 0.80336 0.618523 0.803757 0.606931 0.779672  0 0 
4 0.641812 0.80336 0.648518 0.82367 0.628236 0.829903 0.618523 0.803757  0 0 
4 0.648518 0.82367 0.656738 0.848562 0.626614 0.858293 0.628236 0.829903  0 0 
4 0.656738 0.848562 0.664186 0.871114 0.636695 0.877427 0.626614 0.858293  0 0 
4 0.664186 0.871114 0.666462 0.895304 0.633935 0.902906 0.636695 0.877427  0 0 
4 0.666462 0.895304 0.669191 0.924301 0.647768 0.93504 0.633935 0.902906  0 0 
4 0.669191 0.924301 0.672983 0.964587 0.650448 0.961905 0.647768 0.93504  0 0 
4 0.672983 0.964587 0.676316 1 0.645254 1 0.650448 0.961905  0 0 
4 0.659428 0 0.657084 0.0325228 0.635146 0.0368445 0.633616 0  0 0 
4 0.657084 0.0325228 0.658683 0.0648644 0.636515 0.0698079 0.635146 0.0368445  0 0 
4 0.658683 0.0648644 0.655292 0.0929799 0.626843 0.0951306 0.636515 0.0698079  0 0 
4 0.655292 0.0929799 0.651034 0.118764 0.614201 0.128232 0.626843 0.0951306  0 0 
4 0.651034 0.118764 0.649399 0.14827 0.613006 0.159901 0.614201 0.128232  0 0 
4 0.649399 0.14827 0.645199 0.189546 0.611989 0.186835 0.613006 0.159901  0 0 
4 0.645199 0.189546 0.633759 0.229078 0.605294 0.228302 0.611989 0.186835  0 0 
4 0.633759 0.229078 0.635001 0.262646 0.60052 0.257871 0.605294 0.228302  0 0 
4 0.635001 0.262646 0.636045 0.295582 0.609001 0.288329 0.60052 0.257871  0 0 
4 0.636045 0.295582 0.643091 0.33043 0.620561 0.329841 0.609001 0.288329  0 0 
4 0.643091 0.33043 0.645356 0.359644 0.60852 0.370013 0.620561 0.329841  0 0 
4 0.645356 0.359644 0.634122 0.39882 0.598141 0.404638 0.60852 0.370013  0 0 
4 0.634122 0.39882 0.637272 0.439458 0.603194 0.437101 0.598141 0.404638  0 0 
4 0.637272 0.439458 0.634283 0.472461 0.609032 0.474608 0.603194 0.437101  0 0 
4 0.634283 0.472461 0.627096 0.522902 0.599218 0.523934 0.609032 0.474608  0 0 
4 0.627096 0.522902 0.619913 0.567346 0.588439 0.578116 0.599218 0.523934  0 0 
4 0.619913 0.567346 0.624603 0.595089 0.589861 0.611881 0.588439 0.578116  0 0 
4 0.624603 0.595089 0.619664 0.627396 0.591137 0.642172 0.589861 0.611881  0 0 
4 0.619664 0.627396 0.6254 0.650316 0.596392 0.66478 0.591137 0.642172  0 0 
4 0.6254 0.650316 0.639244 0.680257 0.601069 0.684904 0.596392 0.66478  0 0 
4 0.639244 0.680257 0.626181 0.708321 0.597244 0.707615 0.601069 0.684904  0 0 
4 0.626181 0.708321 0.624789 0.732531 0.592311 0.736911 0.597244 0.707615  0 0 
4 0.624789 0.732531 0.615348 0.754374 0.58813 0.757654 0.592311 0.736911  0 0 
4 0.615348 0.754374 0.606931 0.779672 0.582536 0.785406 0.58813 0.757654  0 0 
4 0.606931 0.779672 0.618523 0.803757 0.59259 0.806191 0.582536 0.785406  0 0 
4 0.618523 0.803757 0.628236 0.829903 0.607188 0.836371 0.59259 0.806191  0 0 
4 0.628236 0.829903 0.626614 0.858293 0.604143 0.8569 0.607188 0.836371  0 0 
4 0.626614 0.858293 0.636695 0.877427 0.599842 0.88589 0.604143 0.8569  0 0 
4 0.636695 0.877427 0.633935 0.902906 0.611808 0.920233 0.599842 0.88589  0 0 
4 0.633935 0.902906 0.647768 0.93504 0.621547 0.948185 0.611808 0.920233  0 0 
4 0.647768 0.93504 0.650448 0.961905 0.621448 0.97192 0.621547 0.948185  0 0 
4 0.650448 0.961905 0.645254 1 0.621331 1 0.621448 0.97192  0 0 
4 0.633616 0 0.635146 0.0368445 0.5982 0.0350998 0.608719 0  0 0 
4 0.635146 0.0368445 0.636515 0.0698079 0.602628 0.0704794 0.5982 0.0350998  0 0 
4 0.636515 0.0698079 0.626843 0.0951306 0.594823 0.102308 0.602628 0.0704794  0 0 
4 0.626843 0.0951306 0.614201 0.128232 0.584316 0.135914 0.594823 0.102308  0 0 
4 0.614201 0.128232 0.613006 0.159901 0.581206 0.163962 0.584316 0.135914  0 0 
4 0.613006 0.159901 0.611989 0.186835 0.586247 0.18768 0.581206 0.163962  0 0 
4 0.611989 0.186835 0.605294 0.228302 0.581634 0.223051 0.586247 0.18768  0 0 
4 0.605294 0.228302 0.60052 0.257871 0.575087 0.254349 0.581634 0.223051  0 0 
4 0.60052 0.257871 0.609001 0.288329 0.581708 0.289498 0.575087 0.254349  0 0 
4 0.609001 0.288329 0.620561 0.329841 0.589858 0.329049 0.581708 0.289498  0 0 
4 0.620561 0.329841 0.60852 0.370013 0.581035 0.368584 0.589858 0.329049  0 0 
4 0.60852 0.370013 0.598141 0.404638 0.572033 0.40886 0.581035 0.368584  0 0 
4 0.598141 0.404638 0.603194 0.437101 0.574433 0.456198 0.572033 0.40886  0 0 
4 0.603194 0.437101 0.609032 0.474608 0.56884 0.496292 0.574433 0.456198  0 0 
4 0.609032 0.474608 0.599218 0.523934 0.567361 0.545409 0.56884 0.496292  0 0 
4 0.599218 0.523934 0.588439 0.578116 0.562961 0.586834 0.567361 0.545409  0 0 
4 0.588439 0.578116 0.589861 0.611881 0.558151 0.617848 0.562961 0.586834  0 0 
4 0.589861 0.611881 0.591137 0.642172 0.555595 0.644745 0.558151 0.617848  0 0 
4 0.591137 0.642172 0.596392 0.66478 0.563426 0.665713 0.555595 0.644745  0 0 
4 0.596392 0.66478 0.601069 0.684904 0.563118 0.689523 0.563426 0.665713  0 0 
4 0.601069 0.684904 0.597244 0.707615 0.565394 0.715672 0.563118 0.689523  0 0 
4 0.597244 0.707615 0.592311 0.736911 0.563239 0.737708 0.565394 0.715672  0 0 
4 0.592311 0.736911 0.58813 0.757654 0.560897 0.764695 0.563239 0.737708  0 0 
4 0.58813 0.757654 0.582536 0.785406 0.561844 0.790271 0.560897 0.764695  0 0 
4 0.582536 0.785406 0.59259 0.806191 0.570459 0.809316 0.561844 0.790271  0 0 
4 0.59259 0.806191 0.607188 0.836371 0.582877 0.836696 0.570459 0.809316  0 0 
4 0.607188 0.836371 0.604143 0.8569 0.574474 0.859558 0.582877 0.836696  0 0 
4 0.604143 0.8569 0.599842 0.88589 0.578758 0.890731 0.574474 0.859558  0 0 
4 0.599842 0.88589 0.611808 0.920233 0.583836 0.919619 0.578758 0.890731  0 0 
4 0.611808 0.920233 0.621547 0.948185 0.596364 0.950289 0.583836 0.919619  0 0 
4 0.621547 0.948185 0.621448 0.97192 0.594735 0.979178 0.596364 0.950289  0 0 
4 0.621448 0.97192 0.621331 1 0.59872 1 0.594735 0.979178  0 0 
4 0.608719 0 0.5982 0.0350998 0.569847 0.0345876 0.572544 0  0 0 
4 0.5982 0.0350998 0.602628 0.0704794 0.566994 0.0711855 0.569847 0.0345876  0 0 
4 0.602628 0.0704794 0.594823 0.102308 0.564295 0.1058 0.566994 0.0711855  0 0 
4 0.594823 0.102308 0.584316 0.135914 0.561489 0.141782 0.564295 0.1058  0 0 
4 0.584316 0.135914 0.581206 0.163962 0.559443 0.168018 0.561489 0.141782  0 0 
4 0.581206 0.163962 0.586247 0.18768 0.557837 0.188613 0.559443 0.168018  0 0 
4 0.586247 0.18768 0.581634 0.223051 0.555426 0.219535 0.557837 0.188613  0 0 
4 0.581634 0.223051 0.575087 0.254349 0.552951 0.251284 0.555426 0.219535  0 0 
4 0.575087 0.254349 0.581708 0.289498 0.549526 0.29521 0.552951 0.251284  0 0 
4 0.581708 0.289498 0.589858 0.329049 0.546973 0.327942 0.549526 0.29521  0 0 
4 0.589858 0.329049 0.581035 0.368584 0.543854 0.367952 0.546973 0.327942  0 0 
4 0.581035 0.368584 0.572033 0.40886 0.540263 0.413997 0.543854 0.367952  0 0 
4 0.572033 0.40886 0.574433 0.456198 0.535733 0.472101 0.540263 0.413997  0 0 
4 0.574433 0.456198 0.56884 0.496292 0.53231 0.516 0.535733 0.472101  0 0 
4 0.56884 0.496292 0.567361 0.545409 0.528831 0.560617 0.53231 0.516  0 0 
4 0.567361 0.545409 0.562961 0.586834 0.525795 0.599552 0.528831 0.560617  0 0 
4 0.562961 0.586834 0.558151 0.617848 0.527723 0.618355 0.525795 0.599552  0 0 
4 0.558151 0.617848 0.555595 0.644745 0.530614 0.646553 0.527723 0.618355  0 0 
4 0.555595 0.644745 0.563426 0.665713 0.533085 0.670651 0.530614 0.646553  0 0 
4 0.563426 0.665713 0.563118 0.689523 0.535366 0.692901 0.533085 0.670651  0 0 
4 0.563118 0.689523 0.565394 0.715672 0.537241 0.711187 0.535366 0.692901  0 0 
4 0.565394 0.715672 0.563239 0.737708 0.540025 0.738344 0.537241 0.711187  0 0 
4 0.563239 0.737708 0.560897 0.764695 0.54312 0.768524 0.540025 0.738344  0 0 
4 0.560897 0.764695 0.561844 0.790271 0.545738 0.794057 0.54312 0.768524  0 0 
4 0.561844 0.790271 0.570459 0.809316 0.548173 0.817803 0.545738 0.794057  0 0 
4 0.570459 0.809316 0.582877 0.836696 0.550155 0.837132 0.548173 0.817803  0 0 
4 0.582877 0.836696 0.574474 0.859558 0.552597 0.860952 0.550155 0.837132  0 0 
4 0.574474 0.859558 0.578758 0.890731 0.556182 0.895915 0.552597 0.860952  0 0 
4 0.578758 0.890731 0.583836 0.919619 0.559006 0.923464 0.556182 0.895915  0 0 
4 0.583836 0.919619 0.596364 0.950289 0.562051 0.953155 0.559006 0.923464  0 0 
4 0.596364 0.950289 0.594735 0.979178 0.564865 0.980599 0.562051 0.953155  0 0 
4 0.594735 0.979178 0.59872 1 0.566854 1 0.564865 0.980599  0 0 
4 0.572544 0 0.569847 0.0345876 0.519523 0.0347686 0.529845 0  0 0 
4 0.569847 0.0345876 0.566994 0.0711855 0.516199 0.062816 0.519523 0.0347686  0 0 
4 0.566994 0.0711855 0.564295 0.1058 0.527501 0.102145 0.516199 0.062816  0 0 
4 0.564295 0.1058 0.561489 0.141782 0.526346 0.140976 0.527501 0.102145  0 0 
4 0.561489 0.141782 0.559443 0.168018 0.526334 0.163957 0.526346 0.140976  0 0 
4 0.559443 0.168018 0.557837 0.188613 0.51511 0.189581 0.526334 0.163957  0 0 
4 0.557837 0.188613 0.555426 0.219535 0.514505 0.222446 0.51511 0.189581  0 0 
4 0.555426 0.219535 0.552951 0.251284 0.520217 0.251238 0.514505 0.222446  0 0 
4 0.552951 0.251284 0.549526 0.29521 0.509188 0.285945 0.520217 0.251238  0 0 
4 0.549526 0.29521 0.546973 0.327942 0.498731 0.327328 0.509188 0.285945  0 0 
4 0.546973 0.327942 0.543854 0.367952 0.485269 0.37283 0.498731 0.327328  0 0 
4 0.543854 0.367952 0.540263 0.413997 0.482392 0.411013 0.485269 0.37283  0 0 
4 0.540263 0.413997 0.535733 0.472101 0.485938 0.459187 0.482392 0.411013  0 0 
4 0.535733 0.472101 0.53231 0.516 0.486137 0.504923 0.485938 0.459187  0 0 
4 0.53231 0.516 0.528831 0.560617 0.491367 0.55719 0.486137 0.504923  0 0 
4 0.528831 0.560617 0.525795 0.599552 0.49388 0.596631 0.491367 0.55719  0 0 
4 0.525795 0.599552 0.527723 0.618355 0.491899 0.621162 0.49388 0.596631  0 0 
4 0.527723 0.618355 0.530614 0.646553 0.495506 0.645696 0.491899 0.621162  0 0 
4 0.530614 0.646553 0.533085 0.670651 0.501698 0.667046 0.495506 0.645696  0 0 
4 0.533085 0.670651 0.535366 0.692901 0.514708 0.692469 0.501698 0.667046  0 0 
4 0.535366 0.692901 0.537241 0.711187 0.517576 0.716443 0.514708 0.692469  0 0 
4 0.537241 0.711187 0.540025 0.738344 0.516845 0.740959 0.517576 0.716443  0 0 
4 0.540025 0.738344 0.54312 0.768524 0.521173 0.770506 0.516845 0.740959  0 0 
4 0.54312 0.768524 0.545738 0.794057 0.516275 0.790998 0.521173 0.770506  0 0 
4 0.545738 0.794057 0.548173 0.817803 0.526154 0.819262 0.516275 0.790998  0 0 
4 0.548173 0.817803 0.550155 0.837132 0.521353 0.84184 0.526154 0.819262  0 0 
4 0.550155 0.837132 0.552597 0.860952 0.530686 0.8712 0.521353 0.84184  0 0 
4 0.552597 0.860952 0.556182 0.895915 0.527828 0.895248 0.530686 0.8712  0 0 
4 0.556182 0.895915 0.559006 0.923464 0.534252 0.919788 0.527828 0.895248  0 0 
4 0.559006 0.923464 0.562051 0.953155 0.541213 0.953763 0.534252 0.919788  0 0 
4 0.562051 0.953155 0.564865 0.980599 0.539886 0.976307 0.541213 0.953763  0 0 
4 0.564865 0.980599 0.566854 1 0.538942 1 0.539886 0.976307  0 0 
4 0.529845 0 0.519523 0.0347686 0.479794 0.0295993 0.479712 0  0 0 
4 0.519523 0.0347686 0.516199 0.062816 0.47987 0.05683 0.479794 0.0295993  0 0 
4 0.516199 0.062816 0.527501 0.102145 0.482711 0.102977 0.47987 0.05683  0 0 
4 0.527501 0.102145 0.526346 0.140976 0.484991 0.140028 0.482711 0.102977  0 0 
4 0.526346 0.140976 0.526334 0.163957 0.476517 0.1648 0.484991 0.140028  0 0 
4 0.526334 0.163957 0.51511 0.189581 0.467672 0.190656 0.476517 0.1648  0 0 
4 0.51511 0.189581 0.514505 0.222446 0.471031 0.219699 0.467672 0.190656  0 0 
4 0.514505 0.222446 0.520217 0.251238 0.47467 0.251174 0.471031 0.219699  0 0 
4 0.520217 0.251238 0.509188 0.285945 0.465715 0.282049 0.47467 0.251174  0 0 
4 0.509188 0.285945 0.498731 0.327328 0.452752 0.326743 0.465715 0.282049  0 0 
4 0.498731 0.327328 0.485269 0.37283 0.445183 0.364765 0.452752 0.326743  0 0 
4 0.485269 0.37283 0.482392 0.411013 0.436449 0.408645 0.445183 0.364765  0 0 
4 0.482392 0.411013 0.485938 0.459187 0.436991 0.444753 0.436449 0.408645  0 0 
4 0.485938 0.459187 0.486137 0.504923 0.437719 0.493307 0.436991 0.444753  0 0 
4 0.486137 0.504923 0.491367 0.55719 0.446649 0.537836 0.437719 0.493307  0 0 
4 0.491367 0.55719 0.49388 0.596631 0.457778 0.593327 0.446649 0.537836  0 0 
4 0.49388 0.596631 0.491899 0.621162 0.45905 0.619778 0.457778 0.593327  0 0 
4 0.491899 0.621162 0.495506 0.645696 0.460255 0.644836 0.45905 0.619778  0 0 
4 0.495506 0.645696 0.501698 0.667046 0.47548 0.669866 0.460255 0.644836  0 0 
4 0.501698 0.667046 0.514708 0.692469 0.488899 0.691928 0.47548 0.669866  0 0 
4 0.514708 0.692469 0.517576 0.716443 0.488943 0.718214 0.488899 0.691928  0 0 
4 0.517576 0.716443 0.516845 0.740959 0.488987 0.744102 0.488943 0.718214  0 0 
4 0.516845 0.740959 0.521173 0.770506 0.490578 0.762746 0.488987 0.744102  0 0 
4 0.521173 0.770506 0.516275 0.790998 0.492782 0.788559 0.490578 0.762746  0 0 
4 0.516275 0.790998 0.526154 0.819262 0.497353 0.817188 0.492782 0.788559  0 0 
4 0.526154 0.819262 0.521353 0.84184 0.501799 0.845036 0.497353 0.817188  0 0 
4 0.521353 0.84184 0.530686 0.8712 0.504113 0.873209 0.501799 0.845036  0 0 
4 0.530686 0.8712 0.527828 0.895248 0.505881 0.894731 0.504113 0.873209  0 0 
4 0.527828 0.895248 0.534252 0.919788 0.511006 0.927038 0.505881 0.894731  0 0 
4 0.534252 0.919788 0.541213 0.953763 0.515365 0.954518 0.511006 0.927038  0 0 
4 0.541213 0.953763 0.539886 0.976307 0.513624 0.981281 0.515365 0.954518  0 0 
4 0.539886 0.976307 0.538942 1 0.512407 1 0.513624 0.981281  0 0 
4 0.479712 0 0.479794 0.0295993 0.435102 0.0230614 0.447543 0  0 0 
4 0.479794 0.0295993 0.47987 0.05683 0.439168 0.0563325 0.435102 0.0230614  0 0 
4 0.47987 0.05683 0.482711 0.102977 0.437314 0.100115 0.439168 0.0563325  0 0 
4 0.482711 0.102977 0.484991 0.140028 0.447921 0.139177 0.437314 0.100115  0 0 
4 0.484991 0.140028 0.476517 0.1648 0.445229 0.162525 0.447921 0.139177  0 0 
4 0.476517 0.1648 0.467672 0.190656 0.437414 0.188159 0.445229 0.162525  0 0 
4 0.467672 0.190656 0.471031 0.219699 0.443109 0.215247 0.437414 0.188159  0 0 
4 0.471031 0.219699 0.47467 0.251174 0.445868 0.251134 0.443109 0.215247  0 0 
4 0.47467 0.251174 0.465715 0.282049 0.432376 0.291233 0.445868 0.251134  0 0 
4 0.465715 0.282049 0.452752 0.326743 0.417838 0.321024 0.432376 0.291233  0 0 
4 0.452752 0.326743 0.445183 0.364765 0.408197 0.362574 0.417838 0.321024  0 0 
4 0.445183 0.364765 0.436449 0.408645 0.391842 0.406345 0.408197 0.362574  0 0 
4 0.436449 0.408645 0.436991 0.444753 0.402888 0.454386 0.391842 0.406345  0 0 
4 0.436991 0.444753 0.437719 0.493307 0.409706 0.49276 0.402888 0.454386  0 0 
4 0.437719 0.493307 0.446649 0.537836 0.41619 0.538931 0.409706 0.49276  0 0 
4 0.446649 0.537836 0.457778 0.593327 0.418477 0.589729 0.41619 0.538931  0 0 
4 0.457778 0.593327 0.45905 0.619778 0.424276 0.616223 0.418477 0.589729  0 0 
4 0.45905 0.619778 0.460255 0.644836 0.428644 0.636235 0.424276 0.616223  0 0 
4 0.460255 0.644836 0.47548 0.669866 0.436846 0.658365 0.428644 0.636235  0 0 
4 0.47548 0.669866 0.488899 0.691928 0.463217 0.691391 0.436846 0.658365  0 0 
4 0.488899 0.691928 0.488943 0.718214 0.456619 0.716688 0.463217 0.691391  0 0 
4 0.488943 0.718214 0.488987 0.744102 0.465956 0.743029 0.456619 0.716688  0 0 
4 0.488987 0.744102 0.490578 0.762746 0.459164 0.762593 0.465956 0.743029  0 0 
4 0.490578 0.762746 0.492782 0.788559 0.4694 0.786131 0.459164 0.762593  0 0 
4 0.492782 0.788559 0.497353 0.817188 0.463483 0.814527 0.4694 0.786131  0 0 
4 0.497353 0.817188 0.501799 0.845036 0.476518 0.839525 0.463483 0.814527  0 0 
4 0.501799 0.845036 0.504113 0.873209 0.466876 0.865581 0.476518 0.839525  0 0 
4 0.504113 0.873209 0.505881 0.894731 0.468236 0.893845 0.466876 0.865581  0 0 
4 0.505881 0.894731 0.511006 0.927038 0.470563 0.924133 0.468236 0.893845  0 0 
4 0.511006 0.927038 0.515365 0.954518 0.487416 0.955164 0.470563 0.924133  0 0 
4 0.515365 0.954518 0.513624 0.981281 0.485032 0.974213 0.487416 0.955164  0 0 
4 0.513624 0.981281 0.512407 1 0.485491 1 0.485032 0.974213  0 0 
4 0.447543 0 0.435102 0.0230614 0.405049 0.0321352 0.405802 0  0 0 
4 0.435102 0.0230614 0.439168 0.0563325 0.404492 0.0559087 0.405049 0.0321352  0 0 
4 0.439168 0.0563325 0.437314 0.100115 0.403632 0.0926435 0.404492 0.0559087  0 0 
4 0.437314 0.100115 0.447921 0.139177 0.402566 0.138137 0.403632 0.0926435  0 0 
4 0.447921 0.139177 0.445229 0.162525 0.405226 0.165217 0.402566 0.138137  0 0 
4 0.445229 0.162525 0.437414 0.188159 0.407234 0.185668 0.405226 0.165217  0 0 
4 0.437414 0.188159 0.443109 0.215247 0.410205 0.215913 0.407234 0.185668  0 0 
4 0.443109 0.215247 0.445868 0.251134 0.41366 0.251088 0.410205 0.215913  0 0 
4 0.445868 0.251134 0.432376 0.291233 0.402827 0.282181 0.41366 0.251088  0 0 
4 0.432376 0.291233 0.417838 0.321024 0.390834 0.316601 0.402827 0.282181  0 0 
4 0.417838 0.321024 0.408197 0.362574 0.377978 0.3535 0.390834 0.316601  0 0 
4 0.408197 0.362574 0.391842 0.406345 0.360136 0.40471 0.377978 0.3535  0 0 
4 0.391842 0.406345 0.402888 0.454386 0.367086 0.448818 0.360136 0.40471  0 0 
4 0.402888 0.454386 0.409706 0.49276 0.3739 0.492061 0.367086 0.448818  0 0 
4 0.409706 0.49276 0.41619 0.538931 0.380754 0.535561 0.3739 0.492061  0 0 
4 0.41619 0.538931 0.418477 0.589729 0.388862 0.587018 0.380754 0.535561  0 0 
4 0.418477 0.589729 0.424276 0.616223 0.397341 0.610601 0.388862 0.587018  0 0 
4 0.424276 0.616223 0.428644 0.636235 0.404162 0.629575 0.397341 0.610601  0 0 
4 0.428644 0.636235 0.436846 0.658365 0.41644 0.663723 0.404162 0.629575  0 0 
4 0.436846 0.658365 0.463217 0.691391 0.426108 0.690614 0.41644 0.663723  0 0 
4 0.463217 0.691391 0.456619 0.716688 0.42975 0.720859 0.426108 0.690614  0 0 
4 0.456619 0.716688 0.465956 0.743029 0.43223 0.741459 0.42975 0.720859  0 0 
4 0.465956 0.743029 0.459164 0.762593 0.434357 0.759128 0.43223 0.741459  0 0 
4 0.459164 0.762593 0.4694 0.786131 0.437206 0.782788 0.434357 0.759128  0 0 
4 0.4694 0.786131 0.463483 0.814527 0.438091 0.802814 0.437206 0.782788  0 0 
4 0.463483 0.814527 0.476518 0.839525 0.439356 0.831423 0.438091 0.802814  0 0 
4 0.476518 0.839525 0.466876 0.865581 0.440587 0.859279 0.439356 0.831423  0 0 
4 0.466876 0.865581 0.468236 0.893845 0.442088 0.893229 0.440587 0.859279  0 0 
4 0.468236 0.893845 0.470563 0.924133 0.443596 0.920279 0.442088 0.893229  0 0 
4 0.470563 0.924133 0.487416 0.955164 0.445596 0.956132 0.443596 0.920279  0 0 
4 0.487416 0.955164 0.485032 0.974213 0.446642 0.974896 0.445596 0.956132  0 0 
4 0.485032 0.974213 0.485491 1 0.448042 1 0.446642 0.974896  0 0 
4 0.405802 0 0.405049 0.0321352 0.365477 0.0239023 0.370471 0  0 0 
4 0.405049 0.0321352 0.404492 0.0559087 0.374825 0.0551995 0.365477 0.0239023  0 0 
4 0.404492 0.0559087 0.403632 0.0926435 0.375672 0.095016 0.374825 0.0551995  0 0 
4 0.403632 0.0926435 0.402566 0.138137 0.362174 0.129014 0.375672 0.095016  0 0 
4 0.402566 0.138137 0.405226 0.165217 0.370762 0.155181 0.362174 0.129014  0 0 
4 0.405226 0.165217 0.407234 0.185668 0.358419 0.183803 0.370762 0.155181  0 0 
4 0.407234 0.185668 0.410205 0.215913 0.373741 0.222001 0.358419 0.183803  0 0 
4 0.410205 0.215913 0.41366 0.251088 0.372 0.25103 0.373741 0.222001  0 0 
4 0.41366 0.251088 0.402827 0.282181 0.364565 0.279461 0.372 0.25103  0 0 
4 0.402827 0.282181 0.390834 0.316601 0.349341 0.317299 0.364565 0.279461  0 0 
4 0.390834 0.316601 0.377978 0.3535 0.330777 0.366945 0.349341 0.317299  0 0 
4 0.377978 0.3535 0.360136 0.40471 0.323442 0.411117 0.330777 0.366945  0 0 
4 0.360136 0.40471 0.367086 0.448818 0.334348 0.448635 0.323442 0.411117  0 0 
4 0.367086 0.448818 0.3739 0.492061 0.327328 0.492994 0.334348 0.448635  0 0 
4 0.3739 0.492061 0.380754 0.535561 0.345219 0.538305 0.327328 0.492994  0 0 
4 0.380754 0.535561 0.388862 0.587018 0.348759 0.583348 0.345219 0.538305  0 0 
4 0.388862 0.587018 0.397341 0.610601 0.354525 0.60259 0.348759 0.583348  0 0 
4 0.397341 0.610601 0.404162 0.629575 0.351866 0.629854 0.354525 0.60259  0 0 
4 0.404162 0.629575 0.41644 0.663723 0.368765 0.656841 0.351866 0.629854  0 0 
4 0.41644 0.663723 0.426108 0.690614 0.385147 0.684426 0.368765 0.656841  0 0 
4 0.426108 0.690614 0.42975 0.720859 0.398293 0.710562 0.385147 0.684426  0 0 
4 0.42975 0.720859 0.43223 0.741459 0.392546 0.736074 0.398293 0.710562  0 0 
4 0.43223 0.741459 0.434357 0.759128 0.3991 0.755487 0.392546 0.736074  0 0 
4 0.434357 0.759128 0.437206 0.782788 0.408662 0.779825 0.3991 0.755487  0 0 
4 0.437206 0.782788 0.438091 0.802814 0.400573 0.810639 0.408662 0.779825  0 0 
4 0.438091 0.802814 0.439356 0.831423 0.403767 0.832878 0.400573 0.810639  0 0 
4 0.439356 0.831423 0.440587 0.859279 0.400827 0.862787 0.403767 0.832878  0 0 
4 0.440587 0.859279 0.442088 0.893229 0.411785 0.893719 0.400827 0.862787  0 0 
4 0.442088 0.893229 0.443596 0.920279 0.405751 0.920564 0.411785 0.893719  0 0 
4 0.443596 0.920279 0.445596 0.956132 0.403748 0.954874 0.405751 0.920564  0 0 
4 0.445596 0.956132 0.446642 0.974896 0.416751 0.981977 0.403748 0.954874  0 0 
4 0.446642 0.974896 0.448042 1 0.416966 1 0.416751 0.981977  0 0 
4 0.370471 0 0.365477 0.0239023 0.337522 0.0314108 0.327421 0  0 0 
4 0.365477 0.0239023 0.374825 0.0551995 0.344943 0.0544852 0.337522 0.0314108  0 0 
4 0.374825 0.0551995 0.375672 0.095016 0.339254 0.0824723 0.344943 0.0544852  0 0 
4 0.375672 0.095016 0.362174 0.129014 0.331216 0.122022 0.339254 0.0824723  0 0 
4 0.362174 0.129014 0.370762 0.155181 0.324183 0.15355 0.331216 0.122022  0 0 
4 0.370762 0.155181 0.358419 0.183803 0.317781 0.18225 0.324183 0.15355  0 0 
4 0.358419 0.183803 0.373741 0.222001 0.320298 0.217322 0.317781 0.18225  0 0 
4 0.373741 0.222001 0.372 0.25103 0.322713 0.250961 0.320298 0.217322  0 0 
4 0.372 0.25103 0.364565 0.279461 0.311789 0.287949 0.322713 0.250961  0 0 
4 0.364565 0.279461 0.349341 0.317299 0.302889 0.31808 0.311789 0.287949  0 0 
4 0.349341 0.317299 0.330777 0.366945 0.299581 0.368939 0.302889 0.31808  0 0 
4 0.330777 0.366945 0.323442 0.411117 0.296531 0.415815 0.299581 0.368939  0 0 
4 0.323442 0.411117 0.334348 0.448635 0.293825 0.44965 0.296531 0.415815  0 0 
4 0.334348 0.448635 0.327328 0.492994 0.290299 0.493735 0.293825 0.44965  0 0 
4 0.327328 0.492994 0.345219 0.538305 0.29506 0.544287 0.290299 0.493735  0 0 
4 0.345219 0.538305 0.348759 0.583348 0.298303 0.578729 0.29506 0.544287  0 0 
4 0.348759 0.583348 0.354525 0.60259 0.304674 0.600966 0.298303 0.578729  0 0 
4 0.354525 0.60259 0.351866 0.629854 0.31301 0.630062 0.304674 0.600966  0 0 
4 0.351866 0.629854 0.368765 0.656841 0.329641 0.651415 0.31301 0.630062  0 0 
4 0.368765 0.656841 0.385147 0.684426 0.351377 0.679325 0.329641 0.651415  0 0 
4 0.385147 0.684426 0.398293 0.710562 0.352492 0.706108 0.351377 0.679325  0 0 
4 0.398293 0.710562 0.392546 0.736074 0.353519 0.730779 0.352492 0.706108  0 0 
4 0.392546 0.736074 0.3991 0.755487 0.364541 0.749729 0.353519 0.730779  0 0 
4 0.3991 0.755487 0.408662 0.779825 0.380335 0.776884 0.364541 0.749729  0 0 
4 0.408662 0.779825 0.400573 0.810639 0.375567 0.802775 0.380335 0.776884  0 0 
4 0.400573 0.810639 0.403767 0.832878 0.369768 0.834268 0.375567 0.802775  0 0 
4 0.403767 0.832878 0.400827 0.862787 0.373156 0.860694 0.369768 0.834268  0 0 
4 0.400827 0.862787 0.411785 0.893719 0.377461 0.894273 0.373156 0.860694  0 0 
4 0.411785 0.893719 0.405751 0.920564 0.375511 0.92149 0.377461 0.894273  0 0 
4 0.405751 0.920564 0.403748 0.954874 0.373185 0.953955 0.375511 0.92149  0 0 
4 0.403748 0.954874 0.416751 0.981977 0.374043 0.980305 0.373185 0.953955  0 0 
4 0.416751 0.981977 0.416966 1 0.374685 1 0.374043 0.980305  0 0 
4 0.327421 0 0.337522 0.0314108 0.297205 0.0287693 0.297313 0  0 0 
4 0.337522 0.0314108 0.344943 0.0544852 0.306214 0.0494775 0.297205 0.0287693  0 0 
4 0.344943 0.0544852 0.339254 0.0824723 0.299016 0.0795152 0.306214 0.0494775  0 0 
4 0.339254 0.0824723 0.331216 0.122022 0.302692 0.11558 0.299016 0.0795152  0 0 
4 0.331216 0.122022 0.324183 0.15355 0.284716 0.149454 0.302692 0.11558  0 0 
4 0.324183 0.15355 0.317781 0.18225 0.282114 0.185218 0.284716 0.149454  0 0 
4 0.317781 0.18225 0.320298 0.217322 0.284748 0.211943 0.282114 0.185218  0 0 
4 0.320298 0.217322 0.322713 0.250961 0.292887 0.250919 0.284748 0.211943  0 0 
4 0.322713 0.250961 0.311789 0.287949 0.279951 0.284239 0.292887 0.250919  0 0 
4 0.311789 0.287949 0.302889 0.31808 0.273095 0.323446 0.279951 0.284239  0 0 
4 0.302889 0.31808 0.299581 0.368939 0.272909 0.381186 0.273095 0.323446  0 0 
4 0.299581 0.368939 0.296531 0.415815 0.268072 0.420784 0.272909 0.381186  0 0 
4 0.296531 0.415815 0.293825 0.44965 0.267288 0.462238 0.268072 0.420784  0 0 
4 0.293825 0.44965 0.290299 0.493735 0.261479 0.496186 0.267288 0.462238  0 0 
4 0.290299 0.493735 0.29506 0.544287 0.252685 0.539323 0.261479 0.496186  0 0 
4 0.29506 0.544287 0.298303 0.578729 0.260975 0.575313 0.252685 0.539323  0 0 
4 0.298303 0.578729 0.304674 0.600966 0.261395 0.598831 0.260975 0.575313  0 0 
4 0.304674 0.600966 0.31301 0.630062 0.280503 0.624367 0.261395 0.598831  0 0 
4 0.31301 0.630062 0.329641 0.651415 0.285773 0.644025 0.280503 0.624367  0 0 
4 0.329641 0.651415 0.351377 0.679325 0.3134 0.673588 0.285773 0.644025  0 0 
4 0.351377 0.679325 0.352492 0.706108 0.306863 0.696557 0.3134 0.673588  0 0 
4 0.352492 0.706108 0.353519 0.730779 0.324712 0.728181 0.306863 0.696557  0 0 
4 0.353519 0.730779 0.364541 0.749729 0.332632 0.751556 0.324712 0.728181  0 0 
4 0.364541 0.749729 0.380335 0.776884 0.34477 0.773191 0.332632 0.751556  0 0 
4 0.380335 0.776884 0.375567 0.802775 0.33331 0.806503 0.34477 0.773191  0 0 
4 0.375567 0.802775 0.369768 0.834268 0.33853 0.838932 0.33331 0.806503  0 0 
4 0.369768 0.834268 0.373156 0.860694 0.334983 0.863516 0.33853 0.838932  0 0 
4 0.373156 0.860694 0.377461 0.894273 0.331107 0.895021 0.334983 0.863516  0 0 
4 0.377461 0.894273 0.375511 0.92149 0.337108 0.926114 0.331107 0.895021  0 0 
4 0.375511 0.92149 0.373185 0.953955 0.336194 0.947651 0.337108 0.926114  0 0 
4 0.373185 0.953955 0.374043 0.980305 0.325157 0.970334 0.336194 0.947651  0 0 
4 0.374043 0.980305 0.374685 1 0.339097 1 0.325157 0.970334  0 0 
4 0.297313 0 0.297205 0.0287693 0.26787 0.0250966 0.270026 0  0 0 
4 0.297205 0.0287693 0.306214 0.0494775 0.266219 0.0443061 0.26787 0.0250966  0 0 
4 0.306214 0.0494775 0.299016 0.0795152 0.264023 0.069866 0.266219 0.0443061  0 0 
4 0.299016 0.0795152 0.302692 0.11558 0.260905 0.106141 0.264023 0.069866  0 0 
4 0.302692 0.11558 0.284716 0.149454 0.256802 0.153889 0.260905 0.106141  0 0 
4 0.284716 0.149454 0.282114 0.185218 0.253909 0.187565 0.256802 0.153889  0 0 
4 0.282114 0.185218 0.284748 0.211943 0.250809 0.22364 0.253909 0.187565  0 0 
4 0.284748 0.211943 0.292887 0.250919 0.24847 0.250857 0.250809 0.22364  0 0 
4 0.292887 0.250919 0.279951 0.284239 0.24521 0.286501 0.24847 0.250857  0 0 
4 0.279951 0.284239 0.273095 0.323446 0.241309 0.32917 0.24521 0.286501  0 0 
4 0.273095 0.323446 0.272909 0.381186 0.235949 0.387781 0.241309 0.32917  0 0 
4 0.272909 0.381186 0.268072 0.420784 0.232361 0.427019 0.235949 0.387781  0 0 
4 0.268072 0.420784 0.267288 0.462238 0.229488 0.458434 0.232361 0.427019  0 0 
4 0.267288 0.462238 0.261479 0.496186 0.225758 0.499224 0.229488 0.458434  0 0 
4 0.261479 0.496186 0.252685 0.539323 0.223008 0.529291 0.225758 0.499224  0 0 
4 0.252685 0.539323 0.260975 0.575313 0.21915 0.571484 0.223008 0.529291  0 0 
4 0.260975 0.575313 0.261395 0.598831 0.228003 0.591879 0.21915 0.571484  0 0 
4 0.261395 0.598831 0.280503 0.624367 0.238945 0.617087 0.228003 0.591879  0 0 
4 0.280503 0.624367 0.285773 0.644025 0.250638 0.644023 0.238945 0.617087  0 0 
4 0.285773 0.644025 0.3134 0.673588 0.259967 0.665516 0.250638 0.644023  0 0 
4 0.3134 0.673588 0.306863 0.696557 0.274037 0.697927 0.259967 0.665516  0 0 
4 0.306863 0.696557 0.324712 0.728181 0.28564 0.724657 0.274037 0.697927  0 0 
4 0.324712 0.728181 0.332632 0.751556 0.29708 0.751013 0.28564 0.724657  0 0 
4 0.332632 0.751556 0.34477 0.773191 0.304911 0.769053 0.29708 0.751013  0 0 
4 0.34477 0.773191 0.33331 0.806503 0.301629 0.811298 0.304911 0.769053  0 0 
4 0.33331 0.806503 0.33853 0.838932 0.299024 0.84483 0.301629 0.811298  0 0 
4 0.33853 0.838932 0.334983 0.863516 0.296668 0.875163 0.299024 0.84483  0 0 
4 0.334983 0.863516 0.331107 0.895021 0.29508 0.895602 0.296668 0.875163  0 0 
4 0.331107 0.895021 0.337108 0.926114 0.293106 0.921021 0.29508 0.895602  0 0 
4 0.337108 0.926114 0.336194 0.947651 0.291627 0.940057 0.293106 0.921021  0 0 
4 0.336194 0.947651 0.325157 0.970334 0.289288 0.970162 0.291627 0.940057  0 0 
4 0.325157 0.970334 0.339097 1 0.28697 1 0.289288 0.970162  0 0 
4 0.270026 0 0.26787 0.0250966 0.233892 0.0232651 0.233676 0  0 0 
4 0.26787 0.0250966 0.266219 0.0443061 0.234237 0.0452268 0.233892 0.0232651  0 0 
4 0.266219 0.0443061 0.264023 0.069866 0.232858 0.0761596 0.234237 0.0452268  0 0 
4 0.264023 0.069866 0.260905 0.106141 0.227048 0.111099 0.232858 0.0761596  0 0 
4 0.260905 0.106141 0.256802 0.153889 0.21672 0.145141 0.227048 0.111099  0 0 
4 0.256802 0.153889 0.253909 0.187565 0.221803 0.184724 0.21672 0.145141  0 0 
4 0.253909 0.187565 0.250809 0.22364 0.209589 0.215267 0.221803 0.184724  0 0 
4 0.250809 0.22364 0.24847 0.250857 0.20912 0.246289 0.209589 0.215267  0 0 
4 0.24847 0.250857 0.24521 0.286501 0.20632 0.2837 0.20912 0.246289  0 0 
4 0.24521 0.286501 0.241309 0.32917 0.219627 0.331231 0.20632 0.2837  0 0 
4 0.241309 0.32917 0.235949 0.387781 0.20428 0.376047 0.219627 0.331231  0 0 
4 0.235949 0.387781 0.232361 0.427019 0.208339 0.417127 0.20428 0.376047  0 0 
4 0.232361 0.427019 0.229488 0.458434 0.205927 0.455955 0.208339 0.417127  0 0 
4 0.229488 0.458434 0.225758 0.499224 0.202868 0.48796 0.205927 0.455955  0 0 
4 0.225758 0.499224 0.223008 0.529291 0.198183 0.524551 0.202868 0.48796  0 0 
4 0.223008 0.529291 0.21915 0.571484 0.19183 0.568984 0.198183 0.524551  0 0 
4 0.21915 0.571484 0.228003 0.591879 0.205459 0.587917 0.19183 0.568984  0 0 
4 0.228003 0.591879 0.238945 0.617087 0.211214 0.614136 0.205459 0.587917  0 0 
4 0.238945 0.617087 0.250638 0.644023 0.217739 0.640844 0.211214 0.614136  0 0 
4 0.250638 0.644023 0.259967 0.665516 0.213533 0.6648 0.217739 0.640844  0 0 
4 0.259967 0.665516 0.274037 0.697927 0.235716 0.692211 0.213533 0.6648  0 0 
4 0.274037 0.697927 0.28564 0.724657 0.242267 0.719453 0.235716 0.692211  0 0 
4 0.28564 0.724657 0.29708 0.751013 0.256578 0.749968 0.242267 0.719453  0 0 
4 0.29708 0.751013 0.304911 0.769053 0.278043 0.772925 0.256578 0.749968  0 0 
4 0.304911 0.769053 0.301629 0.811298 0.271124 0.810213 0.278043 0.772925  0 0 
4 0.301629 0.811298 0.299024 0.84483 0.265471 0.837952 0.271124 0.810213  0 0 
4 0.299024 0.84483 0.296668 0.875163 0.260065 0.859704 0.265471 0.837952  0 0 
4 0.296668 0.875163 0.29508 0.895602 0.252796 0.891868 0.260065 0.859704  0 0 
4 0.29508 0.895602 0.293106 0.921021 0.25417 0.921992 0.252796 0.891868  0 0 
4 0.293106 0.921021 0.291627 0.940057 0.262018 0.944253 0.25417 0.921992  0 0 
4 0.291627 0.940057 0.289288 0.970162 0.258135 0.977309 0.262018 0.944253  0 0 
4 0.289288 0.970162 0.28697 1 0.263301 1 0.258135 0.977309  0 0 
4 0.233676 0 0.233892 0.0232651 0.197502 0.022204 0.193061 0  0 0 
4 0.233892 0.0232651 0.234237 0.0452268 0.20229 0.0461465 0.197502 0.022204  0 0 
4 0.234237 0.0452268 0.232858 0.0761596 0.200029 0.0865782 0.20229 0.0461465  0 0 
4 0.232858 0.0761596 0.227048 0.111099 0.198424 0.11529 0.200029 0.0865782  0 0 
4 0.227048 0.111099 0.21672 0.145141 0.188534 0.142293 0.198424 0.11529  0 0 
4 0.21672 0.145141 0.221803 0.184724 0.174526 0.18054 0.188534 0.142293  0 0 
4 0.221803 0.184724 0.209589 0.215267 0.172637 0.209918 0.174526 0.18054  0 0 
4 0.209589 0.215267 0.20912 0.246289 0.170586 0.241815 0.172637 0.209918  0 0 
4 0.20912 0.246289 0.20632 0.2837 0.178779 0.284857 0.170586 0.241815  0 0 
4 0.20632 0.2837 0.219627 0.331231 0.188176 0.334221 0.178779 0.284857  0 0 
4 0.219627 0.331231 0.20428 0.376047 0.181746 0.36752 0.188176 0.334221  0 0 
4 0.20428 0.376047 0.208339 0.417127 0.174832 0.403328 0.181746 0.36752  0 0 
4 0.208339 0.417127 0.205927 0.455955 0.177822 0.44657 0.174832 0.403328  0 0 
4 0.205927 0.455955 0.202868 0.48796 0.179902 0.476659 0.177822 0.44657  0 0 
4 0.202868 0.48796 0.198183 0.524551 0.173278 0.52668 0.179902 0.476659  0 0 
4 0.198183 0.524551 0.19183 0.568984 0.167965 0.566799 0.173278 0.52668  0 0 
4 0.19183 0.568984 0.205459 0.587917 0.176933 0.589037 0.167965 0.566799  0 0 
4 0.205459 0.587917 0.211214 0.614136 0.185973 0.611451 0.176933 0.589037  0 0 
4 0.211214 0.614136 0.217739 0.640844 0.182672 0.636505 0.185973 0.611451  0 0 
4 0.217739 0.640844 0.213533 0.6648 0.179014 0.664269 0.182672 0.636505  0 0 
4 0.213533 0.6648 0.235716 0.692211 0.189739 0.684677 0.179014 0.664269  0 0 
4 0.235716 0.692211 0.242267 0.719453 0.205709 0.715066 0.189739 0.684677  0 0 
4 0.242267 0.719453 0.256578 0.749968 0.228759 0.750076 0.205709 0.715066  0 0 
4 0.256578 0.749968 0.278043 0.772925 0.24677 0.777432 0.228759 0.750076  0 0 
4 0.278043 0.772925 0.271124 0.810213 0.230775 0.807647 0.24677 0.777432  0 0 
4 0.271124 0.810213 0.265471 0.837952 0.2197 0.828569 0.230775 0.807647  0 0 
4 0.265471 0.837952 0.260065 0.859704 0.220717 0.859929 0.2197 0.828569  0 0 
4 0.260065 0.859704 0.252796 0.891868 0.221664 0.889119 0.220717 0.859929  0 0 
4 0.252796 0.891868 0.25417 0.921992 0.219641 0.922797 0.221664 0.889119  0 0 
4 0.25417 0.921992 0.262018 0.944253 0.217977 0.950495 0.219641 0.922797  0 0 
4 0.262018 0.944253 0.258135 0.977309 0.222925 0.973606 0.217977 0.950495  0 0 
4 0.258135 0.977309 0.263301 1 0.228576 1 0.222925 0.973606  0 0 
4 0.193061 0 0.197502 0.022204 0.149224 0.0205839 0.150965 0  0 0 
4 0.197502 0.022204 0.20229 0.0461465 0.156877 0.048874 0.149224 0.0205839  0 0 
4 0.20229 0.0461465 0.200029 0.0865782 0.167826 0.0803085 0.156877 0.048874  0 0 
4 0.200029 0.0865782 0.198424 0.11529 0.162974 0.12048 0.167826 0.0803085  0 0 
4 0.198424 0.11529 0.188534 0.142293 0.15333 0.152665 0.162974 0.12048  0 0 
4 0.188534 0.142293 0.174526 0.18054 0.146912 0.175803 0.15333 0.152665  0 0 
4 0.174526 0.18054 0.172637 0.209918 0.143631 0.205234 0.146912 0.175803  0 0 
4 0.172637 0.209918 0.170586 0.241815 0.140245 0.238293 0.143631 0.205234  0 0 
4 0.170586 0.241815 0.178779 0.284857 0.140123 0.282896 0.140245 0.238293  0 0 
4 0.178779 0.284857 0.188176 0.334221 0.155994 0.328673 0.140123 0.282896  0 0 
4 0.188176 0.334221 0.181746 0.36752 0.150006 0.365945 0.155994 0.328673  0 0 
4 0.181746 0.36752 0.174832 0.403328 0.143141 0.390278 0.150006 0.365945  0 0 
4 0.174832 0.403328 0.177822 0.44657 0.148097 0.434903 0.143141 0.390278  0 0 
4 0.177822 0.44657 0.179902 0.476659 0.153634 0.47611 0.148097 0.434903  0 0 
4 0.179902 0.476659 0.173278 0.52668 0.149785 0.515194 0.153634 0.47611  0 0 
4 0.173278 0.52668 0.167965 0.566799 0.139168 0.564163 0.149785 0.515194  0 0 
4 0.167965 0.566799 0.176933 0.589037 0.144609 0.585383 0.139168 0.564163  0 0 
4 0.176933 0.589037 0.185973 0.611451 0.143493 0.612747 0.144609 0.585383  0 0 
4 0.185973 0.611451 0.182672 0.636505 0.153081 0.633528 0.143493 0.612747  0 0 
4 0.182672 0.636505 0.179014 0.664269 0.144659 0.663739 0.153081 0.633528  0 0 
4 0.179014 0.664269 0.189739 0.684677 0.157457 0.69538 0.144659 0.663739  0 0 
4 0.189739 0.684677 0.205709 0.715066 0.170866 0.717525 0.157457 0.69538  0 0 
4 0.205709 0.715066 0.228759 0.750076 0.194373 0.755845 0.170866 0.717525  0 0 
4 0.228759 0.750076 0.24677 0.777432 0.204997 0.783452 0.194373 0.755845  0 0 
4 0.24677 0.777432 0.230775 0.807647 0.188104 0.807197 0.204997 0.783452  0 0 
4 0.230775 0.807647 0.2197 0.828569 0.183898 0.831997 0.188104 0.807197  0 0 
4 0.2197 0.828569 0.220717 0.859929 0.179781 0.859799 0.183898 0.831997  0 0 
4 0.220717 0.859929 0.221664 0.889119 0.178204 0.88528 0.179781 0.859799  0 0 
4 0.221664 0.889119 0.219641 0.922797 0.183918 0.914011 0.178204 0.88528  0 0 
4 0.219641 0.922797 0.217977 0.950495 0.17782 0.938997 0.183918 0.914011  0 0 
4 0.217977 0.950495 0.222925 0.973606 0.196507 0.974086 0.17782 0.938997  0 0 
4 0.222925 0.973606 0.228576 1 0.198285 1 0.196507 0.974086  0 0 
4 0.150965 0 0.149224 0.0205839 0.117092 0.0289451 0.112923 0  0 0 
4 0.149224 0.0205839 0.156877 0.048874 0.120279 0.051072 0.117092 0.0289451  0 0 
4 0.156877 0.048874 0.167826 0.0803085 0.124989 0.0837741 0.120279 0.051072  0 0 
4 0.167826 0.0803085 0.162974 0.12048 0.130951 0.125169 0.124989 0.0837741  0 0 
4 0.162974 0.12048 0.15333 0.152665 0.126476 0.147182 0.130951 0.125169  0 0 
4 0.15333 0.152665 0.146912 0.175803 0.121543 0.171451 0.126476 0.147182  0 0 
4 0.146912 0.175803 0.143631 0.205234 0.114715 0.205041 0.121543 0.171451  0 0 
4 0.143631 0.205234 0.140245 0.238293 0.1087 0.234631 0.114715 0.205041  0 0 
4 0.140245 0.238293 0.140123 0.282896 0.111611 0.277845 0.1087 0.234631  0 0 
4 0.140123 0.282896 0.155994 0.328673 0.114553 0.321529 0.111611 0.277845  0 0 
4 0.155994 0.328673 0.150006 0.365945 0.116456 0.349777 0.114553 0.321529  0 0 
4 0.150006 0.365945 0.143141 0.390278 0.1185 0.38013 0.116456 0.349777  0 0 
4 0.143141 0.390278 0.148097 0.434903 0.118757 0.426316 0.1185 0.38013  0 0 
4 0.148097 0.434903 0.153634 0.47611 0.11903 0.475387 0.118757 0.426316  0 0 
4 0.153634 0.47611 0.149785 0.515194 0.119305 0.52498 0.11903 0.475387  0 0 
4 0.149785 0.515194 0.139168 0.564163 0.119513 0.562364 0.119305 0.52498  0 0 
4 0.139168 0.564163 0.144609 0.585383 0.115633 0.59015 0.119513 0.562364  0 0 
4 0.144609 0.585383 0.143493 0.612747 0.112345 0.613697 0.115633 0.59015  0 0 
4 0.143493 0.612747 0.153081 0.633528 0.109366 0.635037 0.112345 0.613697  0 0 
4 0.153081 0.633528 0.144659 0.663739 0.105442 0.663135 0.109366 0.635037  0 0 
4 0.144659 0.663739 0.157457 0.69538 0.120564 0.696142 0.105442 0.663135  0 0 
4 0.157457 0.69538 0.170866 0.717525 0.131629 0.720293 0.120564 0.696142  0 0 
4 0.170866 0.717525 0.194373 0.755845 0.144952 0.749374 0.131629 0.720293  0 0 
4 0.194373 0.755845 0.204997 0.783452 0.163317 0.789459 0.144952 0.749374  0 0 
4 0.204997 0.783452 0.188104 0.807197 0.152462 0.814867 0.163317 0.789459  0 0 
4 0.188104 0.807197 0.183898 0.831997 0.143491 0.835865 0.152462 0.814867  0 0 
4 0.183898 0.831997 0.179781 0.859799 0.13351 0.859225 0.143491 0.835865  0 0 
4 0.179781 0.859799 0.178204 0.88528 0.124409 0.880529 0.13351 0.859225  0 0 
4 0.178204 0.88528 0.183918 0.914011 0.134172 0.906639 0.124409 0.880529  0 0 
4 0.183918 0.914011 0.17782 0.938997 0.142489 0.928881 0.134172 0.906639  0 0 
4 0.17782 0.938997 0.196507 0.974086 0.156092 0.965258 0.142489 0.928881  0 0 
4 0.196507 0.974086 0.198285 1 0.169083 1 0.156092 0.965258  0 0 
4 0.112923 0 0.117092 0.0289451 0.089172 0.0296668 0.0873212 0  0 0 
4 0.117092 0.0289451 0.120279 0.051072 0.0866822 0.0567258 0.089172 0.0296668  0 0 
4 0.120279 0.051072 0.124989 0.0837741 0.086022 0.0873927 0.0866822 0.0567258  0 0 
4 0.124989 0.0837741 0.130951 0.125169 0.095933 0.120618 0.086022 0.0873927  0 0 
4 0.130951 0.125169 0.126476 0.147182 0.0918941 0.144666 0.095933 0.120618  0 0 
4 0.126476 0.147182 0.121543 0.171451 0.0930967 0.16909 0.0918941 0.144666  0 0 
4 0.121543 0.171451 0.114715 0.205041 0.0807913 0.204745 0.0930967 0.16909  0 0 
4 0.114715 0.205041 0.1087 0.234631 0.0860313 0.231999 0.0807913 0.204745  0 0 
4 0.1087 0.234631 0.111611 0.277845 0.0887537 0.281872 0.0860313 0.231999  0 0 
4 0.111611 0.277845 0.114553 0.321529 0.0872366 0.318333 0.0887537 0.281872  0 0 
4 0.114553 0.321529 0.116456 0.349777 0.0852576 0.346423 0.0872366 0.318333  0 0 
4 0.116456 0.349777 0.1185 0.38013 0.0923452 0.384277 0.0852576 0.346423  0 0 
4 0.1185 0.38013 0.118757 0.426316 0.0898825 0.433262 0.0923452 0.384277  0 0 
4 0.118757 0.426316 0.11903 0.475387 0.0807808 0.471 0.0898825 0.433262  0 0 
4 0.11903 0.475387 0.119305 0.52498 0.0897345 0.524542 0.0807808 0.471  0 0 
4 0.119305 0.52498 0.119513 0.562364 0.0965489 0.560262 0.0897345 0.524542  0 0 
4 0.119513 0.562364 0.115633 0.59015 0.0923906 0.587082 0.0965489 0.560262  0 0 
4 0.115633 0.59015 0.112345 0.613697 0.0792776 0.616704 0.0923906 0.587082  0 0 
4 0.112345 0.613697 0.109366 0.635037 0.0786827 0.640227 0.0792776 0.616704  0 0 
4 0.109366 0.635037 0.105442 0.663135 0.0733613 0.673642 0.0786827 0.640227  0 0 
4 0.105442 0.663135 0.120564 0.696142 0.0868627 0.698745 0.0733613 0.673642  0 0 
4 0.120564 0.696142 0.131629 0.720293 0.0963979 0.730771 0.0868627 0.698745  0 0 
4 0.131629 0.720293 0.144952 0.749374 0.102904 0.765539 0.0963979 0.730771  0 0 
4 0.144952 0.749374 0.163317 0.789459 0.123734 0.795164 0.102904 0.765539  0 0 
4 0.163317 0.789459 0.152462 0.814867 0.106382 0.814793 0.123734 0.795164  0 0 
4 0.152462 0.814867 0.143491 0.835865 0.0929438 0.840822 0.106382 0.814793  0 0 
4 0.143491 0.835865 0.13351 0.859225 0.0940276 0.866198 0.0929438 0.840822  0 0 
4 0.13351 0.859225 0.124409 0.880529 0.0905066 0.885786 0.0940276 0.866198  0 0 
4 0.124409 0.880529 0.134172 0.906639 0.0941111 0.909667 0.0905066 0.885786  0 0 
4 0.134172 0.906639 0.142489 0.928881 0.0993796 0.939533 0.0941111 0.909667  0 0 
4 0.142489 0.928881 0.156092 0.965258 0.105304 0.965603 0.0993796 0.939533  0 0 
4 0.156092 0.965258 0.169083 1 0.124181 1 0.105304 0.965603  0 0 
4 0.0873212 0 0.089172 0.0296668 0.0552222 0.0367786 0.052473 0  0 0 
4 0.089172 0.0296668 0.0866822 0.0567258 0.0570855 0.0617066 0.0552222 0.0367786  0 0 
4 0.0866822 0.0567258 0.086022 0.0873927 0.0595246 0.0876755 0.0570855 0.0617066  0 0 
4 0.086022 0.0873927 0.095933 0.120618 0.0622071 0.116236 0.0595246 0.0876755  0 0 
4 0.095933 0.120618 0.0918941 0.144666 0.0616445 0.140313 0.0622071 0.116236  0 0 
4 0.0918941 0.144666 0.0930967 0.16909 0.0610343 0.166429 0.0616445 0.140313  0 0 
4 0.0930967 0.16909 0.0807913 0.204745 0.0582785 0.194914 0.0610343 0.166429  0 0 
4 0.0807913 0.204745 0.0860313 0.231999 0.0550388 0.228401 0.0582785 0.194914  0 0 
4 0.0860313 0.231999 0.0887537 0.281872 0.0543004 0.268816 0.0550388 0.228401  0 0 
4 0.0887537 0.281872 0.0872366 0.318333 0.053468 0.314382 0.0543004 0.268816  0 0 
4 0.0872366 0.318333 0.0852576 0.346423 0.0580829 0.353742 0.053468 0.314382  0 0 
4 0.0852576 0.346423 0.0923452 0.384277 0.0622232 0.389054 0.0580829 0.353742  0 0 
4 0.0923452 0.384277 0.0898825 0.433262 0.056856 0.431668 0.0622232 0.389054  0 0 
4 0.0898825 0.433262 0.0807808 0.471 0.0523133 0.467736 0.056856 0.431668  0 0 
4 0.0807808 0.471 0.0897345 0.524542 0.0591947 0.506083 0.0523133 0.467736  0 0 
4 0.0897345 0.524542 0.0965489 0.560262 0.0684555 0.557691 0.0591947 0.506083  0 0 
4 0.0965489 0.560262 0.0923906 0.587082 0.0589011 0.592764 0.0684555 0.557691  0 0 
4 0.0923906 0.587082 0.0792776 0.616704 0.0516966 0.619212 0.0589011 0.592764  0 0 
4 0.0792776 0.616704 0.0786827 0.640227 0.0488464 0.653109 0.0516966 0.619212  0 0 
4 0.0786827 0.640227 0.0733613 0.673642 0.0463768 0.68248 0.0488464 0.653109  0 0 
4 0.0733613 0.673642 0.0868627 0.698745 0.0524523 0.706886 0.0463768 0.68248  0 0 
4 0.0868627 0.698745 0.0963979 0.730771 0.0610173 0.741293 0.0524523 0.706886  0 0 
4 0.0963979 0.730771 0.102904 0.765539 0.0733308 0.776963 0.0610173 0.741293  0 0 
4 0.102904 0.765539 0.123734 0.795164 0.0817047 0.801221 0.0733308 0.776963  0 0 
4 0.123734 0.795164 0.106382 0.814793 0.0700061 0.822982 0.0817047 0.801221  0 0 
4 0.106382 0.814793 0.0929438 0.840822 0.0586057 0.844189 0.0700061 0.822982  0 0 
4 0.0929438 0.840822 0.0940276 0.866198 0.0593104 0.867033 0.0586057 0.844189  0 0 
4 0.0940276 0.866198 0.0905066 0.885786 0.0600347 0.890511 0.0593104 0.867033  0 0 
4 0.0905066 0.885786 0.0941111 0.909667 0.0606568 0.923846 0.0600347 0.890511  0 0 
4 0.0941111 0.909667 0.0993796 0.939533 0.0611259 0.948985 0.0606568 0.923846  0 0 
4 0.0993796 0.939533 0.105304 0.965603 0.0708777 0.974628 0.0611259 0.948985  0 0 
4 0.105304 0.965603 0.124181 1 0.0805265 1 0.0708777 0.974628  0 0 
4 0.052473 0 0.0552222 0.0367786 0.0324272 0.0250602 0.0280684 0  0 0 
4 0.0552222 0.0367786 0.0570855 0.0617066 0.0303294 0.0620752 0.0324272 0.0250602  0 0 
4 0.0570855 0.0617066 0.0595246 0.0876755 0.0325469 0.0873319 0.0303294 0.0620752  0 0 
4 0.0595246 0.0876755 0.0622071 0.116236 0.0326534 0.112395 0.0325469 0.0873319  0 0 
4 0.0622071 0.116236 0.0616445 0.140313 0.0261287 0.141507 0.0326534 0.112395  0 0 
4 0.0616445 0.140313 0.0610343 0.166429 0.0267443 0.161615 0.0261287 0.141507  0 0 
4 0.0610343 0.166429 0.0582785 0.194914 0.0290726 0.195139 0.0267443 0.161615  0 0 
4 0.0582785 0.194914 0.0550388 0.228401 0.0278954 0.22525 0.0290726 0.195139  0 0 
4 0.0550388 0.228401 0.0543004 0.268816 0.0305718 0.269503 0.0278954 0.22525  0 0 
4 0.0543004 0.268816 0.053468 0.314382 0.0214252 0.320087 0.0305718 0.269503  0 0 
4 0.053468 0.314382 0.0580829 0.353742 0.0321146 0.351128 0.0214252 0.320087  0 0 
4 0.0580829 0.353742 0.0622232 0.389054 0.0279268 0.394492 0.0321146 0.351128  0 0 
4 0.0622232 0.389054 0.056856 0.431668 0.0344272 0.426205 0.0279268 0.394492  0 0 
4 0.056856 0.431668 0.0523133 0.467736 0.025814 0.47035 0.0344272 0.426205  0 0 
4 0.0523133 0.467736 0.0591947 0.506083 0.0341988 0.514072 0.025814 0.47035  0 0 
4 0.0591947 0.506083 0.0684555 0.557691 0.0306352 0.554229 0.0341988 0.514072  0 0 
4 0.0684555 0.557691 0.0589011 0.592764 0.0361524 0.582609 0.0306352 0.554229  0 0 
4 0.0589011 0.592764 0.0516966 0.619212 0.0305169 0.616582 0.0361524 0.582609  0 0 
4 0.0516966 0.619212 0.0488464 0.653109 0.0242962 0.657992 0.0305169 0.616582  0 0 
4 0.0488464 0.653109 0.0463768 0.68248 0.0270463 0.688811 0.0242962 0.657992  0 0 
4 0.0463768 0.68248 0.0524523 0.706886 0.0281226 0.721487 0.0270463 0.688811  0 0 
4 0.0524523 0.706886 0.0610173 0.741293 0.0280245 0.744022 0.0281226 0.721487  0 0 
4 0.0610173 0.741293 0.0733308 0.776963 0.0413077 0.770809 0.0280245 0.744022  0 0 
4 0.0733308 0.776963 0.0817047 0.801221 0.0354073 0.807893 0.0413077 0.770809  0 0 
4 0.0817047 0.801221 0.0700061 0.822982 0.0434215 0.823093 0.0354073 0.807893  0 0 
4 0.0700061 0.822982 0.0586057 0.844189 0.0348146 0.848626 0.0434215 0.823093  0 0 
4 0.0586057 0.844189 0.0593104 0.867033 0.0300831 0.876225 0.0348146 0.848626  0 0 
4 0.0593104 0.867033 0.0600347 0.890511 0.0355223 0.894312 0.0300831 0.876225  0 0 
4 0.0600347 0.890511 0.0606568 0.923846 0.0344078 0.927387 0.0355223 0.894312  0 0 
4 0.0606568 0.923846 0.0611259 0.948985 0.035394 0.949318 0.0344078 0.927387  0 0 
4 0.0611259 0.948985 0.0708777 0.974628 0.0325622 0.979119 0.035394 0.949318  0 0 
4 0.0708777 0.974628 0.0805265 1 0.0451461 1 0.0325622 0.979119  0 0 
4 0.0280684 0 0.0324272 0.0250602 0 0.0270575 0 0  0 0 
4 0.0324272 0.0250602 0.0303294 0.0620752 0 0.0624931 0 0.0270575  0 0 
4 0.0303294 0.0620752 0.0325469 0.0873319 0 0.0876042 0 0.0624931  0 0 
4 0.0325469 0.0873319 0.0326534 0.112395 0 0.108152 0 0.0876042  0 0 
4 0.0326534 0.112395 0.0261287 0.141507 0 0.129528 0 0.108152  0 0 
4 0.0261287 0.141507 0.0267443 0.161615 0 0.157861 0 0.129528  0 0 
4 0.0267443 0.161615 0.0290726 0.195139 0 0.194389 0 0.157861  0 0 
4 0.0290726 0.195139 0.0278954 0.22525 0 0.222012 0 0.194389  0 0 
4 0.0278954 0.22525 0.0305718 0.269503 0 0.276817 0 0.222012  0 0 
4 0.0305718 0.269503 0.0214252 0.320087 0 0.323902 0 0.276817  0 0 
4 0.0214252 0.320087 0.0321146 0.351128 0 0.362187 0 0.323902  0 0 
4 0.0321146 0.351128 0.0279268 0.394492 0 0.398921 0 0.362187  0 0 
4 0.0279268 0.394492 0.0344272 0.426205 0 0.430698 0 0.398921  0 0 
4 0.0344272 0.426205 0.025814 0.47035 0 0.472897 0 0.430698  0 0 
4 0.025814 0.47035 0.0341988 0.514072 0 0.51878 0 0.472897  0 0 
4 0.0341988 0.514072 0.0306352 0.554229 0 0.551425 0 0.51878  0 0 
4 0.0306352 0.554229 0.0361524 0.582609 0 0.582523 0 0.551425  0 0 
4 0.0361524 0.582609 0.0305169 0.616582 0 0.612794 0 0.582523  0 0 
4 0.0305169 0.616582 0.0242962 0.657992 0 0.653967 0 0.612794  0 0 
4 0.0242962 0.657992 0.0270463 0.688811 0 0.69767 0 0.653967  0 0 
4 0.0270463 0.688811 0.0281226 0.721487 0 0.723698 0 0.69767  0 0 
4 0.0281226 0.721487 0.0280245 0.744022 0 0.746339 0 0.723698  0 0 
4 0.0280245 0.744022 0.0413077 0.770809 0 0.785414 0 0.746339  0 0 
4 0.0413077 0.770809 0.0354073 0.807893 0 0.812996 0 0.785414  0 0 
4 0.0354073 0.807893 0.0434215 0.823093 0 0.832284 0 0.812996  0 0 
4 0.0434215 0.823093 0.0348146 0.848626 0 0.855118 0 0.832284  0 0 
4 0.0348146 0.848626 0.0300831 0.876225 0 0.880597 0 0.855118  0 0 
4 0.0300831 0.876225 0.0355223 0.894312 0 0.899819 0 0.880597  0 0 
4 0.0355223 0.894312 0.0344078 0.927387 0 0.926677 0 0.899819  0 0 
4 0.0344078 0.927387 0.035394 0.949318 0 0.949774 0 0.926677  0 0 
4 0.035394 0.949318 0.0325622 0.979119 0 0.973479 0 0.949774  0 0 
4 0.0325622 0.979119 0.0451461 1 0 1 0 0.973479  0 0 
