# Date: 8/4/2013   Time: 9:51
# dimensions 
1 1 
# connectivity 
64
4 1 2 3 4 1 1 
4 5 6 7 8 1 1 
4 9 10 11 12 1 1 
4 13 14 15 16 1 1 
4 17 18 19 20 1 1 
4 21 22 23 24 1 1 
4 25 26 27 28 1 1 
4 29 30 31 32 1 1 
4 33 34 35 36 1 1 
4 37 38 39 40 1 1 
4 41 42 43 44 1 1 
4 45 46 47 48 1 1 
4 49 50 51 52 1 1 
4 53 54 55 56 1 1 
4 57 58 59 60 1 1 
4 61 62 63 64 1 1 
4 65 66 67 68 1 1 
4 69 70 71 72 1 1 
4 73 74 75 76 1 1 
4 77 78 79 80 1 1 
4 81 82 83 84 1 1 
4 85 86 87 88 1 1 
4 89 90 91 92 1 1 
4 93 94 95 96 1 1 
4 97 98 99 100 1 1 
4 101 102 103 104 1 1 
4 105 106 107 108 1 1 
4 109 110 111 112 1 1 
4 113 114 115 116 1 1 
4 117 118 119 120 1 1 
4 121 122 123 124 1 1 
4 125 126 127 128 1 1 
4 129 130 131 132 1 1 
4 133 134 135 136 1 1 
4 137 138 139 140 1 1 
4 141 142 143 144 1 1 
4 145 146 147 148 1 1 
4 149 150 151 152 1 1 
4 153 154 155 156 1 1 
4 157 158 159 160 1 1 
4 161 162 163 164 1 1 
4 165 166 167 168 1 1 
4 169 170 171 172 1 1 
4 173 174 175 176 1 1 
4 177 178 179 180 1 1 
4 181 182 183 184 1 1 
4 185 186 187 188 1 1 
4 189 190 191 192 1 1 
4 193 194 195 196 1 1 
4 197 198 199 200 1 1 
4 201 202 203 204 1 1 
4 205 206 207 208 1 1 
4 209 210 211 212 1 1 
4 213 214 215 216 1 1 
4 217 218 219 220 1 1 
4 221 222 223 224 1 1 
4 225 226 227 228 1 1 
4 229 230 231 232 1 1 
4 233 234 235 236 1 1 
4 237 238 239 240 1 1 
4 241 242 243 244 1 1 
4 245 246 247 248 1 1 
4 249 250 251 252 1 1 
4 253 254 255 256 1 1 
# DG vertices (counter-clockwise) 
256
 1 0 
 1 0.161899 
 0.907742 0.111944 
 0.918684 0 
 1 0.161899 
 1 0.257067 
 0.871512 0.264726 
 0.907742 0.111944 
 1 0.257067 
 1 0.398903 
 0.815129 0.495915 
 0.871512 0.264726 
 1 0.398903 
 1 0.638063 
 0.815971 0.628637 
 0.815129 0.495915 
 1 0.638063 
 1 0.71232 
 0.830416 0.731533 
 0.815971 0.628637 
 1 0.71232 
 1 0.781311 
 0.852597 0.828717 
 0.830416 0.731533 
 1 0.781311 
 1 0.874238 
 0.83708 0.894259 
 0.852597 0.828717 
 1 0.874238 
 1 1 
 0.845287 1 
 0.83708 0.894259 
 0.918684 0 
 0.907742 0.111944 
 0.809333 0.139095 
 0.841473 0 
 0.907742 0.111944 
 0.871512 0.264726 
 0.779031 0.270238 
 0.809333 0.139095 
 0.871512 0.264726 
 0.815129 0.495915 
 0.722253 0.443745 
 0.779031 0.270238 
 0.815129 0.495915 
 0.815971 0.628637 
 0.66429 0.620868 
 0.722253 0.443745 
 0.815971 0.628637 
 0.830416 0.731533 
 0.710581 0.776103 
 0.66429 0.620868 
 0.830416 0.731533 
 0.852597 0.828717 
 0.737324 0.865788 
 0.710581 0.776103 
 0.852597 0.828717 
 0.83708 0.894259 
 0.69479 0.914964 
 0.737324 0.865788 
 0.83708 0.894259 
 0.845287 1 
 0.621238 1 
 0.69479 0.914964 
 0.841473 0 
 0.809333 0.139095 
 0.715818 0.13635 
 0.726722 0 
 0.809333 0.139095 
 0.779031 0.270238 
 0.675288 0.296438 
 0.715818 0.13635 
 0.779031 0.270238 
 0.722253 0.443745 
 0.632223 0.422409 
 0.675288 0.296438 
 0.722253 0.443745 
 0.66429 0.620868 
 0.568611 0.615967 
 0.632223 0.422409 
 0.66429 0.620868 
 0.710581 0.776103 
 0.535568 0.750633 
 0.568611 0.615967 
 0.710581 0.776103 
 0.737324 0.865788 
 0.615255 0.849953 
 0.535568 0.750633 
 0.737324 0.865788 
 0.69479 0.914964 
 0.517224 0.931894 
 0.615255 0.849953 
 0.69479 0.914964 
 0.621238 1 
 0.506085 1 
 0.517224 0.931894 
 0.726722 0 
 0.715818 0.13635 
 0.560295 0.15056 
 0.603108 0 
 0.715818 0.13635 
 0.675288 0.296438 
 0.506707 0.339012 
 0.560295 0.15056 
 0.675288 0.296438 
 0.632223 0.422409 
 0.469392 0.470236 
 0.506707 0.339012 
 0.632223 0.422409 
 0.568611 0.615967 
 0.429971 0.608866 
 0.469392 0.470236 
 0.568611 0.615967 
 0.535568 0.750633 
 0.423574 0.732104 
 0.429971 0.608866 
 0.535568 0.750633 
 0.615255 0.849953 
 0.41878 0.824466 
 0.423574 0.732104 
 0.615255 0.849953 
 0.517224 0.931894 
 0.414082 0.914955 
 0.41878 0.824466 
 0.517224 0.931894 
 0.506085 1 
 0.409668 1 
 0.414082 0.914955 
 0.603108 0 
 0.560295 0.15056 
 0.365717 0.145521 
 0.421137 0 
 0.560295 0.15056 
 0.506707 0.339012 
 0.37065 0.314241 
 0.365717 0.145521 
 0.506707 0.339012 
 0.469392 0.470236 
 0.35045 0.465397 
 0.37065 0.314241 
 0.469392 0.470236 
 0.429971 0.608866 
 0.323457 0.547093 
 0.35045 0.465397 
 0.429971 0.608866 
 0.423574 0.732104 
 0.309014 0.646091 
 0.323457 0.547093 
 0.423574 0.732104 
 0.41878 0.824466 
 0.283206 0.796346 
 0.309014 0.646091 
 0.41878 0.824466 
 0.414082 0.914955 
 0.300661 0.91978 
 0.283206 0.796346 
 0.414082 0.914955 
 0.409668 1 
 0.336871 1 
 0.300661 0.91978 
 0.421137 0 
 0.365717 0.145521 
 0.25101 0.166057 
 0.299629 0 
 0.365717 0.145521 
 0.37065 0.314241 
 0.215875 0.286062 
 0.25101 0.166057 
 0.37065 0.314241 
 0.35045 0.465397 
 0.222239 0.404828 
 0.215875 0.286062 
 0.35045 0.465397 
 0.323457 0.547093 
 0.22686 0.491072 
 0.222239 0.404828 
 0.323457 0.547093 
 0.309014 0.646091 
 0.202859 0.676351 
 0.22686 0.491072 
 0.309014 0.646091 
 0.283206 0.796346 
 0.189824 0.776977 
 0.202859 0.676351 
 0.283206 0.796346 
 0.300661 0.91978 
 0.226544 0.895651 
 0.189824 0.776977 
 0.300661 0.91978 
 0.336871 1 
 0.258831 1 
 0.226544 0.895651 
 0.299629 0 
 0.25101 0.166057 
 0.164144 0.0978429 
 0.18875 0 
 0.25101 0.166057 
 0.215875 0.286062 
 0.0801985 0.213959 
 0.164144 0.0978429 
 0.215875 0.286062 
 0.222239 0.404828 
 0.115154 0.346404 
 0.0801985 0.213959 
 0.222239 0.404828 
 0.22686 0.491072 
 0.0931661 0.413536 
 0.115154 0.346404 
 0.22686 0.491072 
 0.202859 0.676351 
 0.0984281 0.60188 
 0.0931661 0.413536 
 0.202859 0.676351 
 0.189824 0.776977 
 0.083916 0.757035 
 0.0984281 0.60188 
 0.189824 0.776977 
 0.226544 0.895651 
 0.111147 0.881183 
 0.083916 0.757035 
 0.226544 0.895651 
 0.258831 1 
 0.164307 1 
 0.111147 0.881183 
 0.18875 0 
 0.164144 0.0978429 
 0 0.0773637 
 0 0 
 0.164144 0.0978429 
 0.0801985 0.213959 
 0 0.171338 
 0 0.0773637 
 0.0801985 0.213959 
 0.115154 0.346404 
 0 0.252322 
 0 0.171338 
 0.115154 0.346404 
 0.0931661 0.413536 
 0 0.359504 
 0 0.252322 
 0.0931661 0.413536 
 0.0984281 0.60188 
 0 0.601639 
 0 0.359504 
 0.0984281 0.60188 
 0.083916 0.757035 
 0 0.741233 
 0 0.601639 
 0.083916 0.757035 
 0.111147 0.881183 
 0 0.841264 
 0 0.741233 
 0.111147 0.881183 
 0.164307 1 
 0 1 
 0 0.841264 
# grid vertices (counter-clockwise) 
81
1 0 
1 0.161899 
1 0.257067 
1 0.398903 
1 0.638063 
1 0.71232 
1 0.781311 
1 0.874238 
1 1 
0.918684 0 
0.907742 0.111944 
0.871512 0.264726 
0.815129 0.495915 
0.815971 0.628637 
0.830416 0.731533 
0.852597 0.828717 
0.83708 0.894259 
0.845287 1 
0.841473 0 
0.809333 0.139095 
0.779031 0.270238 
0.722253 0.443745 
0.66429 0.620868 
0.710581 0.776103 
0.737324 0.865788 
0.69479 0.914964 
0.621238 1 
0.726722 0 
0.715818 0.13635 
0.675288 0.296438 
0.632223 0.422409 
0.568611 0.615967 
0.535568 0.750633 
0.615255 0.849953 
0.517224 0.931894 
0.506085 1 
0.603108 0 
0.560295 0.15056 
0.506707 0.339012 
0.469392 0.470236 
0.429971 0.608866 
0.423574 0.732104 
0.41878 0.824466 
0.414082 0.914955 
0.409668 1 
0.421137 0 
0.365717 0.145521 
0.37065 0.314241 
0.35045 0.465397 
0.323457 0.547093 
0.309014 0.646091 
0.283206 0.796346 
0.300661 0.91978 
0.336871 1 
0.299629 0 
0.25101 0.166057 
0.215875 0.286062 
0.222239 0.404828 
0.22686 0.491072 
0.202859 0.676351 
0.189824 0.776977 
0.226544 0.895651 
0.258831 1 
0.18875 0 
0.164144 0.0978429 
0.0801985 0.213959 
0.115154 0.346404 
0.0931661 0.413536 
0.0984281 0.60188 
0.083916 0.757035 
0.111147 0.881183 
0.164307 1 
0 0 
0 0.0773637 
0 0.171338 
0 0.252322 
0 0.359504 
0 0.601639 
0 0.741233 
0 0.841264 
0 1 
