polygon
1024
4 1 0 1 0.0285209 0.971941 0.0342587 0.973701 0  0 0 
4 1 0.0285209 1 0.064779 0.950451 0.0760536 0.971941 0.0342587  0 0 
4 1 0.064779 1 0.0915866 0.944588 0.10531 0.950451 0.0760536  0 0 
4 1 0.0915866 1 0.138413 0.928227 0.142267 0.944588 0.10531  0 0 
4 1 0.138413 1 0.181812 0.945781 0.192733 0.928227 0.142267  0 0 
4 1 0.181812 1 0.218828 0.937529 0.244439 0.945781 0.192733  0 0 
4 1 0.218828 1 0.292474 0.950358 0.295938 0.937529 0.244439  0 0 
4 1 0.292474 1 0.326035 0.964322 0.322107 0.950358 0.295938  0 0 
4 1 0.326035 1 0.337818 0.957019 0.335578 0.964322 0.322107  0 0 
4 1 0.337818 1 0.36109 0.970738 0.363415 0.957019 0.335578  0 0 
4 1 0.36109 1 0.384398 0.952191 0.381905 0.970738 0.363415  0 0 
4 1 0.384398 1 0.429207 0.95839 0.413657 0.952191 0.381905  0 0 
4 1 0.429207 1 0.463044 0.921685 0.419622 0.95839 0.413657  0 0 
4 1 0.463044 1 0.484287 0.969057 0.473466 0.921685 0.419622  0 0 
4 1 0.484287 1 0.505652 0.938529 0.480821 0.969057 0.473466  0 0 
4 1 0.505652 1 0.532446 0.919682 0.50499 0.938529 0.480821  0 0 
4 1 0.532446 1 0.549684 0.957963 0.547236 0.919682 0.50499  0 0 
4 1 0.549684 1 0.564152 0.968493 0.565307 0.957963 0.547236  0 0 
4 1 0.564152 1 0.609117 0.962052 0.58815 0.968493 0.565307  0 0 
4 1 0.609117 1 0.631702 0.983313 0.63064 0.962052 0.58815  0 0 
4 1 0.631702 1 0.658534 0.975859 0.666694 0.983313 0.63064  0 0 
4 1 0.658534 1 0.705389 0.967959 0.683387 0.975859 0.666694  0 0 
4 1 0.705389 1 0.724425 0.969119 0.71322 0.967959 0.683387  0 0 
4 1 0.724425 1 0.745479 0.976832 0.747753 0.969119 0.71322  0 0 
4 1 0.745479 1 0.786104 0.975483 0.772339 0.976832 0.747753  0 0 
4 1 0.786104 1 0.821401 0.982289 0.80958 0.975483 0.772339  0 0 
4 1 0.821401 1 0.843394 0.978955 0.831526 0.982289 0.80958  0 0 
4 1 0.843394 1 0.85905 0.979303 0.862106 0.978955 0.831526  0 0 
4 1 0.85905 1 0.881804 0.955293 0.882553 0.979303 0.862106  0 0 
4 1 0.881804 1 0.913051 0.945166 0.919716 0.955293 0.882553  0 0 
4 1 0.913051 1 0.950286 0.971373 0.97068 0.945166 0.919716  0 0 
4 1 0.950286 1 1 0.95244 1 0.971373 0.97068  0 0 
4 0.973701 0 0.971941 0.0342587 0.930048 0.0375777 0.946387 0  0 0 
4 0.971941 0.0342587 0.950451 0.0760536 0.909241 0.0854306 0.930048 0.0375777  0 0 
4 0.950451 0.0760536 0.944588 0.10531 0.895308 0.112053 0.909241 0.0854306  0 0 
4 0.944588 0.10531 0.928227 0.142267 0.878086 0.144959 0.895308 0.112053  0 0 
4 0.928227 0.142267 0.945781 0.192733 0.88409 0.187903 0.878086 0.144959  0 0 
4 0.945781 0.192733 0.937529 0.244439 0.894461 0.262095 0.88409 0.187903  0 0 
4 0.937529 0.244439 0.950358 0.295938 0.905642 0.29806 0.894461 0.262095  0 0 
4 0.950358 0.295938 0.964322 0.322107 0.911303 0.316271 0.905642 0.29806  0 0 
4 0.964322 0.322107 0.957019 0.335578 0.920317 0.331617 0.911303 0.316271  0 0 
4 0.957019 0.335578 0.970738 0.363415 0.94041 0.365824 0.920317 0.331617  0 0 
4 0.970738 0.363415 0.952191 0.381905 0.902074 0.376083 0.94041 0.365824  0 0 
4 0.952191 0.381905 0.95839 0.413657 0.876302 0.38298 0.902074 0.376083  0 0 
4 0.95839 0.413657 0.921685 0.419622 0.892039 0.415938 0.876302 0.38298  0 0 
4 0.921685 0.419622 0.969057 0.473466 0.909576 0.452665 0.892039 0.415938  0 0 
4 0.969057 0.473466 0.938529 0.480821 0.883531 0.473375 0.909576 0.452665  0 0 
4 0.938529 0.480821 0.919682 0.50499 0.866593 0.486842 0.883531 0.473375  0 0 
4 0.919682 0.50499 0.957963 0.547236 0.8789 0.514875 0.866593 0.486842  0 0 
4 0.957963 0.547236 0.968493 0.565307 0.902108 0.56774 0.8789 0.514875  0 0 
4 0.968493 0.565307 0.962052 0.58815 0.928295 0.595382 0.902108 0.56774  0 0 
4 0.962052 0.58815 0.983313 0.63064 0.960308 0.629175 0.928295 0.595382  0 0 
4 0.983313 0.63064 0.975859 0.666694 0.952476 0.652904 0.960308 0.629175  0 0 
4 0.975859 0.666694 0.967959 0.683387 0.947134 0.669087 0.952476 0.652904  0 0 
4 0.967959 0.683387 0.969119 0.71322 0.947029 0.718674 0.947134 0.669087  0 0 
4 0.969119 0.71322 0.976832 0.747753 0.946961 0.750686 0.947029 0.718674  0 0 
4 0.976832 0.747753 0.975483 0.772339 0.956435 0.771617 0.946961 0.750686  0 0 
4 0.975483 0.772339 0.982289 0.80958 0.969864 0.801287 0.956435 0.771617  0 0 
4 0.982289 0.80958 0.978955 0.831526 0.949917 0.84441 0.969864 0.801287  0 0 
4 0.978955 0.831526 0.979303 0.862106 0.938977 0.86806 0.949917 0.84441  0 0 
4 0.979303 0.862106 0.955293 0.882553 0.9284 0.891838 0.938977 0.86806  0 0 
4 0.955293 0.882553 0.945166 0.919716 0.914332 0.923463 0.9284 0.891838  0 0 
4 0.945166 0.919716 0.971373 0.97068 0.910668 0.949902 0.914332 0.923463  0 0 
4 0.971373 0.97068 0.95244 1 0.903725 1 0.910668 0.949902  0 0 
4 0.946387 0 0.930048 0.0375777 0.883963 0.0477029 0.920173 0  0 0 
4 0.930048 0.0375777 0.909241 0.0854306 0.881646 0.0884267 0.883963 0.0477029  0 0 
4 0.909241 0.0854306 0.895308 0.112053 0.848977 0.119952 0.881646 0.0884267  0 0 
4 0.895308 0.112053 0.878086 0.144959 0.840806 0.14696 0.848977 0.119952  0 0 
4 0.878086 0.144959 0.88409 0.187903 0.852735 0.193665 0.840806 0.14696  0 0 
4 0.88409 0.187903 0.894461 0.262095 0.871587 0.248349 0.852735 0.193665  0 0 
4 0.894461 0.262095 0.905642 0.29806 0.872567 0.268121 0.871587 0.248349  0 0 
4 0.905642 0.29806 0.911303 0.316271 0.893405 0.314301 0.872567 0.268121  0 0 
4 0.911303 0.316271 0.920317 0.331617 0.880432 0.336088 0.893405 0.314301  0 0 
4 0.920317 0.331617 0.94041 0.365824 0.900036 0.355925 0.880432 0.336088  0 0 
4 0.94041 0.365824 0.902074 0.376083 0.848393 0.362472 0.900036 0.355925  0 0 
4 0.902074 0.376083 0.876302 0.38298 0.841992 0.370158 0.848393 0.362472  0 0 
4 0.876302 0.38298 0.892039 0.415938 0.856533 0.395677 0.841992 0.370158  0 0 
4 0.892039 0.415938 0.909576 0.452665 0.850796 0.436313 0.856533 0.395677  0 0 
4 0.909576 0.452665 0.883531 0.473375 0.816381 0.441122 0.850796 0.436313  0 0 
4 0.883531 0.473375 0.866593 0.486842 0.826848 0.473256 0.816381 0.441122  0 0 
4 0.866593 0.486842 0.8789 0.514875 0.802459 0.484945 0.826848 0.473256  0 0 
4 0.8789 0.514875 0.902108 0.56774 0.83717 0.530143 0.802459 0.484945  0 0 
4 0.902108 0.56774 0.928295 0.595382 0.876981 0.574669 0.83717 0.530143  0 0 
4 0.928295 0.595382 0.960308 0.629175 0.928153 0.627128 0.876981 0.574669  0 0 
4 0.960308 0.629175 0.952476 0.652904 0.923557 0.65617 0.928153 0.627128  0 0 
4 0.952476 0.652904 0.947134 0.669087 0.920624 0.669033 0.923557 0.65617  0 0 
4 0.947134 0.669087 0.947029 0.718674 0.91875 0.712838 0.920624 0.669033  0 0 
4 0.947029 0.718674 0.946961 0.750686 0.935538 0.751808 0.91875 0.712838  0 0 
4 0.946961 0.750686 0.956435 0.771617 0.941993 0.774979 0.935538 0.751808  0 0 
4 0.956435 0.771617 0.969864 0.801287 0.933103 0.811308 0.941993 0.774979  0 0 
4 0.969864 0.801287 0.949917 0.84441 0.937249 0.837207 0.933103 0.811308  0 0 
4 0.949917 0.84441 0.938977 0.86806 0.920612 0.870772 0.937249 0.837207  0 0 
4 0.938977 0.86806 0.9284 0.891838 0.899052 0.909277 0.920612 0.870772  0 0 
4 0.9284 0.891838 0.914332 0.923463 0.886642 0.930164 0.899052 0.909277  0 0 
4 0.914332 0.923463 0.910668 0.949902 0.829837 0.980856 0.886642 0.930164  0 0 
4 0.910668 0.949902 0.903725 1 0.82356 1 0.829837 0.980856  0 0 
4 0.920173 0 0.883963 0.0477029 0.864944 0.0343942 0.880705 0  0 0 
4 0.883963 0.0477029 0.881646 0.0884267 0.838013 0.093164 0.864944 0.0343942  0 0 
4 0.881646 0.0884267 0.848977 0.119952 0.820419 0.131559 0.838013 0.093164  0 0 
4 0.848977 0.119952 0.840806 0.14696 0.812669 0.148471 0.820419 0.131559  0 0 
4 0.840806 0.14696 0.852735 0.193665 0.82308 0.185098 0.812669 0.148471  0 0 
4 0.852735 0.193665 0.871587 0.248349 0.834768 0.226221 0.82308 0.185098  0 0 
4 0.871587 0.248349 0.872567 0.268121 0.842664 0.254003 0.834768 0.226221  0 0 
4 0.872567 0.268121 0.893405 0.314301 0.858717 0.310482 0.842664 0.254003  0 0 
4 0.893405 0.314301 0.880432 0.336088 0.841378 0.330217 0.858717 0.310482  0 0 
4 0.880432 0.336088 0.900036 0.355925 0.833191 0.339536 0.841378 0.330217  0 0 
4 0.900036 0.355925 0.848393 0.362472 0.826483 0.347171 0.833191 0.339536  0 0 
4 0.848393 0.362472 0.841992 0.370158 0.815112 0.360113 0.826483 0.347171  0 0 
4 0.841992 0.370158 0.856533 0.395677 0.801473 0.377384 0.815112 0.360113  0 0 
4 0.856533 0.395677 0.850796 0.436313 0.772201 0.414449 0.801473 0.377384  0 0 
4 0.850796 0.436313 0.816381 0.441122 0.761524 0.42797 0.772201 0.414449  0 0 
4 0.816381 0.441122 0.826848 0.473256 0.747249 0.446046 0.761524 0.42797  0 0 
4 0.826848 0.473256 0.802459 0.484945 0.761489 0.464925 0.747249 0.446046  0 0 
4 0.802459 0.484945 0.83717 0.530143 0.790141 0.502915 0.761489 0.464925  0 0 
4 0.83717 0.530143 0.876981 0.574669 0.851048 0.583669 0.790141 0.502915  0 0 
4 0.876981 0.574669 0.928153 0.627128 0.88159 0.624164 0.851048 0.583669  0 0 
4 0.928153 0.627128 0.923557 0.65617 0.888643 0.652494 0.88159 0.624164  0 0 
4 0.923557 0.65617 0.920624 0.669033 0.892746 0.668976 0.888643 0.652494  0 0 
4 0.920624 0.669033 0.91875 0.712838 0.903572 0.712461 0.892746 0.668976  0 0 
4 0.91875 0.712838 0.935538 0.751808 0.913896 0.753933 0.903572 0.712461  0 0 
4 0.935538 0.751808 0.941993 0.774979 0.910762 0.782097 0.913896 0.753933  0 0 
4 0.941993 0.774979 0.933103 0.811308 0.90671 0.818503 0.910762 0.782097  0 0 
4 0.933103 0.811308 0.937249 0.837207 0.902916 0.852595 0.90671 0.818503  0 0 
4 0.937249 0.837207 0.920612 0.870772 0.900564 0.873732 0.902916 0.852595  0 0 
4 0.920612 0.870772 0.899052 0.909277 0.873751 0.901396 0.900564 0.873732  0 0 
4 0.899052 0.909277 0.886642 0.930164 0.833376 0.943054 0.873751 0.901396  0 0 
4 0.886642 0.930164 0.829837 0.980856 0.798916 0.978607 0.833376 0.943054  0 0 
4 0.829837 0.980856 0.82356 1 0.778182 1 0.798916 0.978607  0 0 
4 0.880705 0 0.864944 0.0343942 0.811914 0.0488114 0.824493 0  0 0 
4 0.864944 0.0343942 0.838013 0.093164 0.805248 0.0858545 0.811914 0.0488114  0 0 
4 0.838013 0.093164 0.820419 0.131559 0.792162 0.124041 0.805248 0.0858545  0 0 
4 0.820419 0.131559 0.812669 0.148471 0.778116 0.143638 0.792162 0.124041  0 0 
4 0.812669 0.148471 0.82308 0.185098 0.796313 0.187593 0.778116 0.143638  0 0 
4 0.82308 0.185098 0.834768 0.226221 0.803762 0.220588 0.796313 0.187593  0 0 
4 0.834768 0.226221 0.842664 0.254003 0.793011 0.249225 0.803762 0.220588  0 0 
4 0.842664 0.254003 0.858717 0.310482 0.825356 0.30681 0.793011 0.249225  0 0 
4 0.858717 0.310482 0.841378 0.330217 0.812892 0.324064 0.825356 0.30681  0 0 
4 0.841378 0.330217 0.833191 0.339536 0.765753 0.328061 0.812892 0.324064  0 0 
4 0.833191 0.339536 0.826483 0.347171 0.775198 0.344089 0.765753 0.328061  0 0 
4 0.826483 0.347171 0.815112 0.360113 0.785637 0.354684 0.775198 0.344089  0 0 
4 0.815112 0.360113 0.801473 0.377384 0.767303 0.382953 0.785637 0.354684  0 0 
4 0.801473 0.377384 0.772201 0.414449 0.746821 0.399774 0.767303 0.382953  0 0 
4 0.772201 0.414449 0.761524 0.42797 0.725541 0.424809 0.746821 0.399774  0 0 
4 0.761524 0.42797 0.747249 0.446046 0.730534 0.440332 0.725541 0.424809  0 0 
4 0.747249 0.446046 0.761489 0.464925 0.743045 0.47374 0.730534 0.440332  0 0 
4 0.761489 0.464925 0.790141 0.502915 0.768031 0.510173 0.743045 0.47374  0 0 
4 0.790141 0.502915 0.851048 0.583669 0.785102 0.554918 0.768031 0.510173  0 0 
4 0.851048 0.583669 0.88159 0.624164 0.845043 0.614852 0.785102 0.554918  0 0 
4 0.88159 0.624164 0.888643 0.652494 0.842367 0.648005 0.845043 0.614852  0 0 
4 0.888643 0.652494 0.892746 0.668976 0.848119 0.695492 0.842367 0.648005  0 0 
4 0.892746 0.668976 0.903572 0.712461 0.879046 0.733249 0.848119 0.695492  0 0 
4 0.903572 0.712461 0.913896 0.753933 0.856912 0.759527 0.879046 0.733249  0 0 
4 0.913896 0.753933 0.910762 0.782097 0.877776 0.788966 0.856912 0.759527  0 0 
4 0.910762 0.782097 0.90671 0.818503 0.856289 0.828164 0.877776 0.788966  0 0 
4 0.90671 0.818503 0.902916 0.852595 0.855396 0.849348 0.856289 0.828164  0 0 
4 0.902916 0.852595 0.900564 0.873732 0.865841 0.875127 0.855396 0.849348  0 0 
4 0.900564 0.873732 0.873751 0.901396 0.82321 0.903084 0.865841 0.875127  0 0 
4 0.873751 0.901396 0.833376 0.943054 0.787041 0.93966 0.82321 0.903084  0 0 
4 0.833376 0.943054 0.798916 0.978607 0.770122 0.968541 0.787041 0.93966  0 0 
4 0.798916 0.978607 0.778182 1 0.75058 1 0.770122 0.968541  0 0 
4 0.824493 0 0.811914 0.0488114 0.750013 0.0324832 0.758881 0  0 0 
4 0.811914 0.0488114 0.805248 0.0858545 0.73945 0.0711758 0.750013 0.0324832  0 0 
4 0.805248 0.0858545 0.792162 0.124041 0.747135 0.105896 0.73945 0.0711758  0 0 
4 0.792162 0.124041 0.778116 0.143638 0.754766 0.140372 0.747135 0.105896  0 0 
4 0.778116 0.143638 0.796313 0.187593 0.753786 0.168832 0.754766 0.140372  0 0 
4 0.796313 0.187593 0.803762 0.220588 0.752325 0.211243 0.753786 0.168832  0 0 
4 0.803762 0.220588 0.793011 0.249225 0.771576 0.254174 0.752325 0.211243  0 0 
4 0.793011 0.249225 0.825356 0.30681 0.793613 0.303316 0.771576 0.254174  0 0 
4 0.825356 0.30681 0.812892 0.324064 0.762061 0.310496 0.793613 0.303316  0 0 
4 0.812892 0.324064 0.765753 0.328061 0.719481 0.320187 0.762061 0.310496  0 0 
4 0.765753 0.328061 0.775198 0.344089 0.743025 0.337465 0.719481 0.320187  0 0 
4 0.775198 0.344089 0.785637 0.354684 0.760073 0.349976 0.743025 0.337465  0 0 
4 0.785637 0.354684 0.767303 0.382953 0.748248 0.367148 0.760073 0.349976  0 0 
4 0.767303 0.382953 0.746821 0.399774 0.731773 0.391073 0.748248 0.367148  0 0 
4 0.746821 0.399774 0.725541 0.424809 0.713654 0.41046 0.731773 0.391073  0 0 
4 0.725541 0.424809 0.730534 0.440332 0.696583 0.428726 0.713654 0.41046  0 0 
4 0.730534 0.440332 0.743045 0.47374 0.710717 0.459476 0.696583 0.428726  0 0 
4 0.743045 0.47374 0.768031 0.510173 0.73848 0.519874 0.710717 0.459476  0 0 
4 0.768031 0.510173 0.785102 0.554918 0.752836 0.568218 0.73848 0.519874  0 0 
4 0.785102 0.554918 0.845043 0.614852 0.76027 0.593253 0.752836 0.568218  0 0 
4 0.845043 0.614852 0.842367 0.648005 0.79741 0.65499 0.76027 0.593253  0 0 
4 0.842367 0.648005 0.848119 0.695492 0.828712 0.707022 0.79741 0.65499  0 0 
4 0.848119 0.695492 0.879046 0.733249 0.82968 0.740163 0.828712 0.707022  0 0 
4 0.879046 0.733249 0.856912 0.759527 0.830322 0.762138 0.82968 0.740163  0 0 
4 0.856912 0.759527 0.877776 0.788966 0.799341 0.808792 0.830322 0.762138  0 0 
4 0.877776 0.788966 0.856289 0.828164 0.776298 0.843491 0.799341 0.808792  0 0 
4 0.856289 0.828164 0.855396 0.849348 0.791598 0.856575 0.776298 0.843491  0 0 
4 0.855396 0.849348 0.865841 0.875127 0.815651 0.877143 0.791598 0.856575  0 0 
4 0.865841 0.875127 0.82321 0.903084 0.790464 0.896264 0.815651 0.877143  0 0 
4 0.82321 0.903084 0.787041 0.93966 0.738031 0.936071 0.790464 0.896264  0 0 
4 0.787041 0.93966 0.770122 0.968541 0.736711 0.969556 0.738031 0.936071  0 0 
4 0.770122 0.968541 0.75058 1 0.735511 1 0.736711 0.969556  0 0 
4 0.758881 0 0.750013 0.0324832 0.716173 0.02835 0.718154 0  0 0 
4 0.750013 0.0324832 0.73945 0.0711758 0.715865 0.0590498 0.716173 0.02835  0 0 
4 0.73945 0.0711758 0.747135 0.105896 0.710291 0.0905322 0.715865 0.0590498  0 0 
4 0.747135 0.105896 0.754766 0.140372 0.705874 0.133533 0.710291 0.0905322  0 0 
4 0.754766 0.140372 0.753786 0.168832 0.725746 0.183738 0.705874 0.133533  0 0 
4 0.753786 0.168832 0.752325 0.211243 0.726605 0.20793 0.725746 0.183738  0 0 
4 0.752325 0.211243 0.771576 0.254174 0.737923 0.249758 0.726605 0.20793  0 0 
4 0.771576 0.254174 0.793613 0.303316 0.708935 0.293994 0.737923 0.249758  0 0 
4 0.793613 0.303316 0.762061 0.310496 0.703521 0.301248 0.708935 0.293994  0 0 
4 0.762061 0.310496 0.719481 0.320187 0.676358 0.310719 0.703521 0.301248  0 0 
4 0.719481 0.320187 0.743025 0.337465 0.684338 0.327388 0.676358 0.310719  0 0 
4 0.743025 0.337465 0.760073 0.349976 0.697898 0.338525 0.684338 0.327388  0 0 
4 0.760073 0.349976 0.748248 0.367148 0.677958 0.355668 0.697898 0.338525  0 0 
4 0.748248 0.367148 0.731773 0.391073 0.691785 0.383464 0.677958 0.355668  0 0 
4 0.731773 0.391073 0.713654 0.41046 0.671066 0.402438 0.691785 0.383464  0 0 
4 0.713654 0.41046 0.696583 0.428726 0.666143 0.41832 0.671066 0.402438  0 0 
4 0.696583 0.428726 0.710717 0.459476 0.697427 0.478261 0.666143 0.41832  0 0 
4 0.710717 0.459476 0.73848 0.519874 0.702854 0.500282 0.697427 0.478261  0 0 
4 0.73848 0.519874 0.752836 0.568218 0.69162 0.546158 0.702854 0.500282  0 0 
4 0.752836 0.568218 0.76027 0.593253 0.696323 0.576959 0.69162 0.546158  0 0 
4 0.76027 0.593253 0.79741 0.65499 0.732608 0.63343 0.696323 0.576959  0 0 
4 0.79741 0.65499 0.828712 0.707022 0.742413 0.666053 0.732608 0.63343  0 0 
4 0.828712 0.707022 0.82968 0.740163 0.771359 0.711587 0.742413 0.666053  0 0 
4 0.82968 0.740163 0.830322 0.762138 0.771323 0.767931 0.771359 0.711587  0 0 
4 0.830322 0.762138 0.799341 0.808792 0.77054 0.794066 0.771323 0.767931  0 0 
4 0.799341 0.808792 0.776298 0.843491 0.748221 0.841278 0.77054 0.794066  0 0 
4 0.776298 0.843491 0.791598 0.856575 0.747217 0.856995 0.748221 0.841278  0 0 
4 0.791598 0.856575 0.815651 0.877143 0.727258 0.880693 0.747217 0.856995  0 0 
4 0.815651 0.877143 0.790464 0.896264 0.736093 0.902168 0.727258 0.880693  0 0 
4 0.790464 0.896264 0.738031 0.936071 0.689562 0.941443 0.736093 0.902168  0 0 
4 0.738031 0.936071 0.736711 0.969556 0.705222 0.959897 0.689562 0.941443  0 0 
4 0.736711 0.969556 0.735511 1 0.676712 1 0.705222 0.959897  0 0 
4 0.718154 0 0.716173 0.02835 0.681934 0.022071 0.683731 0  0 0 
4 0.716173 0.02835 0.715865 0.0590498 0.680408 0.0408199 0.681934 0.022071  0 0 
4 0.715865 0.0590498 0.710291 0.0905322 0.67564 0.0993961 0.680408 0.0408199  0 0 
4 0.710291 0.0905322 0.705874 0.133533 0.673233 0.128967 0.67564 0.0993961  0 0 
4 0.705874 0.133533 0.725746 0.183738 0.670816 0.15866 0.673233 0.128967  0 0 
4 0.725746 0.183738 0.726605 0.20793 0.667427 0.200306 0.670816 0.15866  0 0 
4 0.726605 0.20793 0.737923 0.249758 0.665136 0.228446 0.667427 0.200306  0 0 
4 0.737923 0.249758 0.708935 0.293994 0.660237 0.288633 0.665136 0.228446  0 0 
4 0.708935 0.293994 0.703521 0.301248 0.657255 0.299178 0.660237 0.288633  0 0 
4 0.703521 0.301248 0.676358 0.310719 0.655299 0.306095 0.657255 0.299178  0 0 
4 0.676358 0.310719 0.684338 0.327388 0.650875 0.321735 0.655299 0.306095  0 0 
4 0.684338 0.327388 0.697898 0.338525 0.64869 0.329462 0.650875 0.321735  0 0 
4 0.697898 0.338525 0.677958 0.355668 0.640391 0.358805 0.64869 0.329462  0 0 
4 0.677958 0.355668 0.691785 0.383464 0.636397 0.372924 0.640391 0.358805  0 0 
4 0.691785 0.383464 0.671066 0.402438 0.630669 0.393177 0.636397 0.372924  0 0 
4 0.671066 0.402438 0.666143 0.41832 0.627312 0.405047 0.630669 0.393177  0 0 
4 0.666143 0.41832 0.697427 0.478261 0.633038 0.427941 0.627312 0.405047  0 0 
4 0.697427 0.478261 0.702854 0.500282 0.64288 0.467299 0.633038 0.427941  0 0 
4 0.702854 0.500282 0.69162 0.546158 0.654265 0.512828 0.64288 0.467299  0 0 
4 0.69162 0.546158 0.696323 0.576959 0.668532 0.569878 0.654265 0.512828  0 0 
4 0.696323 0.576959 0.732608 0.63343 0.678122 0.608229 0.668532 0.569878  0 0 
4 0.732608 0.63343 0.742413 0.666053 0.685869 0.639209 0.678122 0.608229  0 0 
4 0.742413 0.666053 0.771359 0.711587 0.704114 0.712168 0.685869 0.639209  0 0 
4 0.771359 0.711587 0.771323 0.767931 0.719335 0.773035 0.704114 0.712168  0 0 
4 0.771323 0.767931 0.77054 0.794066 0.707192 0.811129 0.719335 0.773035  0 0 
4 0.77054 0.794066 0.748221 0.841278 0.698824 0.837383 0.707192 0.811129  0 0 
4 0.748221 0.841278 0.747217 0.856995 0.689822 0.865622 0.698824 0.837383  0 0 
4 0.747217 0.856995 0.727258 0.880693 0.68447 0.882412 0.689822 0.865622  0 0 
4 0.727258 0.880693 0.736093 0.902168 0.671565 0.922899 0.68447 0.882412  0 0 
4 0.736093 0.902168 0.689562 0.941443 0.664778 0.94419 0.671565 0.922899  0 0 
4 0.689562 0.941443 0.705222 0.959897 0.658122 0.965073 0.664778 0.94419  0 0 
4 0.705222 0.959897 0.676712 1 0.646988 1 0.658122 0.965073  0 0 
4 0.683731 0 0.681934 0.022071 0.659097 0.0411361 0.642875 0  0 0 
4 0.681934 0.022071 0.680408 0.0408199 0.653912 0.0694757 0.659097 0.0411361  0 0 
4 0.680408 0.0408199 0.67564 0.0993961 0.661762 0.106032 0.653912 0.0694757  0 0 
4 0.67564 0.0993961 0.673233 0.128967 0.651393 0.141475 0.661762 0.106032  0 0 
4 0.673233 0.128967 0.670816 0.15866 0.639657 0.165624 0.651393 0.141475  0 0 
4 0.670816 0.15866 0.667427 0.200306 0.642762 0.20692 0.639657 0.165624  0 0 
4 0.667427 0.200306 0.665136 0.228446 0.639153 0.231626 0.642762 0.20692  0 0 
4 0.665136 0.228446 0.660237 0.288633 0.618789 0.272925 0.639153 0.231626  0 0 
4 0.660237 0.288633 0.657255 0.299178 0.632656 0.285898 0.618789 0.272925  0 0 
4 0.657255 0.299178 0.655299 0.306095 0.63464 0.302284 0.632656 0.285898  0 0 
4 0.655299 0.306095 0.650875 0.321735 0.626843 0.316548 0.63464 0.302284  0 0 
4 0.650875 0.321735 0.64869 0.329462 0.615187 0.324092 0.626843 0.316548  0 0 
4 0.64869 0.329462 0.640391 0.358805 0.619121 0.345921 0.615187 0.324092  0 0 
4 0.640391 0.358805 0.636397 0.372924 0.619696 0.359487 0.619121 0.345921  0 0 
4 0.636397 0.372924 0.630669 0.393177 0.619552 0.382729 0.619696 0.359487  0 0 
4 0.630669 0.393177 0.627312 0.405047 0.603922 0.397051 0.619552 0.382729  0 0 
4 0.627312 0.405047 0.633038 0.427941 0.626154 0.442493 0.603922 0.397051  0 0 
4 0.633038 0.427941 0.64288 0.467299 0.63257 0.461549 0.626154 0.442493  0 0 
4 0.64288 0.467299 0.654265 0.512828 0.640138 0.503831 0.63257 0.461549  0 0 
4 0.654265 0.512828 0.668532 0.569878 0.660227 0.565082 0.640138 0.503831  0 0 
4 0.668532 0.569878 0.678122 0.608229 0.660941 0.622343 0.660227 0.565082  0 0 
4 0.678122 0.608229 0.685869 0.639209 0.673639 0.649221 0.660941 0.622343  0 0 
4 0.685869 0.639209 0.704114 0.712168 0.677592 0.68571 0.673639 0.649221  0 0 
4 0.704114 0.712168 0.719335 0.773035 0.691424 0.755889 0.677592 0.68571  0 0 
4 0.719335 0.773035 0.707192 0.811129 0.686324 0.792693 0.691424 0.755889  0 0 
4 0.707192 0.811129 0.698824 0.837383 0.660137 0.805169 0.686324 0.792693  0 0 
4 0.698824 0.837383 0.689822 0.865622 0.659767 0.856517 0.660137 0.805169  0 0 
4 0.689822 0.865622 0.68447 0.882412 0.661137 0.885377 0.659767 0.856517  0 0 
4 0.68447 0.882412 0.671565 0.922899 0.648763 0.914917 0.661137 0.885377  0 0 
4 0.671565 0.922899 0.664778 0.94419 0.62703 0.953579 0.648763 0.914917  0 0 
4 0.664778 0.94419 0.658122 0.965073 0.621108 0.98237 0.62703 0.953579  0 0 
4 0.658122 0.965073 0.646988 1 0.625111 1 0.621108 0.98237  0 0 
4 0.642875 0 0.659097 0.0411361 0.62617 0.0593157 0.605028 0  0 0 
4 0.659097 0.0411361 0.653912 0.0694757 0.636503 0.0883035 0.62617 0.0593157  0 0 
4 0.653912 0.0694757 0.661762 0.106032 0.632048 0.123567 0.636503 0.0883035  0 0 
4 0.661762 0.106032 0.651393 0.141475 0.628101 0.154815 0.632048 0.123567  0 0 
4 0.651393 0.141475 0.639657 0.165624 0.617293 0.194331 0.628101 0.154815  0 0 
4 0.639657 0.165624 0.642762 0.20692 0.611562 0.215287 0.617293 0.194331  0 0 
4 0.642762 0.20692 0.639153 0.231626 0.586375 0.238717 0.611562 0.215287  0 0 
4 0.639153 0.231626 0.618789 0.272925 0.569631 0.254294 0.586375 0.238717  0 0 
4 0.618789 0.272925 0.632656 0.285898 0.586508 0.275564 0.569631 0.254294  0 0 
4 0.632656 0.285898 0.63464 0.302284 0.603091 0.296464 0.586508 0.275564  0 0 
4 0.63464 0.302284 0.626843 0.316548 0.58833 0.309878 0.603091 0.296464  0 0 
4 0.626843 0.316548 0.615187 0.324092 0.579062 0.318301 0.58833 0.309878  0 0 
4 0.615187 0.324092 0.619121 0.345921 0.588922 0.329642 0.579062 0.318301  0 0 
4 0.619121 0.345921 0.619696 0.359487 0.603635 0.346565 0.588922 0.329642  0 0 
4 0.619696 0.359487 0.619552 0.382729 0.592578 0.376347 0.603635 0.346565  0 0 
4 0.619552 0.382729 0.603922 0.397051 0.587036 0.391278 0.592578 0.376347  0 0 
4 0.603922 0.397051 0.626154 0.442493 0.604642 0.427674 0.587036 0.391278  0 0 
4 0.626154 0.442493 0.63257 0.461549 0.616766 0.452736 0.604642 0.427674  0 0 
4 0.63257 0.461549 0.640138 0.503831 0.62719 0.489118 0.616766 0.452736  0 0 
4 0.640138 0.503831 0.660227 0.565082 0.646719 0.55728 0.62719 0.489118  0 0 
4 0.660227 0.565082 0.660941 0.622343 0.647803 0.622668 0.646719 0.55728  0 0 
4 0.660941 0.622343 0.673639 0.649221 0.648583 0.669731 0.647803 0.622668  0 0 
4 0.673639 0.649221 0.677592 0.68571 0.654987 0.697716 0.648583 0.669731  0 0 
4 0.677592 0.68571 0.691424 0.755889 0.664516 0.739358 0.654987 0.697716  0 0 
4 0.691424 0.755889 0.686324 0.792693 0.651018 0.768042 0.664516 0.739358  0 0 
4 0.686324 0.792693 0.660137 0.805169 0.641033 0.789262 0.651018 0.768042  0 0 
4 0.660137 0.805169 0.659767 0.856517 0.643923 0.834871 0.641033 0.789262  0 0 
4 0.659767 0.856517 0.661137 0.885377 0.647236 0.887143 0.643923 0.834871  0 0 
4 0.661137 0.885377 0.648763 0.914917 0.629666 0.914189 0.647236 0.887143  0 0 
4 0.648763 0.914917 0.62703 0.953579 0.599652 0.960389 0.629666 0.914189  0 0 
4 0.62703 0.953579 0.621108 0.98237 0.59657 0.975166 0.599652 0.960389  0 0 
4 0.621108 0.98237 0.625111 1 0.591391 1 0.59657 0.975166  0 0 
4 0.605028 0 0.62617 0.0593157 0.590983 0.0483601 0.577306 0  0 0 
4 0.62617 0.0593157 0.636503 0.0883035 0.597644 0.109567 0.590983 0.0483601  0 0 
4 0.636503 0.0883035 0.632048 0.123567 0.595564 0.136124 0.597644 0.109567  0 0 
4 0.632048 0.123567 0.628101 0.154815 0.614352 0.162689 0.595564 0.136124  0 0 
4 0.628101 0.154815 0.617293 0.194331 0.595494 0.192667 0.614352 0.162689  0 0 
4 0.617293 0.194331 0.611562 0.215287 0.570192 0.215318 0.595494 0.192667  0 0 
4 0.611562 0.215287 0.586375 0.238717 0.5451 0.231847 0.570192 0.215318  0 0 
4 0.586375 0.238717 0.569631 0.254294 0.540973 0.243433 0.5451 0.231847  0 0 
4 0.569631 0.254294 0.586508 0.275564 0.547233 0.265166 0.540973 0.243433  0 0 
4 0.586508 0.275564 0.603091 0.296464 0.564388 0.281689 0.547233 0.265166  0 0 
4 0.603091 0.296464 0.58833 0.309878 0.560124 0.291214 0.564388 0.281689  0 0 
4 0.58833 0.309878 0.579062 0.318301 0.559301 0.315133 0.560124 0.291214  0 0 
4 0.579062 0.318301 0.588922 0.329642 0.568658 0.331824 0.559301 0.315133  0 0 
4 0.588922 0.329642 0.603635 0.346565 0.572104 0.353881 0.568658 0.331824  0 0 
4 0.603635 0.346565 0.592578 0.376347 0.579393 0.370708 0.572104 0.353881  0 0 
4 0.592578 0.376347 0.587036 0.391278 0.571225 0.385874 0.579393 0.370708  0 0 
4 0.587036 0.391278 0.604642 0.427674 0.574276 0.411941 0.571225 0.385874  0 0 
4 0.604642 0.427674 0.616766 0.452736 0.584527 0.435185 0.574276 0.411941  0 0 
4 0.616766 0.452736 0.62719 0.489118 0.61493 0.491906 0.584527 0.435185  0 0 
4 0.62719 0.489118 0.646719 0.55728 0.619641 0.541641 0.61493 0.491906  0 0 
4 0.646719 0.55728 0.647803 0.622668 0.630698 0.582332 0.619641 0.541641  0 0 
4 0.647803 0.622668 0.648583 0.669731 0.632658 0.645082 0.630698 0.582332  0 0 
4 0.648583 0.669731 0.654987 0.697716 0.634613 0.676063 0.632658 0.645082  0 0 
4 0.654987 0.697716 0.664516 0.739358 0.629449 0.717814 0.634613 0.676063  0 0 
4 0.664516 0.739358 0.651018 0.768042 0.628833 0.741038 0.629449 0.717814  0 0 
4 0.651018 0.768042 0.641033 0.789262 0.626188 0.788624 0.628833 0.741038  0 0 
4 0.641033 0.789262 0.643923 0.834871 0.621434 0.844063 0.626188 0.788624  0 0 
4 0.643923 0.834871 0.647236 0.887143 0.613418 0.891441 0.621434 0.844063  0 0 
4 0.647236 0.887143 0.629666 0.914189 0.602464 0.924666 0.613418 0.891441  0 0 
4 0.629666 0.914189 0.599652 0.960389 0.571878 0.963875 0.602464 0.924666  0 0 
4 0.599652 0.960389 0.59657 0.975166 0.569816 0.976645 0.571878 0.963875  0 0 
4 0.59657 0.975166 0.591391 1 0.573963 1 0.569816 0.976645  0 0 
4 0.577306 0 0.590983 0.0483601 0.561827 0.0869959 0.542224 0  0 0 
4 0.590983 0.0483601 0.597644 0.109567 0.570287 0.124536 0.561827 0.0869959  0 0 
4 0.597644 0.109567 0.595564 0.136124 0.577496 0.156532 0.570287 0.124536  0 0 
4 0.595564 0.136124 0.614352 0.162689 0.582938 0.18068 0.577496 0.156532  0 0 
4 0.614352 0.162689 0.595494 0.192667 0.551068 0.202774 0.582938 0.18068  0 0 
4 0.595494 0.192667 0.570192 0.215318 0.532934 0.215345 0.551068 0.202774  0 0 
4 0.570192 0.215318 0.5451 0.231847 0.517299 0.226185 0.532934 0.215345  0 0 
4 0.5451 0.231847 0.540973 0.243433 0.509581 0.231535 0.517299 0.226185  0 0 
4 0.540973 0.243433 0.547233 0.265166 0.516709 0.246538 0.509581 0.231535  0 0 
4 0.547233 0.265166 0.564388 0.281689 0.526547 0.267244 0.516709 0.246538  0 0 
4 0.564388 0.281689 0.560124 0.291214 0.54013 0.29583 0.526547 0.267244  0 0 
4 0.560124 0.291214 0.559301 0.315133 0.548477 0.313398 0.54013 0.29583  0 0 
4 0.559301 0.315133 0.568658 0.331824 0.549786 0.335486 0.548477 0.313398  0 0 
4 0.568658 0.331824 0.572104 0.353881 0.551165 0.358739 0.549786 0.335486  0 0 
4 0.572104 0.353881 0.579393 0.370708 0.551755 0.368693 0.551165 0.358739  0 0 
4 0.579393 0.370708 0.571225 0.385874 0.552392 0.379436 0.551755 0.368693  0 0 
4 0.571225 0.385874 0.574276 0.411941 0.557913 0.39776 0.552392 0.379436  0 0 
4 0.574276 0.411941 0.584527 0.435185 0.566181 0.425198 0.557913 0.39776  0 0 
4 0.584527 0.435185 0.61493 0.491906 0.577828 0.463852 0.566181 0.425198  0 0 
4 0.61493 0.491906 0.619641 0.541641 0.597395 0.528793 0.577828 0.463852  0 0 
4 0.619641 0.541641 0.630698 0.582332 0.598951 0.566048 0.597395 0.528793  0 0 
4 0.630698 0.582332 0.632658 0.645082 0.600151 0.594766 0.598951 0.566048  0 0 
4 0.632658 0.645082 0.634613 0.676063 0.60284 0.659163 0.600151 0.594766  0 0 
4 0.634613 0.676063 0.629449 0.717814 0.604654 0.702582 0.60284 0.659163  0 0 
4 0.629449 0.717814 0.628833 0.741038 0.599091 0.745156 0.604654 0.702582  0 0 
4 0.628833 0.741038 0.626188 0.788624 0.593594 0.787224 0.599091 0.745156  0 0 
4 0.626188 0.788624 0.621434 0.844063 0.58645 0.841902 0.593594 0.787224  0 0 
4 0.621434 0.844063 0.613418 0.891441 0.579412 0.895762 0.58645 0.841902  0 0 
4 0.613418 0.891441 0.602464 0.924666 0.567639 0.932079 0.579412 0.895762  0 0 
4 0.602464 0.924666 0.571878 0.963875 0.556715 0.965778 0.567639 0.932079  0 0 
4 0.571878 0.963875 0.569816 0.976645 0.551828 0.980855 0.556715 0.965778  0 0 
4 0.569816 0.976645 0.573963 1 0.545622 1 0.551828 0.980855  0 0 
4 0.542224 0 0.561827 0.0869959 0.515902 0.0494722 0.521496 0  0 0 
4 0.561827 0.0869959 0.570287 0.124536 0.534957 0.0949015 0.515902 0.0494722  0 0 
4 0.570287 0.124536 0.577496 0.156532 0.539035 0.117184 0.534957 0.0949015  0 0 
4 0.577496 0.156532 0.582938 0.18068 0.559978 0.166496 0.539035 0.117184  0 0 
4 0.582938 0.18068 0.551068 0.202774 0.533004 0.176242 0.559978 0.166496  0 0 
4 0.551068 0.202774 0.532934 0.215345 0.507707 0.183357 0.533004 0.176242  0 0 
4 0.532934 0.215345 0.517299 0.226185 0.496746 0.199536 0.507707 0.183357  0 0 
4 0.517299 0.226185 0.509581 0.231535 0.486861 0.222925 0.496746 0.199536  0 0 
4 0.509581 0.231535 0.516709 0.246538 0.505372 0.247232 0.486861 0.222925  0 0 
4 0.516709 0.246538 0.526547 0.267244 0.510789 0.270056 0.505372 0.247232  0 0 
4 0.526547 0.267244 0.54013 0.29583 0.525772 0.288446 0.510789 0.270056  0 0 
4 0.54013 0.29583 0.548477 0.313398 0.53458 0.308124 0.525772 0.288446  0 0 
4 0.548477 0.313398 0.549786 0.335486 0.533019 0.320513 0.53458 0.308124  0 0 
4 0.549786 0.335486 0.551165 0.358739 0.505595 0.336348 0.533019 0.320513  0 0 
4 0.551165 0.358739 0.551755 0.368693 0.519644 0.359264 0.505595 0.336348  0 0 
4 0.551755 0.368693 0.552392 0.379436 0.535352 0.373611 0.519644 0.359264  0 0 
4 0.552392 0.379436 0.557913 0.39776 0.536885 0.404502 0.535352 0.373611  0 0 
4 0.557913 0.39776 0.566181 0.425198 0.51726 0.418915 0.536885 0.404502  0 0 
4 0.566181 0.425198 0.577828 0.463852 0.553854 0.477312 0.51726 0.418915  0 0 
4 0.577828 0.463852 0.597395 0.528793 0.576318 0.524639 0.553854 0.477312  0 0 
4 0.597395 0.528793 0.598951 0.566048 0.561793 0.553149 0.576318 0.524639  0 0 
4 0.598951 0.566048 0.600151 0.594766 0.554659 0.601804 0.561793 0.553149  0 0 
4 0.600151 0.594766 0.60284 0.659163 0.574328 0.654585 0.554659 0.601804  0 0 
4 0.60284 0.659163 0.604654 0.702582 0.565502 0.678529 0.574328 0.654585  0 0 
4 0.604654 0.702582 0.599091 0.745156 0.546137 0.729695 0.565502 0.678529  0 0 
4 0.599091 0.745156 0.593594 0.787224 0.543461 0.758822 0.546137 0.729695  0 0 
4 0.593594 0.787224 0.58645 0.841902 0.556696 0.801944 0.543461 0.758822  0 0 
4 0.58645 0.841902 0.579412 0.895762 0.55314 0.856155 0.556696 0.801944  0 0 
4 0.579412 0.895762 0.567639 0.932079 0.550179 0.904483 0.55314 0.856155  0 0 
4 0.567639 0.932079 0.556715 0.965778 0.545534 0.942514 0.550179 0.904483  0 0 
4 0.556715 0.965778 0.551828 0.980855 0.544683 0.974571 0.545534 0.942514  0 0 
4 0.551828 0.980855 0.545622 1 0.529902 1 0.544683 0.974571  0 0 
4 0.521496 0 0.515902 0.0494722 0.482741 0.0304395 0.480919 0  0 0 
4 0.515902 0.0494722 0.534957 0.0949015 0.484043 0.0521947 0.482741 0.0304395  0 0 
4 0.534957 0.0949015 0.539035 0.117184 0.513135 0.11275 0.484043 0.0521947  0 0 
4 0.539035 0.117184 0.559978 0.166496 0.530082 0.148027 0.513135 0.11275  0 0 
4 0.559978 0.166496 0.533004 0.176242 0.508009 0.157816 0.530082 0.148027  0 0 
4 0.533004 0.176242 0.507707 0.183357 0.492862 0.164533 0.508009 0.157816  0 0 
4 0.507707 0.183357 0.496746 0.199536 0.485778 0.18526 0.492862 0.164533  0 0 
4 0.496746 0.199536 0.486861 0.222925 0.474505 0.218242 0.485778 0.18526  0 0 
4 0.486861 0.222925 0.505372 0.247232 0.493525 0.254971 0.474505 0.218242  0 0 
4 0.505372 0.247232 0.510789 0.270056 0.502135 0.2716 0.493525 0.254971  0 0 
4 0.510789 0.270056 0.525772 0.288446 0.506695 0.285023 0.502135 0.2716  0 0 
4 0.525772 0.288446 0.53458 0.308124 0.511576 0.299394 0.506695 0.285023  0 0 
4 0.53458 0.308124 0.533019 0.320513 0.493725 0.314133 0.511576 0.299394  0 0 
4 0.533019 0.320513 0.505595 0.336348 0.481287 0.324403 0.493725 0.314133  0 0 
4 0.505595 0.336348 0.519644 0.359264 0.491878 0.337948 0.481287 0.324403  0 0 
4 0.519644 0.359264 0.535352 0.373611 0.514078 0.366339 0.491878 0.337948  0 0 
4 0.535352 0.373611 0.536885 0.404502 0.50212 0.397513 0.514078 0.366339  0 0 
4 0.536885 0.404502 0.51726 0.418915 0.495006 0.416057 0.50212 0.397513  0 0 
4 0.51726 0.418915 0.553854 0.477312 0.516178 0.461476 0.495006 0.416057  0 0 
4 0.553854 0.477312 0.576318 0.524639 0.542516 0.517978 0.516178 0.461476  0 0 
4 0.576318 0.524639 0.561793 0.553149 0.534694 0.551017 0.542516 0.517978  0 0 
4 0.561793 0.553149 0.554659 0.601804 0.521452 0.606942 0.534694 0.551017  0 0 
4 0.554659 0.601804 0.574328 0.654585 0.530159 0.634488 0.521452 0.606942  0 0 
4 0.574328 0.654585 0.565502 0.678529 0.538919 0.662198 0.530159 0.634488  0 0 
4 0.565502 0.678529 0.546137 0.729695 0.529847 0.688243 0.538919 0.662198  0 0 
4 0.546137 0.729695 0.543461 0.758822 0.511558 0.740748 0.529847 0.688243  0 0 
4 0.543461 0.758822 0.556696 0.801944 0.510541 0.75989 0.511558 0.740748  0 0 
4 0.556696 0.801944 0.55314 0.856155 0.508965 0.789556 0.510541 0.75989  0 0 
4 0.55314 0.856155 0.550179 0.904483 0.51716 0.830862 0.508965 0.789556  0 0 
4 0.550179 0.904483 0.545534 0.942514 0.534937 0.920467 0.51716 0.830862  0 0 
4 0.545534 0.942514 0.544683 0.974571 0.531135 0.946117 0.534937 0.920467  0 0 
4 0.544683 0.974571 0.529902 1 0.523149 1 0.531135 0.946117  0 0 
4 0.480919 0 0.482741 0.0304395 0.434943 0.0205008 0.438443 0  0 0 
4 0.482741 0.0304395 0.484043 0.0521947 0.441868 0.0476856 0.434943 0.0205008  0 0 
4 0.484043 0.0521947 0.513135 0.11275 0.456948 0.0842168 0.441868 0.0476856  0 0 
4 0.513135 0.11275 0.530082 0.148027 0.486331 0.120999 0.456948 0.0842168  0 0 
4 0.530082 0.148027 0.508009 0.157816 0.484129 0.14058 0.486331 0.120999  0 0 
4 0.508009 0.157816 0.492862 0.164533 0.455844 0.16443 0.484129 0.14058  0 0 
4 0.492862 0.164533 0.485778 0.18526 0.463954 0.181666 0.455844 0.16443  0 0 
4 0.485778 0.18526 0.474505 0.218242 0.455503 0.21104 0.463954 0.181666  0 0 
4 0.474505 0.218242 0.493525 0.254971 0.453863 0.23113 0.455503 0.21104  0 0 
4 0.493525 0.254971 0.502135 0.2716 0.47216 0.254002 0.453863 0.23113  0 0 
4 0.502135 0.2716 0.506695 0.285023 0.476837 0.267759 0.47216 0.254002  0 0 
4 0.506695 0.285023 0.511576 0.299394 0.47475 0.285419 0.476837 0.267759  0 0 
4 0.511576 0.299394 0.493725 0.314133 0.46399 0.309354 0.47475 0.285419  0 0 
4 0.493725 0.314133 0.481287 0.324403 0.465749 0.321402 0.46399 0.309354  0 0 
4 0.481287 0.324403 0.491878 0.337948 0.473843 0.341314 0.465749 0.321402  0 0 
4 0.491878 0.337948 0.514078 0.366339 0.471522 0.351791 0.473843 0.341314  0 0 
4 0.514078 0.366339 0.50212 0.397513 0.485981 0.403588 0.471522 0.351791  0 0 
4 0.50212 0.397513 0.495006 0.416057 0.478996 0.424859 0.485981 0.403588  0 0 
4 0.495006 0.416057 0.516178 0.461476 0.492813 0.450721 0.478996 0.424859  0 0 
4 0.516178 0.461476 0.542516 0.517978 0.512036 0.511972 0.492813 0.450721  0 0 
4 0.542516 0.517978 0.534694 0.551017 0.507325 0.544529 0.512036 0.511972  0 0 
4 0.534694 0.551017 0.521452 0.606942 0.493742 0.577739 0.507325 0.544529  0 0 
4 0.521452 0.606942 0.530159 0.634488 0.512841 0.629086 0.493742 0.577739  0 0 
4 0.530159 0.634488 0.538919 0.662198 0.516679 0.648535 0.512841 0.629086  0 0 
4 0.538919 0.662198 0.529847 0.688243 0.489353 0.675606 0.516679 0.648535  0 0 
4 0.529847 0.688243 0.511558 0.740748 0.489587 0.702944 0.489353 0.675606  0 0 
4 0.511558 0.740748 0.510541 0.75989 0.499049 0.736116 0.489587 0.702944  0 0 
4 0.510541 0.75989 0.508965 0.789556 0.493463 0.766185 0.499049 0.736116  0 0 
4 0.508965 0.789556 0.51716 0.830862 0.497655 0.829818 0.493463 0.766185  0 0 
4 0.51716 0.830862 0.534937 0.920467 0.507798 0.895961 0.497655 0.829818  0 0 
4 0.534937 0.920467 0.531135 0.946117 0.508124 0.958427 0.507798 0.895961  0 0 
4 0.531135 0.946117 0.523149 1 0.507833 1 0.508124 0.958427  0 0 
4 0.438443 0 0.434943 0.0205008 0.408159 0.021189 0.405259 0  0 0 
4 0.434943 0.0205008 0.441868 0.0476856 0.411339 0.0444215 0.408159 0.021189  0 0 
4 0.441868 0.0476856 0.456948 0.0842168 0.413267 0.058508 0.411339 0.0444215  0 0 
4 0.456948 0.0842168 0.486331 0.120999 0.415861 0.0774636 0.413267 0.058508  0 0 
4 0.486331 0.120999 0.484129 0.14058 0.422544 0.126295 0.415861 0.0774636  0 0 
4 0.484129 0.14058 0.455844 0.16443 0.427752 0.164352 0.422544 0.126295  0 0 
4 0.455844 0.16443 0.463954 0.181666 0.430805 0.186658 0.427752 0.164352  0 0 
4 0.463954 0.181666 0.455503 0.21104 0.432973 0.202501 0.430805 0.186658  0 0 
4 0.455503 0.21104 0.453863 0.23113 0.434412 0.213011 0.432973 0.202501  0 0 
4 0.453863 0.23113 0.47216 0.254002 0.437214 0.233485 0.434412 0.213011  0 0 
4 0.47216 0.254002 0.476837 0.267759 0.43913 0.247488 0.437214 0.233485  0 0 
4 0.476837 0.267759 0.47475 0.285419 0.442654 0.273239 0.43913 0.247488  0 0 
4 0.47475 0.285419 0.46399 0.309354 0.446345 0.30021 0.442654 0.273239  0 0 
4 0.46399 0.309354 0.465749 0.321402 0.448798 0.318127 0.446345 0.30021  0 0 
4 0.465749 0.321402 0.473843 0.341314 0.45026 0.328813 0.448798 0.318127  0 0 
4 0.473843 0.341314 0.471522 0.351791 0.452516 0.345294 0.45026 0.328813  0 0 
4 0.471522 0.351791 0.485981 0.403588 0.456037 0.401557 0.452516 0.345294  0 0 
4 0.485981 0.403588 0.478996 0.424859 0.45821 0.436289 0.456037 0.401557  0 0 
4 0.478996 0.424859 0.492813 0.450721 0.459865 0.462739 0.45821 0.436289  0 0 
4 0.492813 0.450721 0.512036 0.511972 0.462334 0.502178 0.459865 0.462739  0 0 
4 0.512036 0.511972 0.507325 0.544529 0.464188 0.531818 0.462334 0.502178  0 0 
4 0.507325 0.544529 0.493742 0.577739 0.465178 0.547635 0.464188 0.531818  0 0 
4 0.493742 0.577739 0.512841 0.629086 0.466614 0.570572 0.465178 0.547635  0 0 
4 0.512841 0.629086 0.516679 0.648535 0.469686 0.619665 0.466614 0.570572  0 0 
4 0.516679 0.648535 0.489353 0.675606 0.471491 0.648515 0.469686 0.619665  0 0 
4 0.489353 0.675606 0.489587 0.702944 0.473125 0.674618 0.471491 0.648515  0 0 
4 0.489587 0.702944 0.499049 0.736116 0.474714 0.700013 0.473125 0.674618  0 0 
4 0.499049 0.736116 0.493463 0.766185 0.477334 0.741869 0.474714 0.700013  0 0 
4 0.493463 0.766185 0.497655 0.829818 0.481834 0.813787 0.477334 0.741869  0 0 
4 0.497655 0.829818 0.507798 0.895961 0.48573 0.876034 0.481834 0.813787  0 0 
4 0.507798 0.895961 0.508124 0.958427 0.490334 0.949609 0.48573 0.876034  0 0 
4 0.508124 0.958427 0.507833 1 0.493488 1 0.490334 0.949609  0 0 
4 0.405259 0 0.408159 0.021189 0.381539 0.0221839 0.36754 0  0 0 
4 0.408159 0.021189 0.411339 0.0444215 0.396569 0.0510817 0.381539 0.0221839  0 0 
4 0.411339 0.0444215 0.413267 0.058508 0.40138 0.0635172 0.396569 0.0510817  0 0 
4 0.413267 0.058508 0.415861 0.0774636 0.399219 0.0904515 0.40138 0.0635172  0 0 
4 0.415861 0.0774636 0.422544 0.126295 0.401204 0.12622 0.399219 0.0904515  0 0 
4 0.422544 0.126295 0.427752 0.164352 0.408297 0.165621 0.401204 0.12622  0 0 
4 0.427752 0.164352 0.430805 0.186658 0.399839 0.190117 0.408297 0.165621  0 0 
4 0.430805 0.186658 0.432973 0.202501 0.399957 0.220342 0.399839 0.190117  0 0 
4 0.432973 0.202501 0.434412 0.213011 0.402559 0.248755 0.399957 0.220342  0 0 
4 0.434412 0.213011 0.437214 0.233485 0.414 0.252863 0.402559 0.248755  0 0 
4 0.437214 0.233485 0.43913 0.247488 0.416435 0.268562 0.414 0.252863  0 0 
4 0.43913 0.247488 0.442654 0.273239 0.39773 0.306904 0.416435 0.268562  0 0 
4 0.442654 0.273239 0.446345 0.30021 0.402095 0.318577 0.39773 0.306904  0 0 
4 0.446345 0.30021 0.448798 0.318127 0.412604 0.338635 0.402095 0.318577  0 0 
4 0.448798 0.318127 0.45026 0.328813 0.398738 0.36106 0.412604 0.338635  0 0 
4 0.45026 0.328813 0.452516 0.345294 0.403374 0.379352 0.398738 0.36106  0 0 
4 0.452516 0.345294 0.456037 0.401557 0.418617 0.427442 0.403374 0.379352  0 0 
4 0.456037 0.401557 0.45821 0.436289 0.409821 0.462428 0.418617 0.427442  0 0 
4 0.45821 0.436289 0.459865 0.462739 0.424835 0.487891 0.409821 0.462428  0 0 
4 0.459865 0.462739 0.462334 0.502178 0.428148 0.524472 0.424835 0.487891  0 0 
4 0.462334 0.502178 0.464188 0.531818 0.43922 0.544826 0.428148 0.524472  0 0 
4 0.464188 0.531818 0.465178 0.547635 0.449696 0.556769 0.43922 0.544826  0 0 
4 0.465178 0.547635 0.466614 0.570572 0.447878 0.598701 0.449696 0.556769  0 0 
4 0.466614 0.570572 0.469686 0.619665 0.457817 0.62334 0.447878 0.598701  0 0 
4 0.469686 0.619665 0.471491 0.648515 0.456196 0.644097 0.457817 0.62334  0 0 
4 0.471491 0.648515 0.473125 0.674618 0.457235 0.676181 0.456196 0.644097  0 0 
4 0.473125 0.674618 0.474714 0.700013 0.461981 0.722365 0.457235 0.676181  0 0 
4 0.474714 0.700013 0.477334 0.741869 0.457794 0.75198 0.461981 0.722365  0 0 
4 0.477334 0.741869 0.481834 0.813787 0.438156 0.850917 0.457794 0.75198  0 0 
4 0.481834 0.813787 0.48573 0.876034 0.427792 0.893541 0.438156 0.850917  0 0 
4 0.48573 0.876034 0.490334 0.949609 0.46402 0.959481 0.427792 0.893541  0 0 
4 0.490334 0.949609 0.493488 1 0.4798 1 0.46402 0.959481  0 0 
4 0.36754 0 0.381539 0.0221839 0.365398 0.0307756 0.346917 0  0 0 
4 0.381539 0.0221839 0.396569 0.0510817 0.381637 0.0578154 0.365398 0.0307756  0 0 
4 0.396569 0.0510817 0.40138 0.0635172 0.38298 0.0810012 0.381637 0.0578154  0 0 
4 0.40138 0.0635172 0.399219 0.0904515 0.384206 0.102168 0.38298 0.0810012  0 0 
4 0.399219 0.0904515 0.401204 0.12622 0.381381 0.128307 0.384206 0.102168  0 0 
4 0.401204 0.12622 0.408297 0.165621 0.377128 0.167654 0.381381 0.128307  0 0 
4 0.408297 0.165621 0.399839 0.190117 0.379761 0.195342 0.377128 0.167654  0 0 
4 0.399839 0.190117 0.399957 0.220342 0.38301 0.2295 0.379761 0.195342  0 0 
4 0.399957 0.220342 0.402559 0.248755 0.380217 0.260288 0.38301 0.2295  0 0 
4 0.402559 0.248755 0.414 0.252863 0.378178 0.282764 0.380217 0.260288  0 0 
4 0.414 0.252863 0.416435 0.268562 0.36096 0.318219 0.378178 0.282764  0 0 
4 0.416435 0.268562 0.39773 0.306904 0.348562 0.343748 0.36096 0.318219  0 0 
4 0.39773 0.306904 0.402095 0.318577 0.358578 0.350943 0.348562 0.343748  0 0 
4 0.402095 0.318577 0.412604 0.338635 0.372822 0.361176 0.358578 0.350943  0 0 
4 0.412604 0.338635 0.398738 0.36106 0.364464 0.388326 0.372822 0.361176  0 0 
4 0.398738 0.36106 0.403374 0.379352 0.357423 0.411198 0.364464 0.388326  0 0 
4 0.403374 0.379352 0.418617 0.427442 0.364122 0.445861 0.357423 0.411198  0 0 
4 0.418617 0.427442 0.409821 0.462428 0.371342 0.483213 0.364122 0.445861  0 0 
4 0.409821 0.462428 0.424835 0.487891 0.383092 0.530157 0.371342 0.483213  0 0 
4 0.424835 0.487891 0.428148 0.524472 0.388192 0.55053 0.383092 0.530157  0 0 
4 0.428148 0.524472 0.43922 0.544826 0.402386 0.556445 0.388192 0.55053  0 0 
4 0.43922 0.544826 0.449696 0.556769 0.430434 0.568134 0.402386 0.556445  0 0 
4 0.449696 0.556769 0.447878 0.598701 0.437301 0.609284 0.430434 0.568134  0 0 
4 0.447878 0.598701 0.457817 0.62334 0.44054 0.62869 0.437301 0.609284  0 0 
4 0.457817 0.62334 0.456196 0.644097 0.440278 0.658011 0.44054 0.62869  0 0 
4 0.456196 0.644097 0.457235 0.676181 0.440101 0.677867 0.440278 0.658011  0 0 
4 0.457235 0.676181 0.461981 0.722365 0.435339 0.709654 0.440101 0.677867  0 0 
4 0.461981 0.722365 0.457794 0.75198 0.42658 0.768131 0.435339 0.709654  0 0 
4 0.457794 0.75198 0.438156 0.850917 0.41812 0.811911 0.42658 0.768131  0 0 
4 0.438156 0.850917 0.427792 0.893541 0.400769 0.901706 0.41812 0.811911  0 0 
4 0.427792 0.893541 0.46402 0.959481 0.4233 0.944106 0.400769 0.901706  0 0 
4 0.46402 0.959481 0.4798 1 0.453001 1 0.4233 0.944106  0 0 
4 0.346917 0 0.365398 0.0307756 0.340843 0.0283214 0.333246 0  0 0 
4 0.365398 0.0307756 0.381637 0.0578154 0.351784 0.0694942 0.340843 0.0283214  0 0 
4 0.381637 0.0578154 0.38298 0.0810012 0.359232 0.0957237 0.351784 0.0694942  0 0 
4 0.38298 0.0810012 0.384206 0.102168 0.358646 0.122115 0.359232 0.0957237  0 0 
4 0.384206 0.102168 0.381381 0.128307 0.360836 0.138983 0.358646 0.122115  0 0 
4 0.381381 0.128307 0.377128 0.167654 0.338714 0.192947 0.360836 0.138983  0 0 
4 0.377128 0.167654 0.379761 0.195342 0.358436 0.208545 0.338714 0.192947  0 0 
4 0.379761 0.195342 0.38301 0.2295 0.34876 0.248007 0.358436 0.208545  0 0 
4 0.38301 0.2295 0.380217 0.260288 0.331593 0.296452 0.34876 0.248007  0 0 
4 0.380217 0.260288 0.378178 0.282764 0.321762 0.320962 0.331593 0.296452  0 0 
4 0.378178 0.282764 0.36096 0.318219 0.31356 0.343085 0.321762 0.320962  0 0 
4 0.36096 0.318219 0.348562 0.343748 0.303208 0.377735 0.31356 0.343085  0 0 
4 0.348562 0.343748 0.358578 0.350943 0.327557 0.380455 0.303208 0.377735  0 0 
4 0.358578 0.350943 0.372822 0.361176 0.335497 0.389265 0.327557 0.380455  0 0 
4 0.372822 0.361176 0.364464 0.388326 0.325834 0.415838 0.335497 0.389265  0 0 
4 0.364464 0.388326 0.357423 0.411198 0.305279 0.447337 0.325834 0.415838  0 0 
4 0.357423 0.411198 0.364122 0.445861 0.315458 0.475975 0.305279 0.447337  0 0 
4 0.364122 0.445861 0.371342 0.483213 0.331024 0.504546 0.315458 0.475975  0 0 
4 0.371342 0.483213 0.383092 0.530157 0.341208 0.54753 0.331024 0.504546  0 0 
4 0.383092 0.530157 0.388192 0.55053 0.35635 0.571296 0.341208 0.54753  0 0 
4 0.388192 0.55053 0.402386 0.556445 0.385799 0.591589 0.35635 0.571296  0 0 
4 0.402386 0.556445 0.430434 0.568134 0.415016 0.586122 0.385799 0.591589  0 0 
4 0.430434 0.568134 0.437301 0.609284 0.414624 0.62088 0.415016 0.586122  0 0 
4 0.437301 0.609284 0.44054 0.62869 0.428669 0.632365 0.414624 0.62088  0 0 
4 0.44054 0.62869 0.440278 0.658011 0.417901 0.664781 0.428669 0.632365  0 0 
4 0.440278 0.658011 0.440101 0.677867 0.410846 0.694093 0.417901 0.664781  0 0 
4 0.440101 0.677867 0.435339 0.709654 0.401504 0.751144 0.410846 0.694093  0 0 
4 0.435339 0.709654 0.42658 0.768131 0.372743 0.795987 0.401504 0.751144  0 0 
4 0.42658 0.768131 0.41812 0.811911 0.378882 0.831404 0.372743 0.795987  0 0 
4 0.41812 0.811911 0.400769 0.901706 0.375596 0.891989 0.378882 0.831404  0 0 
4 0.400769 0.901706 0.4233 0.944106 0.385023 0.959298 0.375596 0.891989  0 0 
4 0.4233 0.944106 0.453001 1 0.3958 1 0.385023 0.959298  0 0 
4 0.333246 0 0.340843 0.0283214 0.326298 0.0361825 0.319523 0  0 0 
4 0.340843 0.0283214 0.351784 0.0694942 0.333849 0.0765108 0.326298 0.0361825  0 0 
4 0.351784 0.0694942 0.359232 0.0957237 0.33893 0.103648 0.333849 0.0765108  0 0 
4 0.359232 0.0957237 0.358646 0.122115 0.344461 0.133186 0.33893 0.103648  0 0 
4 0.358646 0.122115 0.360836 0.138983 0.333749 0.166509 0.344461 0.133186  0 0 
4 0.360836 0.138983 0.338714 0.192947 0.321636 0.204192 0.333749 0.166509  0 0 
4 0.338714 0.192947 0.358436 0.208545 0.306685 0.250702 0.321636 0.204192  0 0 
4 0.358436 0.208545 0.34876 0.248007 0.298888 0.274957 0.306685 0.250702  0 0 
4 0.34876 0.248007 0.331593 0.296452 0.291402 0.305369 0.298888 0.274957  0 0 
4 0.331593 0.296452 0.321762 0.320962 0.280723 0.348748 0.291402 0.305369  0 0 
4 0.321762 0.320962 0.31356 0.343085 0.273171 0.379427 0.280723 0.348748  0 0 
4 0.31356 0.343085 0.303208 0.377735 0.266888 0.404951 0.273171 0.379427  0 0 
4 0.303208 0.377735 0.327557 0.380455 0.270536 0.42089 0.266888 0.404951  0 0 
4 0.327557 0.380455 0.335497 0.389265 0.273907 0.435615 0.270536 0.42089  0 0 
4 0.335497 0.389265 0.325834 0.415838 0.278354 0.455044 0.273907 0.435615  0 0 
4 0.325834 0.415838 0.305279 0.447337 0.280518 0.464498 0.278354 0.455044  0 0 
4 0.305279 0.447337 0.315458 0.475975 0.285649 0.484337 0.280518 0.464498  0 0 
4 0.315458 0.475975 0.331024 0.504546 0.295708 0.523231 0.285649 0.484337  0 0 
4 0.331024 0.504546 0.341208 0.54753 0.302012 0.547608 0.295708 0.523231  0 0 
4 0.341208 0.54753 0.35635 0.571296 0.315097 0.598199 0.302012 0.547608  0 0 
4 0.35635 0.571296 0.385799 0.591589 0.339436 0.607509 0.315097 0.598199  0 0 
4 0.385799 0.591589 0.415016 0.586122 0.382548 0.623999 0.339436 0.607509  0 0 
4 0.415016 0.586122 0.414624 0.62088 0.403075 0.631851 0.382548 0.623999  0 0 
4 0.414624 0.62088 0.428669 0.632365 0.415267 0.636515 0.403075 0.631851  0 0 
4 0.428669 0.632365 0.417901 0.664781 0.401201 0.672724 0.415267 0.636515  0 0 
4 0.417901 0.664781 0.410846 0.694093 0.387972 0.706779 0.401201 0.672724  0 0 
4 0.410846 0.694093 0.401504 0.751144 0.364024 0.768426 0.387972 0.706779  0 0 
4 0.401504 0.751144 0.372743 0.795987 0.348431 0.808566 0.364024 0.768426  0 0 
4 0.372743 0.795987 0.378882 0.831404 0.350486 0.836998 0.348431 0.808566  0 0 
4 0.378882 0.831404 0.375596 0.891989 0.353854 0.883596 0.350486 0.836998  0 0 
4 0.375596 0.891989 0.385023 0.959298 0.357231 0.930328 0.353854 0.883596  0 0 
4 0.385023 0.959298 0.3958 1 0.362267 1 0.357231 0.930328  0 0 
4 0.319523 0 0.326298 0.0361825 0.298772 0.0259513 0.298695 0  0 0 
4 0.326298 0.0361825 0.333849 0.0765108 0.315958 0.0656565 0.298772 0.0259513  0 0 
4 0.333849 0.0765108 0.33893 0.103648 0.317914 0.108532 0.315958 0.0656565  0 0 
4 0.33893 0.103648 0.344461 0.133186 0.29467 0.133502 0.317914 0.108532  0 0 
4 0.344461 0.133186 0.333749 0.166509 0.302834 0.173467 0.29467 0.133502  0 0 
4 0.333749 0.166509 0.321636 0.204192 0.306759 0.209914 0.302834 0.173467  0 0 
4 0.321636 0.204192 0.306685 0.250702 0.289215 0.246352 0.306759 0.209914  0 0 
4 0.306685 0.250702 0.298888 0.274957 0.266458 0.292481 0.289215 0.246352  0 0 
4 0.298888 0.274957 0.291402 0.305369 0.257439 0.324285 0.266458 0.292481  0 0 
4 0.291402 0.305369 0.280723 0.348748 0.256269 0.342449 0.257439 0.324285  0 0 
4 0.280723 0.348748 0.273171 0.379427 0.255347 0.361029 0.256269 0.342449  0 0 
4 0.273171 0.379427 0.266888 0.404951 0.255739 0.40346 0.255347 0.361029  0 0 
4 0.266888 0.404951 0.270536 0.42089 0.249162 0.4205 0.255739 0.40346  0 0 
4 0.270536 0.42089 0.273907 0.435615 0.247003 0.441474 0.249162 0.4205  0 0 
4 0.273907 0.435615 0.278354 0.455044 0.237281 0.478153 0.247003 0.441474  0 0 
4 0.278354 0.455044 0.280518 0.464498 0.238001 0.493964 0.237281 0.478153  0 0 
4 0.280518 0.464498 0.285649 0.484337 0.262029 0.520463 0.238001 0.493964  0 0 
4 0.285649 0.484337 0.295708 0.523231 0.27003 0.563798 0.262029 0.520463  0 0 
4 0.295708 0.523231 0.302012 0.547608 0.282008 0.579078 0.27003 0.563798  0 0 
4 0.302012 0.547608 0.315097 0.598199 0.305375 0.603374 0.282008 0.579078  0 0 
4 0.315097 0.598199 0.339436 0.607509 0.317226 0.613649 0.305375 0.603374  0 0 
4 0.339436 0.607509 0.382548 0.623999 0.351988 0.625649 0.317226 0.613649  0 0 
4 0.382548 0.623999 0.403075 0.631851 0.366504 0.633206 0.351988 0.625649  0 0 
4 0.403075 0.631851 0.415267 0.636515 0.394483 0.64295 0.366504 0.633206  0 0 
4 0.415267 0.636515 0.401201 0.672724 0.380891 0.687869 0.394483 0.64295  0 0 
4 0.401201 0.672724 0.387972 0.706779 0.356325 0.737916 0.380891 0.687869  0 0 
4 0.387972 0.706779 0.364024 0.768426 0.345581 0.788452 0.356325 0.737916  0 0 
4 0.364024 0.768426 0.348431 0.808566 0.335004 0.828149 0.345581 0.788452  0 0 
4 0.348431 0.808566 0.350486 0.836998 0.34388 0.861312 0.335004 0.828149  0 0 
4 0.350486 0.836998 0.353854 0.883596 0.345011 0.902901 0.34388 0.861312  0 0 
4 0.353854 0.883596 0.357231 0.930328 0.346538 0.969365 0.345011 0.902901  0 0 
4 0.357231 0.930328 0.362267 1 0.34296 1 0.346538 0.969365  0 0 
4 0.298695 0 0.298772 0.0259513 0.282089 0.0198425 0.273141 0  0 0 
4 0.298772 0.0259513 0.315958 0.0656565 0.297776 0.0546257 0.282089 0.0198425  0 0 
4 0.315958 0.0656565 0.317914 0.108532 0.286111 0.0812888 0.297776 0.0546257  0 0 
4 0.317914 0.108532 0.29467 0.133502 0.263181 0.133701 0.286111 0.0812888  0 0 
4 0.29467 0.133502 0.302834 0.173467 0.269282 0.165321 0.263181 0.133701  0 0 
4 0.302834 0.173467 0.306759 0.209914 0.27988 0.220251 0.269282 0.165321  0 0 
4 0.306759 0.209914 0.289215 0.246352 0.269865 0.248018 0.27988 0.220251  0 0 
4 0.289215 0.246352 0.266458 0.292481 0.25077 0.300958 0.269865 0.248018  0 0 
4 0.266458 0.292481 0.257439 0.324285 0.246595 0.316176 0.25077 0.300958  0 0 
4 0.257439 0.324285 0.256269 0.342449 0.240502 0.338388 0.246595 0.316176  0 0 
4 0.256269 0.342449 0.255347 0.361029 0.23684 0.36262 0.240502 0.338388  0 0 
4 0.255347 0.361029 0.255739 0.40346 0.231165 0.400172 0.23684 0.36262  0 0 
4 0.255739 0.40346 0.249162 0.4205 0.231757 0.425526 0.231165 0.400172  0 0 
4 0.249162 0.4205 0.247003 0.441474 0.232204 0.444696 0.231757 0.425526  0 0 
4 0.247003 0.441474 0.237281 0.478153 0.214503 0.480754 0.232204 0.444696  0 0 
4 0.237281 0.478153 0.238001 0.493964 0.192557 0.525459 0.214503 0.480754  0 0 
4 0.238001 0.493964 0.262029 0.520463 0.233037 0.564208 0.192557 0.525459  0 0 
4 0.262029 0.520463 0.27003 0.563798 0.25591 0.586103 0.233037 0.564208  0 0 
4 0.27003 0.563798 0.282008 0.579078 0.279493 0.602095 0.25591 0.586103  0 0 
4 0.282008 0.579078 0.305375 0.603374 0.291931 0.61053 0.279493 0.602095  0 0 
4 0.305375 0.603374 0.317226 0.613649 0.305297 0.618886 0.291931 0.61053  0 0 
4 0.317226 0.613649 0.351988 0.625649 0.318964 0.627431 0.305297 0.618886  0 0 
4 0.351988 0.625649 0.366504 0.633206 0.344526 0.638555 0.318964 0.627431  0 0 
4 0.366504 0.633206 0.394483 0.64295 0.371194 0.650161 0.344526 0.638555  0 0 
4 0.394483 0.64295 0.380891 0.687869 0.336508 0.733338 0.371194 0.650161  0 0 
4 0.380891 0.687869 0.356325 0.737916 0.319481 0.774167 0.336508 0.733338  0 0 
4 0.356325 0.737916 0.345581 0.788452 0.322002 0.804124 0.319481 0.774167  0 0 
4 0.345581 0.788452 0.335004 0.828149 0.325225 0.84241 0.322002 0.804124  0 0 
4 0.335004 0.828149 0.34388 0.861312 0.327298 0.877304 0.325225 0.84241  0 0 
4 0.34388 0.861312 0.345011 0.902901 0.330678 0.934193 0.327298 0.877304  0 0 
4 0.345011 0.902901 0.346538 0.969365 0.325311 0.968232 0.330678 0.934193  0 0 
4 0.346538 0.969365 0.34296 1 0.320302 1 0.325311 0.968232  0 0 
4 0.273141 0 0.282089 0.0198425 0.25366 0.0254527 0.244513 0  0 0 
4 0.282089 0.0198425 0.297776 0.0546257 0.274892 0.0627439 0.25366 0.0254527  0 0 
4 0.297776 0.0546257 0.286111 0.0812888 0.249938 0.103663 0.274892 0.0627439  0 0 
4 0.286111 0.0812888 0.263181 0.133701 0.24709 0.133803 0.249938 0.103663  0 0 
4 0.263181 0.133701 0.269282 0.165321 0.246362 0.16629 0.24709 0.133803  0 0 
4 0.269282 0.165321 0.27988 0.220251 0.256162 0.23313 0.246362 0.16629  0 0 
4 0.27988 0.220251 0.269865 0.248018 0.251617 0.266857 0.256162 0.23313  0 0 
4 0.269865 0.248018 0.25077 0.300958 0.23555 0.309183 0.251617 0.266857  0 0 
4 0.25077 0.300958 0.246595 0.316176 0.227978 0.33932 0.23555 0.309183  0 0 
4 0.246595 0.316176 0.240502 0.338388 0.219375 0.35856 0.227978 0.33932  0 0 
4 0.240502 0.338388 0.23684 0.36262 0.22585 0.370542 0.219375 0.35856  0 0 
4 0.23684 0.36262 0.231165 0.400172 0.218205 0.398439 0.22585 0.370542  0 0 
4 0.231165 0.400172 0.231757 0.425526 0.211578 0.422787 0.218205 0.398439  0 0 
4 0.231757 0.425526 0.232204 0.444696 0.21536 0.445563 0.211578 0.422787  0 0 
4 0.232204 0.444696 0.214503 0.480754 0.179398 0.512212 0.21536 0.445563  0 0 
4 0.214503 0.480754 0.192557 0.525459 0.17848 0.535216 0.179398 0.512212  0 0 
4 0.192557 0.525459 0.233037 0.564208 0.195475 0.565815 0.17848 0.535216  0 0 
4 0.233037 0.564208 0.25591 0.586103 0.227945 0.594991 0.195475 0.565815  0 0 
4 0.25591 0.586103 0.279493 0.602095 0.26161 0.610204 0.227945 0.594991  0 0 
4 0.279493 0.602095 0.291931 0.61053 0.27113 0.621602 0.26161 0.610204  0 0 
4 0.291931 0.61053 0.305297 0.618886 0.28347 0.637334 0.27113 0.621602  0 0 
4 0.305297 0.618886 0.318964 0.627431 0.298092 0.645763 0.28347 0.637334  0 0 
4 0.318964 0.627431 0.344526 0.638555 0.323349 0.648828 0.298092 0.645763  0 0 
4 0.344526 0.638555 0.371194 0.650161 0.329626 0.663031 0.323349 0.648828  0 0 
4 0.371194 0.650161 0.336508 0.733338 0.331677 0.698102 0.329626 0.663031  0 0 
4 0.336508 0.733338 0.319481 0.774167 0.308806 0.774475 0.331677 0.698102  0 0 
4 0.319481 0.774167 0.322002 0.804124 0.30135 0.846075 0.308806 0.774475  0 0 
4 0.322002 0.804124 0.325225 0.84241 0.310105 0.86446 0.30135 0.846075  0 0 
4 0.325225 0.84241 0.327298 0.877304 0.299428 0.903003 0.310105 0.86446  0 0 
4 0.327298 0.877304 0.330678 0.934193 0.299229 0.950906 0.299428 0.903003  0 0 
4 0.330678 0.934193 0.325311 0.968232 0.306642 0.964752 0.299229 0.950906  0 0 
4 0.325311 0.968232 0.320302 1 0.307159 1 0.306642 0.964752  0 0 
4 0.244513 0 0.25366 0.0254527 0.227055 0.0257821 0.227344 0  0 0 
4 0.25366 0.0254527 0.274892 0.0627439 0.226447 0.0799292 0.227055 0.0257821  0 0 
4 0.274892 0.0627439 0.249938 0.103663 0.226248 0.0976684 0.226447 0.0799292  0 0 
4 0.249938 0.103663 0.24709 0.133803 0.225841 0.133938 0.226248 0.0976684  0 0 
4 0.24709 0.133803 0.246362 0.16629 0.225156 0.194969 0.225841 0.133938  0 0 
4 0.246362 0.16629 0.256162 0.23313 0.224535 0.250305 0.225156 0.194969  0 0 
4 0.256162 0.23313 0.251617 0.266857 0.224126 0.286709 0.224535 0.250305  0 0 
4 0.251617 0.266857 0.23555 0.309183 0.223803 0.31553 0.224126 0.286709  0 0 
4 0.23555 0.309183 0.227978 0.33932 0.217478 0.337102 0.223803 0.31553  0 0 
4 0.227978 0.33932 0.219375 0.35856 0.208002 0.36942 0.217478 0.337102  0 0 
4 0.219375 0.35856 0.22585 0.370542 0.20461 0.380986 0.208002 0.36942  0 0 
4 0.22585 0.370542 0.218205 0.398439 0.200199 0.39603 0.20461 0.380986  0 0 
4 0.218205 0.398439 0.211578 0.422787 0.193849 0.417687 0.200199 0.39603  0 0 
4 0.211578 0.422787 0.21536 0.445563 0.185221 0.447114 0.193849 0.417687  0 0 
4 0.21536 0.445563 0.179398 0.512212 0.17363 0.486647 0.185221 0.447114  0 0 
4 0.179398 0.512212 0.17848 0.535216 0.15452 0.551821 0.17363 0.486647  0 0 
4 0.17848 0.535216 0.195475 0.565815 0.193725 0.584403 0.15452 0.551821  0 0 
4 0.195475 0.565815 0.227945 0.594991 0.212406 0.599929 0.193725 0.584403  0 0 
4 0.227945 0.594991 0.26161 0.610204 0.239125 0.622134 0.212406 0.599929  0 0 
4 0.26161 0.610204 0.27113 0.621602 0.251231 0.632195 0.239125 0.622134  0 0 
4 0.27113 0.621602 0.28347 0.637334 0.270618 0.648307 0.251231 0.632195  0 0 
4 0.28347 0.637334 0.298092 0.645763 0.283246 0.658802 0.270618 0.648307  0 0 
4 0.298092 0.645763 0.323349 0.648828 0.289432 0.663942 0.283246 0.658802  0 0 
4 0.323349 0.648828 0.329626 0.663031 0.299543 0.672345 0.289432 0.663942  0 0 
4 0.329626 0.663031 0.331677 0.698102 0.296558 0.72139 0.299543 0.672345  0 0 
4 0.331677 0.698102 0.308806 0.774475 0.2933 0.774923 0.296558 0.72139  0 0 
4 0.308806 0.774475 0.30135 0.846075 0.288389 0.855614 0.2933 0.774923  0 0 
4 0.30135 0.846075 0.310105 0.86446 0.285683 0.900077 0.288389 0.855614  0 0 
4 0.310105 0.86446 0.299428 0.903003 0.283314 0.938998 0.285683 0.900077  0 0 
4 0.299428 0.903003 0.299229 0.950906 0.282033 0.960044 0.283314 0.938998  0 0 
4 0.299229 0.950906 0.306642 0.964752 0.280597 0.983646 0.282033 0.960044  0 0 
4 0.306642 0.964752 0.307159 1 0.279602 1 0.280597 0.983646  0 0 
4 0.227344 0 0.227055 0.0257821 0.202475 0.0529 0.198791 0  0 0 
4 0.227055 0.0257821 0.226447 0.0799292 0.19534 0.0910092 0.202475 0.0529  0 0 
4 0.226447 0.0799292 0.226248 0.0976684 0.196386 0.108465 0.19534 0.0910092  0 0 
4 0.226248 0.0976684 0.225841 0.133938 0.15944 0.161781 0.196386 0.108465  0 0 
4 0.225841 0.133938 0.225156 0.194969 0.19084 0.213285 0.15944 0.161781  0 0 
4 0.225156 0.194969 0.224535 0.250305 0.181551 0.269007 0.19084 0.213285  0 0 
4 0.224535 0.250305 0.224126 0.286709 0.186798 0.295397 0.181551 0.269007  0 0 
4 0.224126 0.286709 0.223803 0.31553 0.185746 0.325953 0.186798 0.295397  0 0 
4 0.223803 0.31553 0.217478 0.337102 0.186415 0.361759 0.185746 0.325953  0 0 
4 0.217478 0.337102 0.208002 0.36942 0.184067 0.380412 0.186415 0.361759  0 0 
4 0.208002 0.36942 0.20461 0.380986 0.174843 0.401783 0.184067 0.380412  0 0 
4 0.20461 0.380986 0.200199 0.39603 0.177617 0.416669 0.174843 0.401783  0 0 
4 0.200199 0.39603 0.193849 0.417687 0.163185 0.456263 0.177617 0.416669  0 0 
4 0.193849 0.417687 0.185221 0.447114 0.168112 0.472014 0.163185 0.456263  0 0 
4 0.185221 0.447114 0.17363 0.486647 0.145196 0.524683 0.168112 0.472014  0 0 
4 0.17363 0.486647 0.15452 0.551821 0.126283 0.571391 0.145196 0.524683  0 0 
4 0.15452 0.551821 0.193725 0.584403 0.163253 0.587845 0.126283 0.571391  0 0 
4 0.193725 0.584403 0.212406 0.599929 0.176896 0.611213 0.163253 0.587845  0 0 
4 0.212406 0.599929 0.239125 0.622134 0.193986 0.621619 0.176896 0.611213  0 0 
4 0.239125 0.622134 0.251231 0.632195 0.21534 0.641694 0.193986 0.621619  0 0 
4 0.251231 0.632195 0.270618 0.648307 0.234176 0.65837 0.21534 0.641694  0 0 
4 0.270618 0.648307 0.283246 0.658802 0.250068 0.665119 0.234176 0.65837  0 0 
4 0.283246 0.658802 0.289432 0.663942 0.263552 0.674887 0.250068 0.665119  0 0 
4 0.289432 0.663942 0.299543 0.672345 0.281019 0.678826 0.263552 0.674887  0 0 
4 0.299543 0.672345 0.296558 0.72139 0.275406 0.731254 0.281019 0.678826  0 0 
4 0.296558 0.72139 0.2933 0.774923 0.275088 0.762603 0.275406 0.731254  0 0 
4 0.2933 0.774923 0.288389 0.855614 0.26246 0.803813 0.275088 0.762603  0 0 
4 0.288389 0.855614 0.285683 0.900077 0.251614 0.865488 0.26246 0.803813  0 0 
4 0.285683 0.900077 0.283314 0.938998 0.242033 0.89555 0.251614 0.865488  0 0 
4 0.283314 0.938998 0.282033 0.960044 0.239009 0.939319 0.242033 0.89555  0 0 
4 0.282033 0.960044 0.280597 0.983646 0.242726 0.973116 0.239009 0.939319  0 0 
4 0.280597 0.983646 0.279602 1 0.261958 1 0.242726 0.973116  0 0 
4 0.198791 0 0.202475 0.0529 0.176305 0.059132 0.175727 0  0 0 
4 0.202475 0.0529 0.19534 0.0910092 0.176681 0.0976551 0.176305 0.059132  0 0 
4 0.19534 0.0910092 0.196386 0.108465 0.149791 0.141798 0.176681 0.0976551  0 0 
4 0.196386 0.108465 0.15944 0.161781 0.130132 0.17407 0.149791 0.141798  0 0 
4 0.15944 0.161781 0.19084 0.213285 0.141912 0.211183 0.130132 0.17407  0 0 
4 0.19084 0.213285 0.181551 0.269007 0.16285 0.277144 0.141912 0.211183  0 0 
4 0.181551 0.269007 0.186798 0.295397 0.151248 0.316364 0.16285 0.277144  0 0 
4 0.186798 0.295397 0.185746 0.325953 0.14512 0.33708 0.151248 0.316364  0 0 
4 0.185746 0.325953 0.186415 0.361759 0.153931 0.354188 0.14512 0.33708  0 0 
4 0.186415 0.361759 0.184067 0.380412 0.170618 0.386589 0.153931 0.354188  0 0 
4 0.184067 0.380412 0.174843 0.401783 0.156733 0.419253 0.170618 0.386589  0 0 
4 0.174843 0.401783 0.177617 0.416669 0.14526 0.446239 0.156733 0.419253  0 0 
4 0.177617 0.416669 0.163185 0.456263 0.146896 0.478182 0.14526 0.446239  0 0 
4 0.163185 0.456263 0.168112 0.472014 0.148074 0.501176 0.146896 0.478182  0 0 
4 0.168112 0.472014 0.145196 0.524683 0.120301 0.558724 0.148074 0.501176  0 0 
4 0.145196 0.524683 0.126283 0.571391 0.108108 0.583987 0.120301 0.558724  0 0 
4 0.126283 0.571391 0.163253 0.587845 0.133319 0.606112 0.108108 0.583987  0 0 
4 0.163253 0.587845 0.176896 0.611213 0.149171 0.620024 0.133319 0.606112  0 0 
4 0.176896 0.611213 0.193986 0.621619 0.173624 0.640106 0.149171 0.620024  0 0 
4 0.193986 0.621619 0.21534 0.641694 0.185254 0.649657 0.173624 0.640106  0 0 
4 0.21534 0.641694 0.234176 0.65837 0.190247 0.664792 0.185254 0.649657  0 0 
4 0.234176 0.65837 0.250068 0.665119 0.193884 0.675818 0.190247 0.664792  0 0 
4 0.250068 0.665119 0.263552 0.674887 0.233081 0.682066 0.193884 0.675818  0 0 
4 0.263552 0.674887 0.281019 0.678826 0.259652 0.686301 0.233081 0.682066  0 0 
4 0.281019 0.678826 0.275406 0.731254 0.251615 0.720669 0.259652 0.686301  0 0 
4 0.275406 0.731254 0.275088 0.762603 0.246354 0.743164 0.251615 0.720669  0 0 
4 0.275088 0.762603 0.26246 0.803813 0.236498 0.781536 0.246354 0.743164  0 0 
4 0.26246 0.803813 0.251614 0.865488 0.222521 0.835952 0.236498 0.781536  0 0 
4 0.251614 0.865488 0.242033 0.89555 0.221194 0.886796 0.222521 0.835952  0 0 
4 0.242033 0.89555 0.239009 0.939319 0.220061 0.930192 0.221194 0.886796  0 0 
4 0.239009 0.939319 0.242726 0.973116 0.223174 0.966604 0.220061 0.930192  0 0 
4 0.242726 0.973116 0.261958 1 0.22603 1 0.223174 0.966604  0 0 
4 0.175727 0 0.176305 0.059132 0.144776 0.038737 0.146585 0  0 0 
4 0.176305 0.059132 0.176681 0.0976551 0.146703 0.110532 0.144776 0.038737  0 0 
4 0.176681 0.0976551 0.149791 0.141798 0.108247 0.163811 0.146703 0.110532  0 0 
4 0.149791 0.141798 0.130132 0.17407 0.0924147 0.189886 0.108247 0.163811  0 0 
4 0.130132 0.17407 0.141912 0.211183 0.116937 0.226407 0.0924147 0.189886  0 0 
4 0.141912 0.211183 0.16285 0.277144 0.106193 0.261896 0.116937 0.226407  0 0 
4 0.16285 0.277144 0.151248 0.316364 0.124856 0.2963 0.106193 0.261896  0 0 
4 0.151248 0.316364 0.14512 0.33708 0.115199 0.345274 0.124856 0.2963  0 0 
4 0.14512 0.33708 0.153931 0.354188 0.116466 0.369938 0.115199 0.345274  0 0 
4 0.153931 0.354188 0.170618 0.386589 0.122426 0.401023 0.116466 0.369938  0 0 
4 0.170618 0.386589 0.156733 0.419253 0.135969 0.41941 0.122426 0.401023  0 0 
4 0.156733 0.419253 0.14526 0.446239 0.123562 0.46607 0.135969 0.41941  0 0 
4 0.14526 0.446239 0.146896 0.478182 0.128199 0.483942 0.123562 0.46607  0 0 
4 0.146896 0.478182 0.148074 0.501176 0.125968 0.520134 0.128199 0.483942  0 0 
4 0.148074 0.501176 0.120301 0.558724 0.107468 0.562669 0.125968 0.520134  0 0 
4 0.120301 0.558724 0.108108 0.583987 0.0916185 0.595415 0.107468 0.562669  0 0 
4 0.108108 0.583987 0.133319 0.606112 0.103032 0.610305 0.0916185 0.595415  0 0 
4 0.133319 0.606112 0.149171 0.620024 0.128204 0.630429 0.103032 0.610305  0 0 
4 0.149171 0.620024 0.173624 0.640106 0.130861 0.644777 0.128204 0.630429  0 0 
4 0.173624 0.640106 0.185254 0.649657 0.139169 0.661855 0.130861 0.644777  0 0 
4 0.185254 0.649657 0.190247 0.664792 0.16259 0.668018 0.139169 0.661855  0 0 
4 0.190247 0.664792 0.193884 0.675818 0.156497 0.683549 0.16259 0.668018  0 0 
4 0.193884 0.675818 0.233081 0.682066 0.178755 0.690722 0.156497 0.683549  0 0 
4 0.233081 0.682066 0.259652 0.686301 0.228577 0.697173 0.178755 0.690722  0 0 
4 0.259652 0.686301 0.251615 0.720669 0.212568 0.721761 0.228577 0.697173  0 0 
4 0.251615 0.720669 0.246354 0.743164 0.213503 0.751151 0.212568 0.721761  0 0 
4 0.246354 0.743164 0.236498 0.781536 0.203543 0.793179 0.213503 0.751151  0 0 
4 0.236498 0.781536 0.222521 0.835952 0.200952 0.814053 0.203543 0.793179  0 0 
4 0.222521 0.835952 0.221194 0.886796 0.198818 0.876518 0.200952 0.814053  0 0 
4 0.221194 0.886796 0.220061 0.930192 0.179191 0.93072 0.198818 0.876518  0 0 
4 0.220061 0.930192 0.223174 0.966604 0.167971 0.964183 0.179191 0.93072  0 0 
4 0.223174 0.966604 0.22603 1 0.155793 1 0.167971 0.964183  0 0 
4 0.146585 0 0.144776 0.038737 0.0974101 0.0889473 0.115217 0  0 0 
4 0.144776 0.038737 0.146703 0.110532 0.0880445 0.135729 0.0974101 0.0889473  0 0 
4 0.146703 0.110532 0.108247 0.163811 0.0825655 0.163097 0.0880445 0.135729  0 0 
4 0.108247 0.163811 0.0924147 0.189886 0.0758085 0.196849 0.0825655 0.163097  0 0 
4 0.0924147 0.189886 0.116937 0.226407 0.07724 0.222724 0.0758085 0.196849  0 0 
4 0.116937 0.226407 0.106193 0.261896 0.0790023 0.254578 0.07724 0.222724  0 0 
4 0.106193 0.261896 0.124856 0.2963 0.0821702 0.311841 0.0790023 0.254578  0 0 
4 0.124856 0.2963 0.115199 0.345274 0.0844852 0.353686 0.0821702 0.311841  0 0 
4 0.115199 0.345274 0.116466 0.369938 0.0858561 0.38695 0.0844852 0.353686  0 0 
4 0.116466 0.369938 0.122426 0.401023 0.0868748 0.41167 0.0858561 0.38695  0 0 
4 0.122426 0.401023 0.135969 0.41941 0.0881165 0.4418 0.0868748 0.41167  0 0 
4 0.135969 0.41941 0.123562 0.46607 0.0903669 0.496407 0.0881165 0.4418  0 0 
4 0.123562 0.46607 0.128199 0.483942 0.0880242 0.532647 0.0903669 0.496407  0 0 
4 0.128199 0.483942 0.125968 0.520134 0.0866536 0.55385 0.0880242 0.532647  0 0 
4 0.125968 0.520134 0.107468 0.562669 0.0855876 0.570341 0.0866536 0.55385  0 0 
4 0.107468 0.562669 0.0916185 0.595415 0.0836078 0.600967 0.0855876 0.570341  0 0 
4 0.0916185 0.595415 0.103032 0.610305 0.0859731 0.622693 0.0836078 0.600967  0 0 
4 0.103032 0.610305 0.128204 0.630429 0.0889367 0.649915 0.0859731 0.622693  0 0 
4 0.128204 0.630429 0.130861 0.644777 0.0906264 0.665436 0.0889367 0.649915  0 0 
4 0.130861 0.644777 0.139169 0.661855 0.091607 0.674444 0.0906264 0.665436  0 0 
4 0.139169 0.661855 0.16259 0.668018 0.114353 0.682747 0.091607 0.674444  0 0 
4 0.16259 0.668018 0.156497 0.683549 0.130997 0.688823 0.114353 0.682747  0 0 
4 0.156497 0.683549 0.178755 0.690722 0.170386 0.703201 0.130997 0.688823  0 0 
4 0.178755 0.690722 0.228577 0.697173 0.190431 0.710518 0.170386 0.703201  0 0 
4 0.228577 0.697173 0.212568 0.721761 0.189702 0.727075 0.190431 0.710518  0 0 
4 0.212568 0.721761 0.213503 0.751151 0.188372 0.757262 0.189702 0.727075  0 0 
4 0.213503 0.751151 0.203543 0.793179 0.187308 0.781386 0.188372 0.757262  0 0 
4 0.203543 0.793179 0.200952 0.814053 0.186515 0.799396 0.187308 0.781386  0 0 
4 0.200952 0.814053 0.198818 0.876518 0.166218 0.862548 0.186515 0.799396  0 0 
4 0.198818 0.876518 0.179191 0.93072 0.144163 0.931172 0.166218 0.862548  0 0 
4 0.179191 0.93072 0.167971 0.964183 0.132083 0.968758 0.144163 0.931172  0 0 
4 0.167971 0.964183 0.155793 1 0.122042 1 0.132083 0.968758  0 0 
4 0.115217 0 0.0974101 0.0889473 0.0720313 0.0613191 0.0757708 0  0 0 
4 0.0974101 0.0889473 0.0880445 0.135729 0.060802 0.123718 0.0720313 0.0613191  0 0 
4 0.0880445 0.135729 0.0825655 0.163097 0.0662485 0.174727 0.060802 0.123718  0 0 
4 0.0825655 0.163097 0.0758085 0.196849 0.0567054 0.204388 0.0662485 0.174727  0 0 
4 0.0758085 0.196849 0.07724 0.222724 0.0633096 0.25015 0.0567054 0.204388  0 0 
4 0.07724 0.222724 0.0790023 0.254578 0.0579071 0.279729 0.0633096 0.25015  0 0 
4 0.0790023 0.254578 0.0821702 0.311841 0.0704445 0.322035 0.0579071 0.279729  0 0 
4 0.0821702 0.311841 0.0844852 0.353686 0.0753748 0.356181 0.0704445 0.322035  0 0 
4 0.0844852 0.353686 0.0858561 0.38695 0.0678943 0.384098 0.0753748 0.356181  0 0 
4 0.0858561 0.38695 0.0868748 0.41167 0.0506426 0.441426 0.0678943 0.384098  0 0 
4 0.0868748 0.41167 0.0881165 0.4418 0.0634547 0.468683 0.0506426 0.441426  0 0 
4 0.0881165 0.4418 0.0903669 0.496407 0.0678942 0.515556 0.0634547 0.468683  0 0 
4 0.0903669 0.496407 0.0880242 0.532647 0.0699498 0.544326 0.0678942 0.515556  0 0 
4 0.0880242 0.532647 0.0866536 0.55385 0.0722885 0.563893 0.0699498 0.544326  0 0 
4 0.0866536 0.55385 0.0855876 0.570341 0.0634764 0.594288 0.0722885 0.563893  0 0 
4 0.0855876 0.570341 0.0836078 0.600967 0.063152 0.615144 0.0634764 0.594288  0 0 
4 0.0836078 0.600967 0.0859731 0.622693 0.0760926 0.637888 0.063152 0.615144  0 0 
4 0.0859731 0.622693 0.0889367 0.649915 0.0741041 0.653044 0.0760926 0.637888  0 0 
4 0.0889367 0.649915 0.0906264 0.665436 0.0727321 0.663939 0.0741041 0.653044  0 0 
4 0.0906264 0.665436 0.091607 0.674444 0.0717194 0.681396 0.0727321 0.663939  0 0 
4 0.091607 0.674444 0.114353 0.682747 0.0879717 0.69595 0.0717194 0.681396  0 0 
4 0.114353 0.682747 0.130997 0.688823 0.0996236 0.702568 0.0879717 0.69595  0 0 
4 0.130997 0.688823 0.170386 0.703201 0.130362 0.717983 0.0996236 0.702568  0 0 
4 0.170386 0.703201 0.190431 0.710518 0.143966 0.726774 0.130362 0.717983  0 0 
4 0.190431 0.710518 0.189702 0.727075 0.146609 0.741351 0.143966 0.726774  0 0 
4 0.189702 0.727075 0.188372 0.757262 0.167947 0.759885 0.146609 0.741351  0 0 
4 0.188372 0.757262 0.187308 0.781386 0.141548 0.805717 0.167947 0.759885  0 0 
4 0.187308 0.781386 0.186515 0.799396 0.130434 0.827636 0.141548 0.805717  0 0 
4 0.186515 0.799396 0.166218 0.862548 0.133033 0.889796 0.130434 0.827636  0 0 
4 0.166218 0.862548 0.144163 0.931172 0.111932 0.942331 0.133033 0.889796  0 0 
4 0.144163 0.931172 0.132083 0.968758 0.109524 0.973738 0.111932 0.942331  0 0 
4 0.132083 0.968758 0.122042 1 0.100366 1 0.109524 0.973738  0 0 
4 0.0757708 0 0.0720313 0.0613191 0.0437089 0.0400743 0.0415879 0  0 0 
4 0.0720313 0.0613191 0.060802 0.123718 0.0478332 0.117999 0.0437089 0.0400743  0 0 
4 0.060802 0.123718 0.0662485 0.174727 0.0403838 0.179042 0.0478332 0.117999  0 0 
4 0.0662485 0.174727 0.0567054 0.204388 0.0363083 0.212438 0.0403838 0.179042  0 0 
4 0.0567054 0.204388 0.0633096 0.25015 0.0436186 0.263061 0.0363083 0.212438  0 0 
4 0.0633096 0.25015 0.0579071 0.279729 0.0477709 0.291814 0.0436186 0.263061  0 0 
4 0.0579071 0.279729 0.0704445 0.322035 0.0520719 0.33261 0.0477709 0.291814  0 0 
4 0.0704445 0.322035 0.0753748 0.356181 0.0551412 0.361723 0.0520719 0.33261  0 0 
4 0.0753748 0.356181 0.0678943 0.384098 0.0446961 0.402768 0.0551412 0.361723  0 0 
4 0.0678943 0.384098 0.0506426 0.441426 0.0306885 0.457813 0.0446961 0.402768  0 0 
4 0.0506426 0.441426 0.0634547 0.468683 0.0373525 0.482553 0.0306885 0.457813  0 0 
4 0.0634547 0.468683 0.0678942 0.515556 0.0502839 0.530561 0.0373525 0.482553  0 0 
4 0.0678942 0.515556 0.0699498 0.544326 0.0538446 0.548452 0.0502839 0.530561  0 0 
4 0.0699498 0.544326 0.0722885 0.563893 0.0587952 0.573327 0.0538446 0.548452  0 0 
4 0.0722885 0.563893 0.0634764 0.594288 0.0491785 0.610011 0.0587952 0.573327  0 0 
4 0.0634764 0.594288 0.063152 0.615144 0.0444317 0.628118 0.0491785 0.610011  0 0 
4 0.063152 0.615144 0.0760926 0.637888 0.049265 0.637445 0.0444317 0.628118  0 0 
4 0.0760926 0.637888 0.0741041 0.653044 0.0590001 0.65623 0.049265 0.637445  0 0 
4 0.0741041 0.653044 0.0727321 0.663939 0.0597689 0.664927 0.0590001 0.65623  0 0 
4 0.0727321 0.663939 0.0717194 0.681396 0.0615392 0.684954 0.0597689 0.664927  0 0 
4 0.0717194 0.681396 0.0879717 0.69595 0.0653843 0.699014 0.0615392 0.684954  0 0 
4 0.0879717 0.69595 0.0996236 0.702568 0.0699156 0.715583 0.0653843 0.699014  0 0 
4 0.0996236 0.702568 0.130362 0.717983 0.0973572 0.727573 0.0699156 0.715583  0 0 
4 0.130362 0.717983 0.143966 0.726774 0.117066 0.736185 0.0973572 0.727573  0 0 
4 0.143966 0.726774 0.146609 0.741351 0.119163 0.747017 0.117066 0.736185  0 0 
4 0.146609 0.741351 0.167947 0.759885 0.122775 0.765686 0.119163 0.747017  0 0 
4 0.167947 0.759885 0.141548 0.805717 0.0817613 0.831376 0.122775 0.765686  0 0 
4 0.141548 0.805717 0.130434 0.827636 0.0628478 0.861668 0.0817613 0.831376  0 0 
4 0.130434 0.827636 0.133033 0.889796 0.0846398 0.922353 0.0628478 0.861668  0 0 
4 0.133033 0.889796 0.111932 0.942331 0.0940387 0.948526 0.0846398 0.922353  0 0 
4 0.111932 0.942331 0.109524 0.973738 0.0861767 0.97361 0.0940387 0.948526  0 0 
4 0.109524 0.973738 0.100366 1 0.0779057 1 0.0861767 0.97361  0 0 
4 0.0415879 0 0.0437089 0.0400743 0.0145293 0.070583 0.0193536 0  0 0 
4 0.0437089 0.0400743 0.0478332 0.117999 0.0331756 0.123602 0.0145293 0.070583  0 0 
4 0.0478332 0.117999 0.0403838 0.179042 0.0186157 0.159802 0.0331756 0.123602  0 0 
4 0.0403838 0.179042 0.0363083 0.212438 0.019522 0.219062 0.0186157 0.159802  0 0 
4 0.0363083 0.212438 0.0436186 0.263061 0.0270542 0.248945 0.019522 0.219062  0 0 
4 0.0436186 0.263061 0.0477709 0.291814 0.0204274 0.288144 0.0270542 0.248945  0 0 
4 0.0477709 0.291814 0.0520719 0.33261 0.01787 0.314458 0.0204274 0.288144  0 0 
4 0.0520719 0.33261 0.0551412 0.361723 0.026996 0.369431 0.01787 0.314458  0 0 
4 0.0551412 0.361723 0.0446961 0.402768 0.026123 0.420766 0.026996 0.369431  0 0 
4 0.0446961 0.402768 0.0306885 0.457813 0.0145763 0.462596 0.026123 0.420766  0 0 
4 0.0306885 0.457813 0.0373525 0.482553 0.0125511 0.494168 0.0145763 0.462596  0 0 
4 0.0373525 0.482553 0.0502839 0.530561 0.0310722 0.546931 0.0125511 0.494168  0 0 
4 0.0502839 0.530561 0.0538446 0.548452 0.0174812 0.584387 0.0310722 0.546931  0 0 
4 0.0538446 0.548452 0.0587952 0.573327 0.0245857 0.60202 0.0174812 0.584387  0 0 
4 0.0587952 0.573327 0.0491785 0.610011 0.02739 0.614649 0.0245857 0.60202  0 0 
4 0.0491785 0.610011 0.0444317 0.628118 0.0295652 0.638422 0.02739 0.614649  0 0 
4 0.0444317 0.628118 0.049265 0.637445 0.0157468 0.665489 0.0295652 0.638422  0 0 
4 0.049265 0.637445 0.0590001 0.65623 0.0354207 0.670354 0.0157468 0.665489  0 0 
4 0.0590001 0.65623 0.0597689 0.664927 0.0415951 0.682337 0.0354207 0.670354  0 0 
4 0.0597689 0.664927 0.0615392 0.684954 0.0260414 0.697363 0.0415951 0.682337  0 0 
4 0.0615392 0.684954 0.0653843 0.699014 0.033751 0.705979 0.0260414 0.697363  0 0 
4 0.0653843 0.699014 0.0699156 0.715583 0.0272824 0.735709 0.033751 0.705979  0 0 
4 0.0699156 0.715583 0.0973572 0.727573 0.0347484 0.753173 0.0272824 0.735709  0 0 
4 0.0973572 0.727573 0.117066 0.736185 0.0798242 0.749215 0.0347484 0.753173  0 0 
4 0.117066 0.736185 0.119163 0.747017 0.0397562 0.782218 0.0798242 0.749215  0 0 
4 0.119163 0.747017 0.122775 0.765686 0.043127 0.805229 0.0397562 0.782218  0 0 
4 0.122775 0.765686 0.0817613 0.831376 0.0463062 0.840227 0.043127 0.805229  0 0 
4 0.0817613 0.831376 0.0628478 0.861668 0.0436209 0.87135 0.0463062 0.840227  0 0 
4 0.0628478 0.861668 0.0846398 0.922353 0.0344377 0.911938 0.0436209 0.87135  0 0 
4 0.0846398 0.922353 0.0940387 0.948526 0.063849 0.953453 0.0344377 0.911938  0 0 
4 0.0940387 0.948526 0.0861767 0.97361 0.0457153 0.980015 0.063849 0.953453  0 0 
4 0.0861767 0.97361 0.0779057 1 0.0475305 1 0.0457153 0.980015  0 0 
4 0.0193536 0 0.0145293 0.070583 0 0.0728104 0 0  0 0 
4 0.0145293 0.070583 0.0331756 0.123602 0 0.136283 0 0.0728104  0 0 
4 0.0331756 0.123602 0.0186157 0.159802 0 0.170981 0 0.136283  0 0 
4 0.0186157 0.159802 0.019522 0.219062 0 0.226767 0 0.170981  0 0 
4 0.019522 0.219062 0.0270542 0.248945 0 0.265627 0 0.226767  0 0 
4 0.0270542 0.248945 0.0204274 0.288144 0 0.285402 0 0.265627  0 0 
4 0.0204274 0.288144 0.01787 0.314458 0 0.324366 0 0.285402  0 0 
4 0.01787 0.314458 0.026996 0.369431 0 0.376825 0 0.324366  0 0 
4 0.026996 0.369431 0.026123 0.420766 0 0.408084 0 0.376825  0 0 
4 0.026123 0.420766 0.0145763 0.462596 0 0.466924 0 0.408084  0 0 
4 0.0145763 0.462596 0.0125511 0.494168 0 0.525803 0 0.466924  0 0 
4 0.0125511 0.494168 0.0310722 0.546931 0 0.573406 0 0.525803  0 0 
4 0.0310722 0.546931 0.0174812 0.584387 0 0.607842 0 0.573406  0 0 
4 0.0174812 0.584387 0.0245857 0.60202 0 0.622641 0 0.607842  0 0 
4 0.0245857 0.60202 0.02739 0.614649 0 0.636572 0 0.622641  0 0 
4 0.02739 0.614649 0.0295652 0.638422 0 0.658912 0 0.636572  0 0 
4 0.0295652 0.638422 0.0157468 0.665489 0 0.674422 0 0.658912  0 0 
4 0.0157468 0.665489 0.0354207 0.670354 0 0.69157 0 0.674422  0 0 
4 0.0354207 0.670354 0.0415951 0.682337 0 0.700506 0 0.69157  0 0 
4 0.0415951 0.682337 0.0260414 0.697363 0 0.706466 0 0.700506  0 0 
4 0.0260414 0.697363 0.033751 0.705979 0 0.727183 0 0.706466  0 0 
4 0.033751 0.705979 0.0272824 0.735709 0 0.748589 0 0.727183  0 0 
4 0.0272824 0.735709 0.0347484 0.753173 0 0.76707 0 0.748589  0 0 
4 0.0347484 0.753173 0.0798242 0.749215 0 0.777141 0 0.76707  0 0 
4 0.0798242 0.749215 0.0397562 0.782218 0 0.79899 0 0.777141  0 0 
4 0.0397562 0.782218 0.043127 0.805229 0 0.826641 0 0.79899  0 0 
4 0.043127 0.805229 0.0463062 0.840227 0 0.872582 0 0.826641  0 0 
4 0.0463062 0.840227 0.0436209 0.87135 0 0.893315 0 0.872582  0 0 
4 0.0436209 0.87135 0.0344377 0.911938 0 0.922759 0 0.893315  0 0 
4 0.0344377 0.911938 0.063849 0.953453 0 0.963873 0 0.922759  0 0 
4 0.063849 0.953453 0.0457153 0.980015 0 0.980461 0 0.963873  0 0 
4 0.0457153 0.980015 0.0475305 1 0 1 0 0.980461  0 0 
