polygon
1024
4 1 0 1 0.0108599 0.989558 0.00534587 0.984037 0  0 0 
4 1 0.0108599 1 0.0148406 0.989653 0.0121943 0.989558 0.00534587  0 0 
4 1 0.0148406 1 0.0171033 0.984179 0.0155589 0.989653 0.0121943  0 0 
4 1 0.0171033 1 0.020384 0.988476 0.0220651 0.984179 0.0155589  0 0 
4 1 0.020384 1 0.024534 0.990582 0.0284298 0.988476 0.0220651  0 0 
4 1 0.024534 1 0.0272707 0.99004 0.0330404 0.990582 0.0284298  0 0 
4 1 0.0272707 1 0.0361571 0.994008 0.0370019 0.99004 0.0330404  0 0 
4 1 0.0361571 1 0.0465366 0.988573 0.0514306 0.994008 0.0370019  0 0 
4 1 0.0465366 1 0.0905973 0.988091 0.0836298 0.988573 0.0514306  0 0 
4 1 0.0905973 1 0.103495 0.961532 0.122225 0.988091 0.0836298  0 0 
4 1 0.103495 1 0.114786 0.959258 0.138335 0.961532 0.122225  0 0 
4 1 0.114786 1 0.146147 0.950055 0.163171 0.959258 0.138335  0 0 
4 1 0.146147 1 0.175457 0.953615 0.178238 0.950055 0.163171  0 0 
4 1 0.175457 1 0.18725 0.971358 0.185478 0.953615 0.178238  0 0 
4 1 0.18725 1 0.193388 0.987849 0.198762 0.971358 0.185478  0 0 
4 1 0.193388 1 0.201871 0.977751 0.20793 0.987849 0.198762  0 0 
4 1 0.201871 1 0.282478 0.99273 0.279279 0.977751 0.20793  0 0 
4 1 0.282478 1 0.370446 0.988172 0.36561 0.99273 0.279279  0 0 
4 1 0.370446 1 0.387011 0.986405 0.402702 0.988172 0.36561  0 0 
4 1 0.387011 1 0.42902 0.995784 0.429186 0.986405 0.402702  0 0 
4 1 0.42902 1 0.458972 0.990968 0.452619 0.995784 0.429186  0 0 
4 1 0.458972 1 0.467977 0.981111 0.47443 0.990968 0.452619  0 0 
4 1 0.467977 1 0.522043 0.983088 0.551049 0.981111 0.47443  0 0 
4 1 0.522043 1 0.561221 0.966033 0.584451 0.983088 0.551049  0 0 
4 1 0.561221 1 0.706798 0.967774 0.716205 0.966033 0.584451  0 0 
4 1 0.706798 1 0.792843 0.974825 0.789321 0.967774 0.716205  0 0 
4 1 0.792843 1 0.815138 0.967055 0.836428 0.974825 0.789321  0 0 
4 1 0.815138 1 0.894209 0.951347 0.858214 0.967055 0.836428  0 0 
4 1 0.894209 1 0.910449 0.983952 0.904633 0.951347 0.858214  0 0 
4 1 0.910449 1 0.931298 0.986973 0.929259 0.983952 0.904633  0 0 
4 1 0.931298 1 0.96933 0.988726 0.979282 0.986973 0.929259  0 0 
4 1 0.96933 1 1 0.993692 1 0.988726 0.979282  0 0 
4 0.984037 0 0.989558 0.00534587 0.979412 0.00281795 0.979534 0  0 0 
4 0.989558 0.00534587 0.989653 0.0121943 0.979125 0.00950153 0.979412 0.00281795  0 0 
4 0.989653 0.0121943 0.984179 0.0155589 0.954353 0.0235035 0.979125 0.00950153  0 0 
4 0.984179 0.0155589 0.988476 0.0220651 0.945913 0.0282742 0.954353 0.0235035  0 0 
4 0.988476 0.0220651 0.990582 0.0284298 0.959721 0.0397554 0.945913 0.0282742  0 0 
4 0.990582 0.0284298 0.99004 0.0330404 0.967411 0.0461493 0.959721 0.0397554  0 0 
4 0.99004 0.0330404 0.994008 0.0370019 0.969541 0.0484753 0.967411 0.0461493  0 0 
4 0.994008 0.0370019 0.988573 0.0514306 0.976845 0.0564534 0.969541 0.0484753  0 0 
4 0.988573 0.0514306 0.988091 0.0836298 0.96026 0.100202 0.976845 0.0564534  0 0 
4 0.988091 0.0836298 0.961532 0.122225 0.949733 0.12797 0.96026 0.100202  0 0 
4 0.961532 0.122225 0.959258 0.138335 0.919848 0.158267 0.949733 0.12797  0 0 
4 0.959258 0.138335 0.950055 0.163171 0.897258 0.181168 0.919848 0.158267  0 0 
4 0.950055 0.163171 0.953615 0.178238 0.93804 0.183487 0.897258 0.181168  0 0 
4 0.953615 0.178238 0.971358 0.185478 0.952137 0.184289 0.93804 0.183487  0 0 
4 0.971358 0.185478 0.987849 0.198762 0.961505 0.201266 0.952137 0.184289  0 0 
4 0.987849 0.198762 0.977751 0.20793 0.966825 0.210906 0.961505 0.201266  0 0 
4 0.977751 0.20793 0.99273 0.279279 0.966727 0.249148 0.966825 0.210906  0 0 
4 0.99273 0.279279 0.988172 0.36561 0.966453 0.356729 0.966727 0.249148  0 0 
4 0.988172 0.36561 0.986405 0.402702 0.979018 0.405509 0.966453 0.356729  0 0 
4 0.986405 0.402702 0.995784 0.429186 0.985224 0.429602 0.979018 0.405509  0 0 
4 0.995784 0.429186 0.990968 0.452619 0.978515 0.444747 0.985224 0.429602  0 0 
4 0.990968 0.452619 0.981111 0.47443 0.962557 0.480769 0.978515 0.444747  0 0 
4 0.981111 0.47443 0.983088 0.551049 0.950436 0.55609 0.962557 0.480769  0 0 
4 0.983088 0.551049 0.966033 0.584451 0.943379 0.599944 0.950436 0.55609  0 0 
4 0.966033 0.584451 0.967774 0.716205 0.930834 0.665521 0.943379 0.599944  0 0 
4 0.967774 0.716205 0.974825 0.789321 0.908915 0.780102 0.930834 0.665521  0 0 
4 0.974825 0.789321 0.967055 0.836428 0.920285 0.808455 0.908915 0.780102  0 0 
4 0.967055 0.836428 0.951347 0.858214 0.935553 0.846529 0.920285 0.808455  0 0 
4 0.951347 0.858214 0.983952 0.904633 0.950259 0.907205 0.935553 0.846529  0 0 
4 0.983952 0.904633 0.986973 0.929259 0.954366 0.924153 0.950259 0.907205  0 0 
4 0.986973 0.929259 0.988726 0.979282 0.970474 0.984471 0.954366 0.924153  0 0 
4 0.988726 0.979282 0.993692 1 0.974621 1 0.970474 0.984471  0 0 
4 0.979534 0 0.979412 0.00281795 0.958524 0.00506759 0.960475 0  0 0 
4 0.979412 0.00281795 0.979125 0.00950153 0.959413 0.00911446 0.958524 0.00506759  0 0 
4 0.979125 0.00950153 0.954353 0.0235035 0.94299 0.0212431 0.959413 0.00911446  0 0 
4 0.954353 0.0235035 0.945913 0.0282742 0.936183 0.0296937 0.94299 0.0212431  0 0 
4 0.945913 0.0282742 0.959721 0.0397554 0.939251 0.042477 0.936183 0.0296937  0 0 
4 0.959721 0.0397554 0.967411 0.0461493 0.953057 0.0549141 0.939251 0.042477  0 0 
4 0.967411 0.0461493 0.969541 0.0484753 0.961606 0.053207 0.953057 0.0549141  0 0 
4 0.969541 0.0484753 0.976845 0.0564534 0.965849 0.0611623 0.961606 0.053207  0 0 
4 0.976845 0.0564534 0.96026 0.100202 0.955496 0.0799173 0.965849 0.0611623  0 0 
4 0.96026 0.100202 0.949733 0.12797 0.932876 0.134435 0.955496 0.0799173  0 0 
4 0.949733 0.12797 0.919848 0.158267 0.880135 0.169671 0.932876 0.134435  0 0 
4 0.919848 0.158267 0.897258 0.181168 0.86839 0.191008 0.880135 0.169671  0 0 
4 0.897258 0.181168 0.93804 0.183487 0.897436 0.196834 0.86839 0.191008  0 0 
4 0.93804 0.183487 0.952137 0.184289 0.894446 0.203183 0.897436 0.196834  0 0 
4 0.952137 0.184289 0.961505 0.201266 0.919184 0.205084 0.894446 0.203183  0 0 
4 0.961505 0.201266 0.966825 0.210906 0.943127 0.21736 0.919184 0.205084  0 0 
4 0.966825 0.210906 0.966727 0.249148 0.924016 0.304641 0.943127 0.21736  0 0 
4 0.966727 0.249148 0.966453 0.356729 0.953556 0.350714 0.924016 0.304641  0 0 
4 0.966453 0.356729 0.979018 0.405509 0.968712 0.412981 0.953556 0.350714  0 0 
4 0.979018 0.405509 0.985224 0.429602 0.968584 0.430257 0.968712 0.412981  0 0 
4 0.985224 0.429602 0.978515 0.444747 0.95379 0.474441 0.968584 0.430257  0 0 
4 0.978515 0.444747 0.962557 0.480769 0.922287 0.545602 0.95379 0.474441  0 0 
4 0.962557 0.480769 0.950436 0.55609 0.925958 0.566754 0.922287 0.545602  0 0 
4 0.950436 0.55609 0.943379 0.599944 0.895472 0.632708 0.925958 0.566754  0 0 
4 0.943379 0.599944 0.930834 0.665521 0.906933 0.726753 0.895472 0.632708  0 0 
4 0.930834 0.665521 0.908915 0.780102 0.890592 0.765394 0.906933 0.726753  0 0 
4 0.908915 0.780102 0.920285 0.808455 0.899275 0.804991 0.890592 0.765394  0 0 
4 0.920285 0.808455 0.935553 0.846529 0.876342 0.802723 0.899275 0.804991  0 0 
4 0.935553 0.846529 0.950259 0.907205 0.873562 0.822739 0.876342 0.802723  0 0 
4 0.950259 0.907205 0.954366 0.924153 0.883217 0.877453 0.873562 0.822739  0 0 
4 0.954366 0.924153 0.970474 0.984471 0.933715 0.950673 0.883217 0.877453  0 0 
4 0.970474 0.984471 0.974621 1 0.935238 1 0.933715 0.950673  0 0 
4 0.960475 0 0.958524 0.00506759 0.918668 0.00212034 0.918223 0  0 0 
4 0.958524 0.00506759 0.959413 0.00911446 0.919971 0.00833996 0.918668 0.00212034  0 0 
4 0.959413 0.00911446 0.94299 0.0212431 0.921798 0.0170595 0.919971 0.00833996  0 0 
4 0.94299 0.0212431 0.936183 0.0296937 0.924793 0.0313552 0.921798 0.0170595  0 0 
4 0.936183 0.0296937 0.939251 0.042477 0.933178 0.0416422 0.924793 0.0313552  0 0 
4 0.939251 0.042477 0.953057 0.0549141 0.947007 0.0586085 0.933178 0.0416422  0 0 
4 0.953057 0.0549141 0.961606 0.053207 0.950037 0.0623261 0.947007 0.0586085  0 0 
4 0.961606 0.053207 0.965849 0.0611623 0.953426 0.066483 0.950037 0.0623261  0 0 
4 0.965849 0.0611623 0.955496 0.0799173 0.937311 0.0866884 0.953426 0.066483  0 0 
4 0.955496 0.0799173 0.932876 0.134435 0.884405 0.153026 0.937311 0.0866884  0 0 
4 0.932876 0.134435 0.880135 0.169671 0.858407 0.185625 0.884405 0.153026  0 0 
4 0.880135 0.169671 0.86839 0.191008 0.848783 0.197692 0.858407 0.185625  0 0 
4 0.86839 0.191008 0.897436 0.196834 0.855899 0.202674 0.848783 0.197692  0 0 
4 0.897436 0.196834 0.894446 0.203183 0.86868 0.211621 0.855899 0.202674  0 0 
4 0.894446 0.203183 0.919184 0.205084 0.885214 0.223196 0.86868 0.211621  0 0 
4 0.919184 0.205084 0.943127 0.21736 0.895432 0.230349 0.885214 0.223196  0 0 
4 0.943127 0.21736 0.924016 0.304641 0.904676 0.273514 0.895432 0.230349  0 0 
4 0.924016 0.304641 0.953556 0.350714 0.91762 0.333953 0.904676 0.273514  0 0 
4 0.953556 0.350714 0.968712 0.412981 0.929107 0.387591 0.91762 0.333953  0 0 
4 0.968712 0.412981 0.968584 0.430257 0.938498 0.431441 0.929107 0.387591  0 0 
4 0.968584 0.430257 0.95379 0.474441 0.902799 0.552096 0.938498 0.431441  0 0 
4 0.95379 0.474441 0.922287 0.545602 0.888741 0.59961 0.902799 0.552096  0 0 
4 0.922287 0.545602 0.925958 0.566754 0.883884 0.616026 0.888741 0.59961  0 0 
4 0.925958 0.566754 0.895472 0.632708 0.874756 0.646875 0.883884 0.616026  0 0 
4 0.895472 0.632708 0.906933 0.726753 0.860963 0.720016 0.874756 0.646875  0 0 
4 0.906933 0.726753 0.890592 0.765394 0.857425 0.738773 0.860963 0.720016  0 0 
4 0.890592 0.765394 0.899275 0.804991 0.8526 0.764359 0.857425 0.738773  0 0 
4 0.899275 0.804991 0.876342 0.802723 0.849158 0.782612 0.8526 0.764359  0 0 
4 0.876342 0.802723 0.873562 0.822739 0.852302 0.799744 0.849158 0.782612  0 0 
4 0.873562 0.822739 0.883217 0.877453 0.864282 0.865024 0.852302 0.799744  0 0 
4 0.883217 0.877453 0.933715 0.950673 0.871319 0.903374 0.864282 0.865024  0 0 
4 0.933715 0.950673 0.935238 1 0.889051 1 0.871319 0.903374  0 0 
4 0.918223 0 0.918668 0.00212034 0.913463 0.0162961 0.908487 0  0 0 
4 0.918668 0.00212034 0.919971 0.00833996 0.918116 0.016704 0.913463 0.0162961  0 0 
4 0.919971 0.00833996 0.921798 0.0170595 0.920109 0.0229042 0.918116 0.016704  0 0 
4 0.921798 0.0170595 0.924793 0.0313552 0.918062 0.0392709 0.920109 0.0229042  0 0 
4 0.924793 0.0313552 0.933178 0.0416422 0.92761 0.0472728 0.918062 0.0392709  0 0 
4 0.933178 0.0416422 0.947007 0.0586085 0.937825 0.0625517 0.92761 0.0472728  0 0 
4 0.947007 0.0586085 0.950037 0.0623261 0.944165 0.0667556 0.937825 0.0625517  0 0 
4 0.950037 0.0623261 0.953426 0.066483 0.934079 0.0747685 0.944165 0.0667556  0 0 
4 0.953426 0.066483 0.937311 0.0866884 0.929992 0.0838071 0.934079 0.0747685  0 0 
4 0.937311 0.0866884 0.884405 0.153026 0.895212 0.134462 0.929992 0.0838071  0 0 
4 0.884405 0.153026 0.858407 0.185625 0.889158 0.137917 0.895212 0.134462  0 0 
4 0.858407 0.185625 0.848783 0.197692 0.848114 0.193434 0.889158 0.137917  0 0 
4 0.848783 0.197692 0.855899 0.202674 0.825795 0.218127 0.848114 0.193434  0 0 
4 0.855899 0.202674 0.86868 0.211621 0.838431 0.225554 0.825795 0.218127  0 0 
4 0.86868 0.211621 0.885214 0.223196 0.846296 0.240204 0.838431 0.225554  0 0 
4 0.885214 0.223196 0.895432 0.230349 0.853507 0.241766 0.846296 0.240204  0 0 
4 0.895432 0.230349 0.904676 0.273514 0.863299 0.319766 0.853507 0.241766  0 0 
4 0.904676 0.273514 0.91762 0.333953 0.852469 0.377867 0.863299 0.319766  0 0 
4 0.91762 0.333953 0.929107 0.387591 0.89809 0.388521 0.852469 0.377867  0 0 
4 0.929107 0.387591 0.938498 0.431441 0.911255 0.442118 0.89809 0.388521  0 0 
4 0.938498 0.431441 0.902799 0.552096 0.87854 0.539333 0.911255 0.442118  0 0 
4 0.902799 0.552096 0.888741 0.59961 0.878243 0.584136 0.87854 0.539333  0 0 
4 0.888741 0.59961 0.883884 0.616026 0.848909 0.642548 0.878243 0.584136  0 0 
4 0.883884 0.616026 0.874756 0.646875 0.85739 0.658752 0.848909 0.642548  0 0 
4 0.874756 0.646875 0.860963 0.720016 0.851652 0.683181 0.85739 0.658752  0 0 
4 0.860963 0.720016 0.857425 0.738773 0.83954 0.737529 0.851652 0.683181  0 0 
4 0.857425 0.738773 0.8526 0.764359 0.830008 0.778211 0.83954 0.737529  0 0 
4 0.8526 0.764359 0.849158 0.782612 0.818607 0.816805 0.830008 0.778211  0 0 
4 0.849158 0.782612 0.852302 0.799744 0.842915 0.847991 0.818607 0.816805  0 0 
4 0.852302 0.799744 0.864282 0.865024 0.833018 0.911624 0.842915 0.847991  0 0 
4 0.864282 0.865024 0.871319 0.903374 0.819757 0.966195 0.833018 0.911624  0 0 
4 0.871319 0.903374 0.889051 1 0.841826 1 0.819757 0.966195  0 0 
4 0.908487 0 0.913463 0.0162961 0.910042 0.0172333 0.896513 0  0 0 
4 0.913463 0.0162961 0.918116 0.016704 0.916247 0.0251375 0.910042 0.0172333  0 0 
4 0.918116 0.016704 0.920109 0.0229042 0.9118 0.0401092 0.916247 0.0251375  0 0 
4 0.920109 0.0229042 0.918062 0.0392709 0.908822 0.0501369 0.9118 0.0401092  0 0 
4 0.918062 0.0392709 0.92761 0.0472728 0.914337 0.057439 0.908822 0.0501369  0 0 
4 0.92761 0.0472728 0.937825 0.0625517 0.923005 0.0689161 0.914337 0.057439  0 0 
4 0.937825 0.0625517 0.944165 0.0667556 0.92214 0.0744573 0.923005 0.0689161  0 0 
4 0.944165 0.0667556 0.934079 0.0747685 0.921233 0.0802701 0.92214 0.0744573  0 0 
4 0.934079 0.0747685 0.929992 0.0838071 0.918049 0.0904228 0.921233 0.0802701  0 0 
4 0.929992 0.0838071 0.895212 0.134462 0.914778 0.100852 0.918049 0.0904228  0 0 
4 0.895212 0.134462 0.889158 0.137917 0.882034 0.139055 0.914778 0.100852  0 0 
4 0.889158 0.137917 0.848114 0.193434 0.846148 0.180923 0.882034 0.139055  0 0 
4 0.848114 0.193434 0.825795 0.218127 0.835176 0.195973 0.846148 0.180923  0 0 
4 0.825795 0.218127 0.838431 0.225554 0.801067 0.242765 0.835176 0.195973  0 0 
4 0.838431 0.225554 0.846296 0.240204 0.819398 0.2462 0.801067 0.242765  0 0 
4 0.846296 0.240204 0.853507 0.241766 0.829959 0.248179 0.819398 0.2462  0 0 
4 0.853507 0.241766 0.863299 0.319766 0.820513 0.292818 0.829959 0.248179  0 0 
4 0.863299 0.319766 0.852469 0.377867 0.794206 0.417139 0.820513 0.292818  0 0 
4 0.852469 0.377867 0.89809 0.388521 0.797128 0.430418 0.794206 0.417139  0 0 
4 0.89809 0.388521 0.911255 0.442118 0.80856 0.482364 0.797128 0.430418  0 0 
4 0.911255 0.442118 0.87854 0.539333 0.831391 0.515676 0.80856 0.482364  0 0 
4 0.87854 0.539333 0.878243 0.584136 0.871231 0.573802 0.831391 0.515676  0 0 
4 0.878243 0.584136 0.848909 0.642548 0.853301 0.613917 0.871231 0.573802  0 0 
4 0.848909 0.642548 0.85739 0.658752 0.822635 0.682521 0.853301 0.613917  0 0 
4 0.85739 0.658752 0.851652 0.683181 0.81773 0.718658 0.822635 0.682521  0 0 
4 0.851652 0.683181 0.83954 0.737529 0.815397 0.73585 0.81773 0.718658  0 0 
4 0.83954 0.737529 0.830008 0.778211 0.806523 0.812461 0.815397 0.73585  0 0 
4 0.830008 0.778211 0.818607 0.816805 0.804145 0.83299 0.806523 0.812461  0 0 
4 0.818607 0.816805 0.842915 0.847991 0.815519 0.888523 0.804145 0.83299  0 0 
4 0.842915 0.847991 0.833018 0.911624 0.823236 0.926204 0.815519 0.888523  0 0 
4 0.833018 0.911624 0.819757 0.966195 0.809474 0.955385 0.823236 0.926204  0 0 
4 0.819757 0.966195 0.841826 1 0.788434 1 0.809474 0.955385  0 0 
4 0.896513 0 0.910042 0.0172333 0.898282 0.0145776 0.893708 0  0 0 
4 0.910042 0.0172333 0.916247 0.0251375 0.903478 0.0336578 0.898282 0.0145776  0 0 
4 0.916247 0.0251375 0.9118 0.0401092 0.900036 0.0422794 0.903478 0.0336578  0 0 
4 0.9118 0.0401092 0.908822 0.0501369 0.906691 0.0526421 0.900036 0.0422794  0 0 
4 0.908822 0.0501369 0.914337 0.057439 0.905074 0.062977 0.906691 0.0526421  0 0 
4 0.914337 0.057439 0.923005 0.0689161 0.908975 0.0720331 0.905074 0.062977  0 0 
4 0.923005 0.0689161 0.92214 0.0744573 0.918222 0.0752338 0.908975 0.0720331  0 0 
4 0.92214 0.0744573 0.921233 0.0802701 0.914348 0.0832186 0.918222 0.0752338  0 0 
4 0.921233 0.0802701 0.918049 0.0904228 0.888963 0.106819 0.914348 0.0832186  0 0 
4 0.918049 0.0904228 0.914778 0.100852 0.882305 0.114809 0.888963 0.106819  0 0 
4 0.914778 0.100852 0.882034 0.139055 0.856391 0.146331 0.882305 0.114809  0 0 
4 0.882034 0.139055 0.846148 0.180923 0.843859 0.166356 0.856391 0.146331  0 0 
4 0.846148 0.180923 0.835176 0.195973 0.82168 0.183887 0.843859 0.166356  0 0 
4 0.835176 0.195973 0.801067 0.242765 0.789843 0.233404 0.82168 0.183887  0 0 
4 0.801067 0.242765 0.819398 0.2462 0.78082 0.254985 0.789843 0.233404  0 0 
4 0.819398 0.2462 0.829959 0.248179 0.769131 0.264744 0.78082 0.254985  0 0 
4 0.829959 0.248179 0.820513 0.292818 0.739618 0.399078 0.769131 0.264744  0 0 
4 0.820513 0.292818 0.794206 0.417139 0.743515 0.437657 0.739618 0.399078  0 0 
4 0.794206 0.417139 0.797128 0.430418 0.76242 0.459417 0.743515 0.437657  0 0 
4 0.797128 0.430418 0.80856 0.482364 0.780189 0.493483 0.76242 0.459417  0 0 
4 0.80856 0.482364 0.831391 0.515676 0.812902 0.520863 0.780189 0.493483  0 0 
4 0.831391 0.515676 0.871231 0.573802 0.838417 0.595313 0.812902 0.520863  0 0 
4 0.871231 0.573802 0.853301 0.613917 0.806893 0.6445 0.838417 0.595313  0 0 
4 0.853301 0.613917 0.822635 0.682521 0.811942 0.689835 0.806893 0.6445  0 0 
4 0.822635 0.682521 0.81773 0.718658 0.806001 0.733416 0.811942 0.689835  0 0 
4 0.81773 0.718658 0.815397 0.73585 0.802686 0.760324 0.806001 0.733416  0 0 
4 0.815397 0.73585 0.806523 0.812461 0.79579 0.787794 0.802686 0.760324  0 0 
4 0.806523 0.812461 0.804145 0.83299 0.792128 0.84644 0.79579 0.787794  0 0 
4 0.804145 0.83299 0.815519 0.888523 0.797175 0.901338 0.792128 0.84644  0 0 
4 0.815519 0.888523 0.823236 0.926204 0.80651 0.931569 0.797175 0.901338  0 0 
4 0.823236 0.926204 0.809474 0.955385 0.768874 0.968943 0.80651 0.931569  0 0 
4 0.809474 0.955385 0.788434 1 0.768506 1 0.768874 0.968943  0 0 
4 0.893708 0 0.898282 0.0145776 0.886255 0.00964518 0.883804 0  0 0 
4 0.898282 0.0145776 0.903478 0.0336578 0.893969 0.0400024 0.886255 0.00964518  0 0 
4 0.903478 0.0336578 0.900036 0.0422794 0.895598 0.0464128 0.893969 0.0400024  0 0 
4 0.900036 0.0422794 0.906691 0.0526421 0.899369 0.0612524 0.895598 0.0464128  0 0 
4 0.906691 0.0526421 0.905074 0.062977 0.900806 0.0669067 0.899369 0.0612524  0 0 
4 0.905074 0.062977 0.908975 0.0720331 0.902476 0.0734771 0.900806 0.0669067  0 0 
4 0.908975 0.0720331 0.918222 0.0752338 0.903977 0.0793864 0.902476 0.0734771  0 0 
4 0.918222 0.0752338 0.914348 0.0832186 0.905873 0.0868482 0.903977 0.0793864  0 0 
4 0.914348 0.0832186 0.888963 0.106819 0.878132 0.111969 0.905873 0.0868482  0 0 
4 0.888963 0.106819 0.882305 0.114809 0.868391 0.12079 0.878132 0.111969  0 0 
4 0.882305 0.114809 0.856391 0.146331 0.857375 0.130766 0.868391 0.12079  0 0 
4 0.856391 0.146331 0.843859 0.166356 0.840646 0.145913 0.857375 0.130766  0 0 
4 0.843859 0.166356 0.82168 0.183887 0.798371 0.184195 0.840646 0.145913  0 0 
4 0.82168 0.183887 0.789843 0.233404 0.765993 0.213515 0.798371 0.184195  0 0 
4 0.789843 0.233404 0.78082 0.254985 0.714759 0.259909 0.765993 0.213515  0 0 
4 0.78082 0.254985 0.769131 0.264744 0.683738 0.288 0.714759 0.259909  0 0 
4 0.769131 0.264744 0.739618 0.399078 0.704843 0.368433 0.683738 0.288  0 0 
4 0.739618 0.399078 0.743515 0.437657 0.724976 0.445161 0.704843 0.368433  0 0 
4 0.743515 0.437657 0.76242 0.459417 0.7375 0.492892 0.724976 0.445161  0 0 
4 0.76242 0.459417 0.780189 0.493483 0.741621 0.508598 0.7375 0.492892  0 0 
4 0.780189 0.493483 0.812902 0.520863 0.751239 0.545251 0.741621 0.508598  0 0 
4 0.812902 0.520863 0.838417 0.595313 0.775241 0.636725 0.751239 0.545251  0 0 
4 0.838417 0.595313 0.806893 0.6445 0.779393 0.65255 0.775241 0.636725  0 0 
4 0.806893 0.6445 0.811942 0.689835 0.79264 0.703035 0.779393 0.65255  0 0 
4 0.811942 0.689835 0.806001 0.733416 0.786855 0.743594 0.79264 0.703035  0 0 
4 0.806001 0.733416 0.802686 0.760324 0.777569 0.808687 0.786855 0.743594  0 0 
4 0.802686 0.760324 0.79579 0.787794 0.77304 0.840442 0.777569 0.808687  0 0 
4 0.79579 0.787794 0.792128 0.84644 0.768395 0.873002 0.77304 0.840442  0 0 
4 0.792128 0.84644 0.797175 0.901338 0.761019 0.924714 0.768395 0.873002  0 0 
4 0.797175 0.901338 0.80651 0.931569 0.757813 0.947188 0.761019 0.924714  0 0 
4 0.80651 0.931569 0.768874 0.968943 0.754622 0.969557 0.757813 0.947188  0 0 
4 0.768874 0.968943 0.768506 1 0.75028 1 0.754622 0.969557  0 0 
4 0.883804 0 0.886255 0.00964518 0.845209 0.0323645 0.873777 0  0 0 
4 0.886255 0.00964518 0.893969 0.0400024 0.862954 0.0446097 0.845209 0.0323645  0 0 
4 0.893969 0.0400024 0.895598 0.0464128 0.86441 0.0575429 0.862954 0.0446097  0 0 
4 0.895598 0.0464128 0.899369 0.0612524 0.865846 0.0635596 0.86441 0.0575429  0 0 
4 0.899369 0.0612524 0.900806 0.0669067 0.89059 0.068251 0.865846 0.0635596  0 0 
4 0.900806 0.0669067 0.902476 0.0734771 0.859444 0.0784485 0.89059 0.068251  0 0 
4 0.902476 0.0734771 0.903977 0.0793864 0.865921 0.089935 0.859444 0.0784485  0 0 
4 0.903977 0.0793864 0.905873 0.0868482 0.859609 0.101211 0.865921 0.089935  0 0 
4 0.905873 0.0868482 0.878132 0.111969 0.84317 0.124436 0.859609 0.101211  0 0 
4 0.878132 0.111969 0.868391 0.12079 0.829849 0.133251 0.84317 0.124436  0 0 
4 0.868391 0.12079 0.857375 0.130766 0.825221 0.14349 0.829849 0.133251  0 0 
4 0.857375 0.130766 0.840646 0.145913 0.817346 0.155047 0.825221 0.14349  0 0 
4 0.840646 0.145913 0.798371 0.184195 0.745754 0.193941 0.817346 0.155047  0 0 
4 0.798371 0.184195 0.765993 0.213515 0.718637 0.230377 0.745754 0.193941  0 0 
4 0.765993 0.213515 0.714759 0.259909 0.60827 0.293126 0.718637 0.230377  0 0 
4 0.714759 0.259909 0.683738 0.288 0.60379 0.309772 0.60827 0.293126  0 0 
4 0.683738 0.288 0.704843 0.368433 0.646911 0.387159 0.60379 0.309772  0 0 
4 0.704843 0.368433 0.724976 0.445161 0.670861 0.458374 0.646911 0.387159  0 0 
4 0.724976 0.445161 0.7375 0.492892 0.711402 0.480037 0.670861 0.458374  0 0 
4 0.7375 0.492892 0.741621 0.508598 0.721147 0.50592 0.711402 0.480037  0 0 
4 0.741621 0.508598 0.751239 0.545251 0.744009 0.566859 0.721147 0.50592  0 0 
4 0.751239 0.545251 0.775241 0.636725 0.76013 0.623621 0.744009 0.566859  0 0 
4 0.775241 0.636725 0.779393 0.65255 0.751735 0.654159 0.76013 0.623621  0 0 
4 0.779393 0.65255 0.79264 0.703035 0.752404 0.707449 0.751735 0.654159  0 0 
4 0.79264 0.703035 0.786855 0.743594 0.763468 0.745998 0.752404 0.707449  0 0 
4 0.786855 0.743594 0.777569 0.808687 0.754099 0.79037 0.763468 0.745998  0 0 
4 0.777569 0.808687 0.77304 0.840442 0.727694 0.838493 0.754099 0.79037  0 0 
4 0.77304 0.840442 0.768395 0.873002 0.714037 0.859756 0.727694 0.838493  0 0 
4 0.768395 0.873002 0.761019 0.924714 0.722011 0.894512 0.714037 0.859756  0 0 
4 0.761019 0.924714 0.757813 0.947188 0.72603 0.930676 0.722011 0.894512  0 0 
4 0.757813 0.947188 0.754622 0.969557 0.74012 0.953444 0.72603 0.930676  0 0 
4 0.754622 0.969557 0.75028 1 0.736572 1 0.74012 0.953444  0 0 
4 0.873777 0 0.845209 0.0323645 0.830635 0.0269208 0.837872 0  0 0 
4 0.845209 0.0323645 0.862954 0.0446097 0.824338 0.050346 0.830635 0.0269208  0 0 
4 0.862954 0.0446097 0.86441 0.0575429 0.846763 0.0600875 0.824338 0.050346  0 0 
4 0.86441 0.0575429 0.865846 0.0635596 0.856273 0.0642184 0.846763 0.0600875  0 0 
4 0.865846 0.0635596 0.89059 0.068251 0.848311 0.0736753 0.856273 0.0642184  0 0 
4 0.89059 0.068251 0.859444 0.0784485 0.842659 0.0803876 0.848311 0.0736753  0 0 
4 0.859444 0.0784485 0.865921 0.089935 0.838148 0.0965866 0.842659 0.0803876  0 0 
4 0.865921 0.089935 0.859609 0.101211 0.834707 0.108942 0.838148 0.0965866  0 0 
4 0.859609 0.101211 0.84317 0.124436 0.82421 0.117889 0.834707 0.108942  0 0 
4 0.84317 0.124436 0.829849 0.133251 0.791725 0.145577 0.82421 0.117889  0 0 
4 0.829849 0.133251 0.825221 0.14349 0.782357 0.157978 0.791725 0.145577  0 0 
4 0.825221 0.14349 0.817346 0.155047 0.770786 0.173298 0.782357 0.157978  0 0 
4 0.817346 0.155047 0.745754 0.193941 0.704521 0.208621 0.770786 0.173298  0 0 
4 0.745754 0.193941 0.718637 0.230377 0.553193 0.289287 0.704521 0.208621  0 0 
4 0.718637 0.230377 0.60827 0.293126 0.571734 0.305787 0.553193 0.289287  0 0 
4 0.60827 0.293126 0.60379 0.309772 0.582674 0.315523 0.571734 0.305787  0 0 
4 0.60379 0.309772 0.646911 0.387159 0.628141 0.40579 0.582674 0.315523  0 0 
4 0.646911 0.387159 0.670861 0.458374 0.656405 0.461903 0.628141 0.40579  0 0 
4 0.670861 0.458374 0.711402 0.480037 0.667585 0.47545 0.656405 0.461903  0 0 
4 0.711402 0.480037 0.721147 0.50592 0.689291 0.501755 0.667585 0.47545  0 0 
4 0.721147 0.50592 0.744009 0.566859 0.692477 0.519531 0.689291 0.501755  0 0 
4 0.744009 0.566859 0.76013 0.623621 0.702112 0.573306 0.692477 0.519531  0 0 
4 0.76013 0.623621 0.751735 0.654159 0.707177 0.60865 0.702112 0.573306  0 0 
4 0.751735 0.654159 0.752404 0.707449 0.721818 0.710805 0.707177 0.60865  0 0 
4 0.752404 0.707449 0.763468 0.745998 0.727213 0.730919 0.721818 0.710805  0 0 
4 0.763468 0.745998 0.754099 0.79037 0.740263 0.779572 0.727213 0.730919  0 0 
4 0.754099 0.79037 0.727694 0.838493 0.715736 0.808755 0.740263 0.779572  0 0 
4 0.727694 0.838493 0.714037 0.859756 0.67987 0.85143 0.715736 0.808755  0 0 
4 0.714037 0.859756 0.722011 0.894512 0.700088 0.902807 0.67987 0.85143  0 0 
4 0.722011 0.894512 0.72603 0.930676 0.707207 0.920897 0.700088 0.902807  0 0 
4 0.72603 0.930676 0.74012 0.953444 0.712461 0.937153 0.707207 0.920897  0 0 
4 0.74012 0.953444 0.736572 1 0.732775 1 0.712461 0.937153  0 0 
4 0.837872 0 0.830635 0.0269208 0.811847 0.0144376 0.828628 0  0 0 
4 0.830635 0.0269208 0.824338 0.050346 0.809668 0.0512956 0.811847 0.0144376  0 0 
4 0.824338 0.050346 0.846763 0.0600875 0.800585 0.0564207 0.809668 0.0512956  0 0 
4 0.846763 0.0600875 0.856273 0.0642184 0.791137 0.0687013 0.800585 0.0564207  0 0 
4 0.856273 0.0642184 0.848311 0.0736753 0.793462 0.0787386 0.791137 0.0687013  0 0 
4 0.848311 0.0736753 0.842659 0.0803876 0.778515 0.0836469 0.793462 0.0787386  0 0 
4 0.842659 0.0803876 0.838148 0.0965866 0.796958 0.0934419 0.778515 0.0836469  0 0 
4 0.838148 0.0965866 0.834707 0.108942 0.820946 0.113215 0.796958 0.0934419  0 0 
4 0.834707 0.108942 0.82421 0.117889 0.795434 0.131123 0.820946 0.113215  0 0 
4 0.82421 0.117889 0.791725 0.145577 0.721391 0.175453 0.795434 0.131123  0 0 
4 0.791725 0.145577 0.782357 0.157978 0.650815 0.214518 0.721391 0.175453  0 0 
4 0.782357 0.157978 0.770786 0.173298 0.6293 0.228757 0.650815 0.214518  0 0 
4 0.770786 0.173298 0.704521 0.208621 0.583905 0.258417 0.6293 0.228757  0 0 
4 0.704521 0.208621 0.553193 0.289287 0.522013 0.289933 0.583905 0.258417  0 0 
4 0.553193 0.289287 0.571734 0.305787 0.502292 0.324665 0.522013 0.289933  0 0 
4 0.571734 0.305787 0.582674 0.315523 0.534251 0.32871 0.502292 0.324665  0 0 
4 0.582674 0.315523 0.628141 0.40579 0.520061 0.381776 0.534251 0.32871  0 0 
4 0.628141 0.40579 0.656405 0.461903 0.586768 0.429231 0.520061 0.381776  0 0 
4 0.656405 0.461903 0.667585 0.47545 0.582949 0.452762 0.586768 0.429231  0 0 
4 0.667585 0.47545 0.689291 0.501755 0.62258 0.493032 0.582949 0.452762  0 0 
4 0.689291 0.501755 0.692477 0.519531 0.650096 0.51992 0.62258 0.493032  0 0 
4 0.692477 0.519531 0.702112 0.573306 0.676753 0.57343 0.650096 0.51992  0 0 
4 0.702112 0.573306 0.707177 0.60865 0.661062 0.673529 0.676753 0.57343  0 0 
4 0.707177 0.60865 0.721818 0.710805 0.672171 0.716252 0.661062 0.673529  0 0 
4 0.721818 0.710805 0.727213 0.730919 0.680551 0.746572 0.672171 0.716252  0 0 
4 0.727213 0.730919 0.740263 0.779572 0.709859 0.771685 0.680551 0.746572  0 0 
4 0.740263 0.779572 0.715736 0.808755 0.672368 0.823983 0.709859 0.771685  0 0 
4 0.715736 0.808755 0.67987 0.85143 0.664426 0.847666 0.672368 0.823983  0 0 
4 0.67987 0.85143 0.700088 0.902807 0.692322 0.896098 0.664426 0.847666  0 0 
4 0.700088 0.902807 0.707207 0.920897 0.707046 0.931696 0.692322 0.896098  0 0 
4 0.707207 0.920897 0.712461 0.937153 0.717071 0.959969 0.707046 0.931696  0 0 
4 0.712461 0.937153 0.732775 1 0.726634 1 0.717071 0.959969  0 0 
4 0.828628 0 0.811847 0.0144376 0.771952 0.0397268 0.804916 0  0 0 
4 0.811847 0.0144376 0.809668 0.0512956 0.759666 0.0545324 0.771952 0.0397268  0 0 
4 0.809668 0.0512956 0.800585 0.0564207 0.755626 0.059401 0.759666 0.0545324  0 0 
4 0.800585 0.0564207 0.791137 0.0687013 0.745291 0.0718565 0.755626 0.059401  0 0 
4 0.791137 0.0687013 0.793462 0.0787386 0.754965 0.081978 0.745291 0.0718565  0 0 
4 0.793462 0.0787386 0.778515 0.0836469 0.757577 0.0847108 0.754965 0.081978  0 0 
4 0.778515 0.0836469 0.796958 0.0934419 0.785259 0.113673 0.757577 0.0847108  0 0 
4 0.796958 0.0934419 0.820946 0.113215 0.793087 0.121864 0.785259 0.113673  0 0 
4 0.820946 0.113215 0.795434 0.131123 0.668029 0.191084 0.793087 0.121864  0 0 
4 0.795434 0.131123 0.721391 0.175453 0.613361 0.221343 0.668029 0.191084  0 0 
4 0.721391 0.175453 0.650815 0.214518 0.557349 0.252346 0.613361 0.221343  0 0 
4 0.650815 0.214518 0.6293 0.228757 0.528779 0.268159 0.557349 0.252346  0 0 
4 0.6293 0.228757 0.583905 0.258417 0.518452 0.281302 0.528779 0.268159  0 0 
4 0.583905 0.258417 0.522013 0.289933 0.511498 0.290151 0.518452 0.281302  0 0 
4 0.522013 0.289933 0.502292 0.324665 0.476485 0.334711 0.511498 0.290151  0 0 
4 0.502292 0.324665 0.534251 0.32871 0.466757 0.347091 0.476485 0.334711  0 0 
4 0.534251 0.32871 0.520061 0.381776 0.482564 0.364562 0.466757 0.347091  0 0 
4 0.520061 0.381776 0.586768 0.429231 0.507372 0.391981 0.482564 0.364562  0 0 
4 0.586768 0.429231 0.582949 0.452762 0.558023 0.447963 0.507372 0.391981  0 0 
4 0.582949 0.452762 0.62258 0.493032 0.59561 0.489505 0.558023 0.447963  0 0 
4 0.62258 0.493032 0.650096 0.51992 0.609146 0.538156 0.59561 0.489505  0 0 
4 0.650096 0.51992 0.676753 0.57343 0.619039 0.573711 0.609146 0.538156  0 0 
4 0.676753 0.57343 0.661062 0.673529 0.640022 0.649121 0.619039 0.573711  0 0 
4 0.661062 0.673529 0.672171 0.716252 0.659099 0.717686 0.640022 0.649121  0 0 
4 0.672171 0.716252 0.680551 0.746572 0.658393 0.741203 0.659099 0.717686  0 0 
4 0.680551 0.746572 0.709859 0.771685 0.657883 0.758202 0.658393 0.741203  0 0 
4 0.709859 0.771685 0.672368 0.823983 0.656802 0.794232 0.657883 0.758202  0 0 
4 0.672368 0.823983 0.664426 0.847666 0.655265 0.845434 0.656802 0.794232  0 0 
4 0.664426 0.847666 0.692322 0.896098 0.684388 0.911589 0.655265 0.845434  0 0 
4 0.692322 0.896098 0.707046 0.931696 0.706592 0.962028 0.684388 0.911589  0 0 
4 0.707046 0.931696 0.717071 0.959969 0.71319 0.977016 0.706592 0.962028  0 0 
4 0.717071 0.959969 0.726634 1 0.723308 1 0.71319 0.977016  0 0 
4 0.804916 0 0.771952 0.0397268 0.725389 0.0491846 0.774545 0  0 0 
4 0.771952 0.0397268 0.759666 0.0545324 0.722986 0.0620803 0.725389 0.0491846  0 0 
4 0.759666 0.0545324 0.755626 0.059401 0.729679 0.0663869 0.722986 0.0620803  0 0 
4 0.755626 0.059401 0.745291 0.0718565 0.719326 0.0827254 0.729679 0.0663869  0 0 
4 0.745291 0.0718565 0.754965 0.081978 0.734919 0.0860988 0.719326 0.0827254  0 0 
4 0.754965 0.081978 0.757577 0.0847108 0.697412 0.121502 0.734919 0.0860988  0 0 
4 0.757577 0.0847108 0.785259 0.113673 0.707863 0.129639 0.697412 0.121502  0 0 
4 0.785259 0.113673 0.793087 0.121864 0.668477 0.160551 0.707863 0.129639  0 0 
4 0.793087 0.121864 0.668029 0.191084 0.629957 0.1822 0.668477 0.160551  0 0 
4 0.668029 0.191084 0.613361 0.221343 0.599123 0.226366 0.629957 0.1822  0 0 
4 0.613361 0.221343 0.557349 0.252346 0.548669 0.254063 0.599123 0.226366  0 0 
4 0.557349 0.252346 0.528779 0.268159 0.517639 0.270767 0.548669 0.254063  0 0 
4 0.528779 0.268159 0.518452 0.281302 0.514366 0.279125 0.517639 0.270767  0 0 
4 0.518452 0.281302 0.511498 0.290151 0.489246 0.30219 0.514366 0.279125  0 0 
4 0.511498 0.290151 0.476485 0.334711 0.449237 0.340889 0.489246 0.30219  0 0 
4 0.476485 0.334711 0.466757 0.347091 0.432423 0.356441 0.449237 0.340889  0 0 
4 0.466757 0.347091 0.482564 0.364562 0.480534 0.390454 0.432423 0.356441  0 0 
4 0.482564 0.364562 0.507372 0.391981 0.497696 0.405567 0.480534 0.390454  0 0 
4 0.507372 0.391981 0.558023 0.447963 0.556902 0.478936 0.497696 0.405567  0 0 
4 0.558023 0.447963 0.59561 0.489505 0.570395 0.535564 0.556902 0.478936  0 0 
4 0.59561 0.489505 0.609146 0.538156 0.589391 0.538143 0.570395 0.535564  0 0 
4 0.609146 0.538156 0.619039 0.573711 0.574798 0.609804 0.589391 0.538143  0 0 
4 0.619039 0.573711 0.640022 0.649121 0.596221 0.631934 0.574798 0.609804  0 0 
4 0.640022 0.649121 0.659099 0.717686 0.613464 0.722692 0.596221 0.631934  0 0 
4 0.659099 0.717686 0.658393 0.741203 0.626679 0.74453 0.613464 0.722692  0 0 
4 0.658393 0.741203 0.657883 0.758202 0.645168 0.812799 0.626679 0.74453  0 0 
4 0.657883 0.758202 0.656802 0.794232 0.651028 0.832907 0.645168 0.812799  0 0 
4 0.656802 0.794232 0.655265 0.845434 0.654355 0.858775 0.651028 0.832907  0 0 
4 0.655265 0.845434 0.684388 0.911589 0.675905 0.927701 0.654355 0.858775  0 0 
4 0.684388 0.911589 0.706592 0.962028 0.693768 0.956477 0.675905 0.927701  0 0 
4 0.706592 0.962028 0.71319 0.977016 0.704514 0.980026 0.693768 0.956477  0 0 
4 0.71319 0.977016 0.723308 1 0.705395 1 0.704514 0.980026  0 0 
4 0.774545 0 0.725389 0.0491846 0.701266 0.0520725 0.759977 0  0 0 
4 0.725389 0.0491846 0.722986 0.0620803 0.680011 0.0709235 0.701266 0.0520725  0 0 
4 0.722986 0.0620803 0.729679 0.0663869 0.702267 0.0815279 0.680011 0.0709235  0 0 
4 0.729679 0.0663869 0.719326 0.0827254 0.711582 0.0859667 0.702267 0.0815279  0 0 
4 0.719326 0.0827254 0.734919 0.0860988 0.696475 0.103684 0.711582 0.0859667  0 0 
4 0.734919 0.0860988 0.697412 0.121502 0.663711 0.14211 0.696475 0.103684  0 0 
4 0.697412 0.121502 0.707863 0.129639 0.599965 0.177665 0.663711 0.14211  0 0 
4 0.707863 0.129639 0.668477 0.160551 0.583158 0.187039 0.599965 0.177665  0 0 
4 0.668477 0.160551 0.629957 0.1822 0.575052 0.213815 0.583158 0.187039  0 0 
4 0.629957 0.1822 0.599123 0.226366 0.56792 0.237373 0.575052 0.213815  0 0 
4 0.599123 0.226366 0.548669 0.254063 0.550585 0.247913 0.56792 0.237373  0 0 
4 0.548669 0.254063 0.517639 0.270767 0.510087 0.272535 0.550585 0.247913  0 0 
4 0.517639 0.270767 0.514366 0.279125 0.477038 0.304134 0.510087 0.272535  0 0 
4 0.514366 0.279125 0.489246 0.30219 0.465813 0.314866 0.477038 0.304134  0 0 
4 0.489246 0.30219 0.449237 0.340889 0.452786 0.325931 0.465813 0.314866  0 0 
4 0.449237 0.340889 0.432423 0.356441 0.409522 0.362678 0.452786 0.325931  0 0 
4 0.432423 0.356441 0.480534 0.390454 0.455804 0.397673 0.409522 0.362678  0 0 
4 0.480534 0.390454 0.497696 0.405567 0.486687 0.421024 0.455804 0.397673  0 0 
4 0.497696 0.405567 0.556902 0.478936 0.533367 0.530925 0.486687 0.421024  0 0 
4 0.556902 0.478936 0.570395 0.535564 0.550654 0.571625 0.533367 0.530925  0 0 
4 0.570395 0.535564 0.589391 0.538143 0.554299 0.597562 0.550654 0.571625  0 0 
4 0.589391 0.538143 0.574798 0.609804 0.55795 0.623549 0.554299 0.597562  0 0 
4 0.574798 0.609804 0.596221 0.631934 0.567436 0.671062 0.55795 0.623549  0 0 
4 0.596221 0.631934 0.613464 0.722692 0.578509 0.726527 0.567436 0.671062  0 0 
4 0.613464 0.722692 0.626679 0.74453 0.592383 0.762672 0.578509 0.726527  0 0 
4 0.626679 0.74453 0.645168 0.812799 0.632502 0.867185 0.592383 0.762672  0 0 
4 0.645168 0.812799 0.651028 0.832907 0.641578 0.875395 0.632502 0.867185  0 0 
4 0.651028 0.832907 0.654355 0.858775 0.652545 0.885314 0.641578 0.875395  0 0 
4 0.654355 0.858775 0.675905 0.927701 0.669114 0.928111 0.652545 0.885314  0 0 
4 0.675905 0.927701 0.693768 0.956477 0.677344 0.949367 0.669114 0.928111  0 0 
4 0.693768 0.956477 0.704514 0.980026 0.683352 0.963687 0.677344 0.949367  0 0 
4 0.704514 0.980026 0.705395 1 0.698587 1 0.683352 0.963687  0 0 
4 0.759977 0 0.701266 0.0520725 0.693738 0.0293521 0.738534 0  0 0 
4 0.701266 0.0520725 0.680011 0.0709235 0.638776 0.0927513 0.693738 0.0293521  0 0 
4 0.680011 0.0709235 0.702267 0.0815279 0.672134 0.0928874 0.638776 0.0927513  0 0 
4 0.702267 0.0815279 0.711582 0.0859667 0.659497 0.107769 0.672134 0.0928874  0 0 
4 0.711582 0.0859667 0.696475 0.103684 0.651526 0.124329 0.659497 0.107769  0 0 
4 0.696475 0.103684 0.663711 0.14211 0.628188 0.153723 0.651526 0.124329  0 0 
4 0.663711 0.14211 0.599965 0.177665 0.599481 0.171205 0.628188 0.153723  0 0 
4 0.599965 0.177665 0.583158 0.187039 0.548496 0.1978 0.599481 0.171205  0 0 
4 0.583158 0.187039 0.575052 0.213815 0.556369 0.207239 0.548496 0.1978  0 0 
4 0.575052 0.213815 0.56792 0.237373 0.549898 0.240192 0.556369 0.207239  0 0 
4 0.56792 0.237373 0.550585 0.247913 0.48675 0.269702 0.549898 0.240192  0 0 
4 0.550585 0.247913 0.510087 0.272535 0.492976 0.276541 0.48675 0.269702  0 0 
4 0.510087 0.272535 0.477038 0.304134 0.464613 0.303365 0.492976 0.276541  0 0 
4 0.477038 0.304134 0.465813 0.314866 0.424381 0.323278 0.464613 0.303365  0 0 
4 0.465813 0.314866 0.452786 0.325931 0.423998 0.338708 0.424381 0.323278  0 0 
4 0.452786 0.325931 0.409522 0.362678 0.396336 0.366269 0.423998 0.338708  0 0 
4 0.409522 0.362678 0.455804 0.397673 0.452171 0.422432 0.396336 0.366269  0 0 
4 0.455804 0.397673 0.486687 0.421024 0.471628 0.488833 0.452171 0.422432  0 0 
4 0.486687 0.421024 0.533367 0.530925 0.512338 0.545416 0.471628 0.488833  0 0 
4 0.533367 0.530925 0.550654 0.571625 0.522511 0.623035 0.512338 0.545416  0 0 
4 0.550654 0.571625 0.554299 0.597562 0.530757 0.664392 0.522511 0.623035  0 0 
4 0.554299 0.597562 0.55795 0.623549 0.540472 0.679961 0.530757 0.664392  0 0 
4 0.55795 0.623549 0.567436 0.671062 0.566438 0.708911 0.540472 0.679961  0 0 
4 0.567436 0.671062 0.578509 0.726527 0.569952 0.727466 0.566438 0.708911  0 0 
4 0.578509 0.726527 0.592383 0.762672 0.58288 0.781429 0.569952 0.727466  0 0 
4 0.592383 0.762672 0.632502 0.867185 0.595995 0.824525 0.58288 0.781429  0 0 
4 0.632502 0.867185 0.641578 0.875395 0.619675 0.865805 0.595995 0.824525  0 0 
4 0.641578 0.875395 0.652545 0.885314 0.650946 0.908769 0.619675 0.865805  0 0 
4 0.652545 0.885314 0.669114 0.928111 0.663386 0.92962 0.650946 0.908769  0 0 
4 0.669114 0.928111 0.677344 0.949367 0.667865 0.952816 0.663386 0.92962  0 0 
4 0.677344 0.949367 0.683352 0.963687 0.674259 0.980838 0.667865 0.952816  0 0 
4 0.683352 0.963687 0.698587 1 0.689837 1 0.674259 0.980838  0 0 
4 0.738534 0 0.693738 0.0293521 0.675676 0.0379825 0.71039 0  0 0 
4 0.693738 0.0293521 0.638776 0.0927513 0.613291 0.106242 0.675676 0.0379825  0 0 
4 0.638776 0.0927513 0.672134 0.0928874 0.595424 0.125792 0.613291 0.106242  0 0 
4 0.672134 0.0928874 0.659497 0.107769 0.582401 0.140041 0.595424 0.125792  0 0 
4 0.659497 0.107769 0.651526 0.124329 0.574885 0.148264 0.582401 0.140041  0 0 
4 0.651526 0.124329 0.628188 0.153723 0.545058 0.1809 0.574885 0.148264  0 0 
4 0.628188 0.153723 0.599481 0.171205 0.534196 0.192785 0.545058 0.1809  0 0 
4 0.599481 0.171205 0.548496 0.1978 0.522133 0.205985 0.534196 0.192785  0 0 
4 0.548496 0.1978 0.556369 0.207239 0.508525 0.220874 0.522133 0.205985  0 0 
4 0.556369 0.207239 0.549898 0.240192 0.481024 0.250965 0.508525 0.220874  0 0 
4 0.549898 0.240192 0.48675 0.269702 0.464244 0.269325 0.481024 0.250965  0 0 
4 0.48675 0.269702 0.492976 0.276541 0.448033 0.287063 0.464244 0.269325  0 0 
4 0.492976 0.276541 0.464613 0.303365 0.430288 0.306479 0.448033 0.287063  0 0 
4 0.464613 0.303365 0.424381 0.323278 0.412781 0.325634 0.430288 0.306479  0 0 
4 0.424381 0.323278 0.423998 0.338708 0.395469 0.344576 0.412781 0.325634  0 0 
4 0.423998 0.338708 0.396336 0.366269 0.368786 0.373771 0.395469 0.344576  0 0 
4 0.396336 0.366269 0.452171 0.422432 0.427035 0.491672 0.368786 0.373771  0 0 
4 0.452171 0.422432 0.471628 0.488833 0.457365 0.553062 0.427035 0.491672  0 0 
4 0.471628 0.488833 0.512338 0.545416 0.490467 0.620063 0.457365 0.553062  0 0 
4 0.512338 0.545416 0.522511 0.623035 0.506439 0.652392 0.490467 0.620063  0 0 
4 0.522511 0.623035 0.530757 0.664392 0.517904 0.675598 0.506439 0.652392  0 0 
4 0.530757 0.664392 0.540472 0.679961 0.532605 0.705354 0.517904 0.675598  0 0 
4 0.540472 0.679961 0.566438 0.708911 0.54073 0.721799 0.532605 0.705354  0 0 
4 0.566438 0.708911 0.569952 0.727466 0.544888 0.730216 0.54073 0.721799  0 0 
4 0.569952 0.727466 0.58288 0.781429 0.562831 0.766534 0.544888 0.730216  0 0 
4 0.58288 0.781429 0.595995 0.824525 0.585317 0.812048 0.562831 0.766534  0 0 
4 0.595995 0.824525 0.619675 0.865805 0.60409 0.850045 0.585317 0.812048  0 0 
4 0.619675 0.865805 0.650946 0.908769 0.648781 0.940504 0.60409 0.850045  0 0 
4 0.650946 0.908769 0.663386 0.92962 0.65152 0.946047 0.648781 0.940504  0 0 
4 0.663386 0.92962 0.667865 0.952816 0.656844 0.956825 0.65152 0.946047  0 0 
4 0.667865 0.952816 0.674259 0.980838 0.669586 0.982616 0.656844 0.956825  0 0 
4 0.674259 0.980838 0.689837 1 0.678175 1 0.669586 0.982616  0 0 
4 0.71039 0 0.675676 0.0379825 0.686641 0.0142016 0.682039 0  0 0 
4 0.675676 0.0379825 0.613291 0.106242 0.62946 0.0807058 0.686641 0.0142016  0 0 
4 0.613291 0.106242 0.595424 0.125792 0.575784 0.121889 0.62946 0.0807058  0 0 
4 0.595424 0.125792 0.582401 0.140041 0.563559 0.143801 0.575784 0.121889  0 0 
4 0.582401 0.140041 0.574885 0.148264 0.560995 0.152814 0.563559 0.143801  0 0 
4 0.574885 0.148264 0.545058 0.1809 0.533612 0.184865 0.560995 0.152814  0 0 
4 0.545058 0.1809 0.534196 0.192785 0.485752 0.215247 0.533612 0.184865  0 0 
4 0.534196 0.192785 0.522133 0.205985 0.431978 0.260635 0.485752 0.215247  0 0 
4 0.522133 0.205985 0.508525 0.220874 0.469607 0.250093 0.431978 0.260635  0 0 
4 0.508525 0.220874 0.481024 0.250965 0.460566 0.26436 0.469607 0.250093  0 0 
4 0.481024 0.250965 0.464244 0.269325 0.436135 0.286098 0.460566 0.26436  0 0 
4 0.464244 0.269325 0.448033 0.287063 0.410993 0.314906 0.436135 0.286098  0 0 
4 0.448033 0.287063 0.430288 0.306479 0.377507 0.352891 0.410993 0.314906  0 0 
4 0.430288 0.306479 0.412781 0.325634 0.344413 0.384182 0.377507 0.352891  0 0 
4 0.412781 0.325634 0.395469 0.344576 0.35704 0.379438 0.344413 0.384182  0 0 
4 0.395469 0.344576 0.368786 0.373771 0.350959 0.387829 0.35704 0.379438  0 0 
4 0.368786 0.373771 0.427035 0.491672 0.378919 0.481537 0.350959 0.387829  0 0 
4 0.427035 0.491672 0.457365 0.553062 0.41537 0.524132 0.378919 0.481537  0 0 
4 0.457365 0.553062 0.490467 0.620063 0.416601 0.549898 0.41537 0.524132  0 0 
4 0.490467 0.620063 0.506439 0.652392 0.463253 0.623173 0.416601 0.549898  0 0 
4 0.506439 0.652392 0.517904 0.675598 0.49523 0.660297 0.463253 0.623173  0 0 
4 0.517904 0.675598 0.532605 0.705354 0.503595 0.683003 0.49523 0.660297  0 0 
4 0.532605 0.705354 0.54073 0.721799 0.520384 0.713603 0.503595 0.683003  0 0 
4 0.54073 0.721799 0.544888 0.730216 0.486964 0.721783 0.520384 0.713603  0 0 
4 0.544888 0.730216 0.562831 0.766534 0.516158 0.739989 0.486964 0.721783  0 0 
4 0.562831 0.766534 0.585317 0.812048 0.563817 0.803418 0.516158 0.739989  0 0 
4 0.585317 0.812048 0.60409 0.850045 0.549219 0.853649 0.563817 0.803418  0 0 
4 0.60409 0.850045 0.648781 0.940504 0.596827 0.933422 0.549219 0.853649  0 0 
4 0.648781 0.940504 0.65152 0.946047 0.597823 0.94122 0.596827 0.933422  0 0 
4 0.65152 0.946047 0.656844 0.956825 0.615067 0.951203 0.597823 0.94122  0 0 
4 0.656844 0.956825 0.669586 0.982616 0.60359 0.962901 0.615067 0.951203  0 0 
4 0.669586 0.982616 0.678175 1 0.65555 1 0.60359 0.962901  0 0 
4 0.682039 0 0.686641 0.0142016 0.665488 0.0114435 0.669157 0  0 0 
4 0.686641 0.0142016 0.62946 0.0807058 0.657463 0.0364811 0.665488 0.0114435  0 0 
4 0.62946 0.0807058 0.575784 0.121889 0.622083 0.0707732 0.657463 0.0364811  0 0 
4 0.575784 0.121889 0.563559 0.143801 0.542376 0.148028 0.622083 0.0707732  0 0 
4 0.563559 0.143801 0.560995 0.152814 0.519092 0.172694 0.542376 0.148028  0 0 
4 0.560995 0.152814 0.533612 0.184865 0.494969 0.198249 0.519092 0.172694  0 0 
4 0.533612 0.184865 0.485752 0.215247 0.467063 0.220392 0.494969 0.198249  0 0 
4 0.485752 0.215247 0.431978 0.260635 0.365746 0.300785 0.467063 0.220392  0 0 
4 0.431978 0.260635 0.469607 0.250093 0.381994 0.307406 0.365746 0.300785  0 0 
4 0.469607 0.250093 0.460566 0.26436 0.389901 0.310628 0.381994 0.307406  0 0 
4 0.460566 0.26436 0.436135 0.286098 0.36723 0.33961 0.389901 0.310628  0 0 
4 0.436135 0.286098 0.410993 0.314906 0.351674 0.359498 0.36723 0.33961  0 0 
4 0.410993 0.314906 0.377507 0.352891 0.337885 0.379502 0.351674 0.359498  0 0 
4 0.377507 0.352891 0.344413 0.384182 0.320603 0.404573 0.337885 0.379502  0 0 
4 0.344413 0.384182 0.35704 0.379438 0.322012 0.405946 0.320603 0.404573  0 0 
4 0.35704 0.379438 0.350959 0.387829 0.324681 0.408548 0.322012 0.405946  0 0 
4 0.350959 0.387829 0.378919 0.481537 0.33127 0.432831 0.324681 0.408548  0 0 
4 0.378919 0.481537 0.41537 0.524132 0.342403 0.473865 0.33127 0.432831  0 0 
4 0.41537 0.524132 0.416601 0.549898 0.353039 0.500908 0.342403 0.473865  0 0 
4 0.416601 0.549898 0.463253 0.623173 0.378602 0.5659 0.353039 0.500908  0 0 
4 0.463253 0.623173 0.49523 0.660297 0.413013 0.599178 0.378602 0.5659  0 0 
4 0.49523 0.660297 0.503595 0.683003 0.484383 0.668201 0.413013 0.599178  0 0 
4 0.503595 0.683003 0.520384 0.713603 0.465554 0.698833 0.484383 0.668201  0 0 
4 0.520384 0.713603 0.486964 0.721783 0.454365 0.717037 0.465554 0.698833  0 0 
4 0.486964 0.721783 0.516158 0.739989 0.481599 0.758106 0.454365 0.717037  0 0 
4 0.516158 0.739989 0.563817 0.803418 0.492723 0.774881 0.481599 0.758106  0 0 
4 0.563817 0.803418 0.549219 0.853649 0.482094 0.872125 0.492723 0.774881  0 0 
4 0.549219 0.853649 0.596827 0.933422 0.477177 0.917113 0.482094 0.872125  0 0 
4 0.596827 0.933422 0.597823 0.94122 0.546063 0.938393 0.477177 0.917113  0 0 
4 0.597823 0.94122 0.615067 0.951203 0.566284 0.94464 0.546063 0.938393  0 0 
4 0.615067 0.951203 0.60359 0.962901 0.616572 0.986947 0.566284 0.94464  0 0 
4 0.60359 0.962901 0.65555 1 0.632087 1 0.616572 0.986947  0 0 
4 0.669157 0 0.665488 0.0114435 0.642939 0.0141629 0.650181 0  0 0 
4 0.665488 0.0114435 0.657463 0.0364811 0.61726 0.0613421 0.642939 0.0141629  0 0 
4 0.657463 0.0364811 0.622083 0.0707732 0.582345 0.101925 0.61726 0.0613421  0 0 
4 0.622083 0.0707732 0.542376 0.148028 0.531806 0.150137 0.582345 0.101925  0 0 
4 0.542376 0.148028 0.519092 0.172694 0.515751 0.166565 0.531806 0.150137  0 0 
4 0.519092 0.172694 0.494969 0.198249 0.432082 0.232098 0.515751 0.166565  0 0 
4 0.494969 0.198249 0.467063 0.220392 0.327363 0.314329 0.432082 0.232098  0 0 
4 0.467063 0.220392 0.365746 0.300785 0.304454 0.337939 0.327363 0.314329  0 0 
4 0.365746 0.300785 0.381994 0.307406 0.314617 0.346306 0.304454 0.337939  0 0 
4 0.381994 0.307406 0.389901 0.310628 0.356759 0.327939 0.314617 0.346306  0 0 
4 0.389901 0.310628 0.36723 0.33961 0.349826 0.350137 0.356759 0.327939  0 0 
4 0.36723 0.33961 0.351674 0.359498 0.334843 0.37215 0.349826 0.350137  0 0 
4 0.351674 0.359498 0.337885 0.379502 0.320417 0.393512 0.334843 0.37215  0 0 
4 0.337885 0.379502 0.320603 0.404573 0.30409 0.41023 0.320417 0.393512  0 0 
4 0.320603 0.404573 0.322012 0.405946 0.309466 0.416361 0.30409 0.41023  0 0 
4 0.322012 0.405946 0.324681 0.408548 0.313097 0.417683 0.309466 0.416361  0 0 
4 0.324681 0.408548 0.33127 0.432831 0.309063 0.44207 0.313097 0.417683  0 0 
4 0.33127 0.432831 0.342403 0.473865 0.333239 0.499593 0.309063 0.44207  0 0 
4 0.342403 0.473865 0.353039 0.500908 0.348187 0.513333 0.333239 0.499593  0 0 
4 0.353039 0.500908 0.378602 0.5659 0.350658 0.546994 0.348187 0.513333  0 0 
4 0.378602 0.5659 0.413013 0.599178 0.374795 0.603004 0.350658 0.546994  0 0 
4 0.413013 0.599178 0.484383 0.668201 0.379905 0.644969 0.374795 0.603004  0 0 
4 0.484383 0.668201 0.465554 0.698833 0.432322 0.675541 0.379905 0.644969  0 0 
4 0.465554 0.698833 0.454365 0.717037 0.377632 0.705865 0.432322 0.675541  0 0 
4 0.454365 0.717037 0.481599 0.758106 0.376808 0.738845 0.377632 0.705865  0 0 
4 0.481599 0.758106 0.492723 0.774881 0.435552 0.784561 0.376808 0.738845  0 0 
4 0.492723 0.774881 0.482094 0.872125 0.414827 0.836184 0.435552 0.784561  0 0 
4 0.482094 0.872125 0.477177 0.917113 0.442068 0.912327 0.414827 0.836184  0 0 
4 0.477177 0.917113 0.546063 0.938393 0.44112 0.918908 0.442068 0.912327  0 0 
4 0.546063 0.938393 0.566284 0.94464 0.495815 0.937534 0.44112 0.918908  0 0 
4 0.566284 0.94464 0.616572 0.986947 0.572348 0.980559 0.495815 0.937534  0 0 
4 0.616572 0.986947 0.632087 1 0.61787 1 0.572348 0.980559  0 0 
4 0.650181 0 0.642939 0.0141629 0.600699 0.0373336 0.626342 0  0 0 
4 0.642939 0.0141629 0.61726 0.0613421 0.559803 0.0968726 0.600699 0.0373336  0 0 
4 0.61726 0.0613421 0.582345 0.101925 0.533472 0.135207 0.559803 0.0968726  0 0 
4 0.582345 0.101925 0.531806 0.150137 0.521853 0.152123 0.533472 0.135207  0 0 
4 0.531806 0.150137 0.515751 0.166565 0.481517 0.184678 0.521853 0.152123  0 0 
4 0.515751 0.166565 0.432082 0.232098 0.404101 0.247159 0.481517 0.184678  0 0 
4 0.432082 0.232098 0.327363 0.314329 0.297896 0.332875 0.404101 0.247159  0 0 
4 0.327363 0.314329 0.304454 0.337939 0.252899 0.369191 0.297896 0.332875  0 0 
4 0.304454 0.337939 0.314617 0.346306 0.25988 0.370747 0.252899 0.369191  0 0 
4 0.314617 0.346306 0.356759 0.327939 0.270338 0.373078 0.25988 0.370747  0 0 
4 0.356759 0.327939 0.349826 0.350137 0.282873 0.375871 0.270338 0.373078  0 0 
4 0.349826 0.350137 0.334843 0.37215 0.319142 0.383953 0.282873 0.375871  0 0 
4 0.334843 0.37215 0.320417 0.393512 0.311645 0.39466 0.319142 0.383953  0 0 
4 0.320417 0.393512 0.30409 0.41023 0.299688 0.411738 0.311645 0.39466  0 0 
4 0.30409 0.41023 0.309466 0.416361 0.28424 0.433802 0.299688 0.411738  0 0 
4 0.309466 0.416361 0.313097 0.417683 0.27387 0.448613 0.28424 0.433802  0 0 
4 0.313097 0.417683 0.309063 0.44207 0.29568 0.478863 0.27387 0.448613  0 0 
4 0.309063 0.44207 0.333239 0.499593 0.325763 0.520586 0.29568 0.478863  0 0 
4 0.333239 0.499593 0.348187 0.513333 0.331558 0.528624 0.325763 0.520586  0 0 
4 0.348187 0.513333 0.350658 0.546994 0.339225 0.539258 0.331558 0.528624  0 0 
4 0.350658 0.546994 0.374795 0.603004 0.336713 0.609718 0.339225 0.539258  0 0 
4 0.374795 0.603004 0.379905 0.644969 0.335806 0.635162 0.336713 0.609718  0 0 
4 0.379905 0.644969 0.432322 0.675541 0.334699 0.666207 0.335806 0.635162  0 0 
4 0.432322 0.675541 0.377632 0.705865 0.333515 0.699442 0.334699 0.666207  0 0 
4 0.377632 0.705865 0.376808 0.738845 0.350319 0.761695 0.333515 0.699442  0 0 
4 0.376808 0.738845 0.435552 0.784561 0.359947 0.797362 0.350319 0.761695  0 0 
4 0.435552 0.784561 0.414827 0.836184 0.377151 0.861094 0.359947 0.797362  0 0 
4 0.414827 0.836184 0.442068 0.912327 0.38903 0.905097 0.377151 0.861094  0 0 
4 0.442068 0.912327 0.44112 0.918908 0.418631 0.920297 0.38903 0.905097  0 0 
4 0.44112 0.918908 0.495815 0.937534 0.441539 0.93206 0.418631 0.920297  0 0 
4 0.495815 0.937534 0.572348 0.980559 0.482345 0.953014 0.441539 0.93206  0 0 
4 0.572348 0.980559 0.61787 1 0.573847 1 0.482345 0.953014  0 0 
4 0.626342 0 0.600699 0.0373336 0.57478 0.0471022 0.60052 0  0 0 
4 0.600699 0.0373336 0.559803 0.0968726 0.532549 0.0775466 0.57478 0.0471022  0 0 
4 0.559803 0.0968726 0.533472 0.135207 0.523785 0.113408 0.532549 0.0775466  0 0 
4 0.533472 0.135207 0.521853 0.152123 0.492458 0.149432 0.523785 0.113408  0 0 
4 0.521853 0.152123 0.481517 0.184678 0.415531 0.226585 0.492458 0.149432  0 0 
4 0.481517 0.184678 0.404101 0.247159 0.365514 0.252651 0.415531 0.226585  0 0 
4 0.404101 0.247159 0.297896 0.332875 0.289863 0.3253 0.365514 0.252651  0 0 
4 0.297896 0.332875 0.252899 0.369191 0.241955 0.375826 0.289863 0.3253  0 0 
4 0.252899 0.369191 0.25988 0.370747 0.250284 0.38476 0.241955 0.375826  0 0 
4 0.25988 0.370747 0.270338 0.373078 0.241843 0.404848 0.250284 0.38476  0 0 
4 0.270338 0.373078 0.282873 0.375871 0.272078 0.408368 0.241843 0.404848  0 0 
4 0.282873 0.375871 0.319142 0.383953 0.308522 0.390648 0.272078 0.408368  0 0 
4 0.319142 0.383953 0.311645 0.39466 0.273249 0.420681 0.308522 0.390648  0 0 
4 0.311645 0.39466 0.299688 0.411738 0.285388 0.421915 0.273249 0.420681  0 0 
4 0.299688 0.411738 0.28424 0.433802 0.258777 0.456339 0.285388 0.421915  0 0 
4 0.28424 0.433802 0.27387 0.448613 0.256085 0.462637 0.258777 0.456339  0 0 
4 0.27387 0.448613 0.29568 0.478863 0.277428 0.496324 0.256085 0.462637  0 0 
4 0.29568 0.478863 0.325763 0.520586 0.314617 0.51864 0.277428 0.496324  0 0 
4 0.325763 0.520586 0.331558 0.528624 0.304795 0.532351 0.314617 0.51864  0 0 
4 0.331558 0.528624 0.339225 0.539258 0.294506 0.559144 0.304795 0.532351  0 0 
4 0.339225 0.539258 0.336713 0.609718 0.284775 0.581245 0.294506 0.559144  0 0 
4 0.336713 0.609718 0.335806 0.635162 0.303287 0.639505 0.284775 0.581245  0 0 
4 0.335806 0.635162 0.334699 0.666207 0.297003 0.66625 0.303287 0.639505  0 0 
4 0.334699 0.666207 0.333515 0.699442 0.270976 0.690338 0.297003 0.66625  0 0 
4 0.333515 0.699442 0.350319 0.761695 0.310253 0.747743 0.270976 0.690338  0 0 
4 0.350319 0.761695 0.359947 0.797362 0.287883 0.766427 0.310253 0.747743  0 0 
4 0.359947 0.797362 0.377151 0.861094 0.288733 0.785081 0.287883 0.766427  0 0 
4 0.377151 0.861094 0.38903 0.905097 0.351981 0.874177 0.288733 0.785081  0 0 
4 0.38903 0.905097 0.418631 0.920297 0.335571 0.914927 0.351981 0.874177  0 0 
4 0.418631 0.920297 0.441539 0.93206 0.361959 0.957082 0.335571 0.914927  0 0 
4 0.441539 0.93206 0.482345 0.953014 0.463312 0.98881 0.361959 0.957082  0 0 
4 0.482345 0.953014 0.573847 1 0.476884 1 0.463312 0.98881  0 0 
4 0.60052 0 0.57478 0.0471022 0.528712 0.0422096 0.567422 0  0 0 
4 0.57478 0.0471022 0.532549 0.0775466 0.510586 0.0619734 0.528712 0.0422096  0 0 
4 0.532549 0.0775466 0.523785 0.113408 0.500862 0.0828817 0.510586 0.0619734  0 0 
4 0.523785 0.113408 0.492458 0.149432 0.470833 0.147451 0.500862 0.0828817  0 0 
4 0.492458 0.149432 0.415531 0.226585 0.369846 0.228534 0.470833 0.147451  0 0 
4 0.415531 0.226585 0.365514 0.252651 0.334269 0.257099 0.369846 0.228534  0 0 
4 0.365514 0.252651 0.289863 0.3253 0.278415 0.326707 0.334269 0.257099  0 0 
4 0.289863 0.3253 0.241955 0.375826 0.236206 0.379311 0.278415 0.326707  0 0 
4 0.241955 0.375826 0.250284 0.38476 0.230551 0.393429 0.236206 0.379311  0 0 
4 0.250284 0.38476 0.241843 0.404848 0.213176 0.436809 0.230551 0.393429  0 0 
4 0.241843 0.404848 0.272078 0.408368 0.244485 0.42439 0.213176 0.436809  0 0 
4 0.272078 0.408368 0.308522 0.390648 0.272835 0.413145 0.244485 0.42439  0 0 
4 0.308522 0.390648 0.273249 0.420681 0.260608 0.42851 0.272835 0.413145  0 0 
4 0.273249 0.420681 0.285388 0.421915 0.240345 0.453972 0.260608 0.42851  0 0 
4 0.285388 0.421915 0.258777 0.456339 0.231201 0.476195 0.240345 0.453972  0 0 
4 0.258777 0.456339 0.256085 0.462637 0.227508 0.485169 0.231201 0.476195  0 0 
4 0.256085 0.462637 0.277428 0.496324 0.241881 0.493545 0.227508 0.485169  0 0 
4 0.277428 0.496324 0.314617 0.51864 0.27225 0.511243 0.241881 0.493545  0 0 
4 0.314617 0.51864 0.304795 0.532351 0.272031 0.555886 0.27225 0.511243  0 0 
4 0.304795 0.532351 0.294506 0.559144 0.271966 0.569168 0.272031 0.555886  0 0 
4 0.294506 0.559144 0.284775 0.581245 0.261602 0.618877 0.271966 0.569168  0 0 
4 0.284775 0.581245 0.303287 0.639505 0.255985 0.645823 0.261602 0.618877  0 0 
4 0.303287 0.639505 0.297003 0.66625 0.236057 0.674437 0.255985 0.645823  0 0 
4 0.297003 0.66625 0.270976 0.690338 0.229217 0.684258 0.236057 0.674437  0 0 
4 0.270976 0.690338 0.310253 0.747743 0.231557 0.712697 0.229217 0.684258  0 0 
4 0.310253 0.747743 0.287883 0.766427 0.234077 0.743329 0.231557 0.712697  0 0 
4 0.287883 0.766427 0.288733 0.785081 0.236034 0.75828 0.234077 0.743329  0 0 
4 0.288733 0.785081 0.351981 0.874177 0.238845 0.779755 0.236034 0.75828  0 0 
4 0.351981 0.874177 0.335571 0.914927 0.269292 0.840917 0.238845 0.779755  0 0 
4 0.335571 0.914927 0.361959 0.957082 0.331835 0.966554 0.269292 0.840917  0 0 
4 0.361959 0.957082 0.463312 0.98881 0.332928 0.979518 0.331835 0.966554  0 0 
4 0.463312 0.98881 0.476884 1 0.334655 1 0.332928 0.979518  0 0 
4 0.567422 0 0.528712 0.0422096 0.535182 0.0166184 0.531155 0  0 0 
4 0.528712 0.0422096 0.510586 0.0619734 0.49102 0.069736 0.535182 0.0166184  0 0 
4 0.510586 0.0619734 0.500862 0.0828817 0.46416 0.0976659 0.49102 0.069736  0 0 
4 0.500862 0.0828817 0.470833 0.147451 0.424065 0.143169 0.46416 0.0976659  0 0 
4 0.470833 0.147451 0.369846 0.228534 0.381825 0.196706 0.424065 0.143169  0 0 
4 0.369846 0.228534 0.334269 0.257099 0.286596 0.299353 0.381825 0.196706  0 0 
4 0.334269 0.257099 0.278415 0.326707 0.220211 0.37203 0.286596 0.299353  0 0 
4 0.278415 0.326707 0.236206 0.379311 0.2032 0.399318 0.220211 0.37203  0 0 
4 0.236206 0.379311 0.230551 0.393429 0.198661 0.421103 0.2032 0.399318  0 0 
4 0.230551 0.393429 0.213176 0.436809 0.202985 0.439709 0.198661 0.421103  0 0 
4 0.213176 0.436809 0.244485 0.42439 0.206744 0.446375 0.202985 0.439709  0 0 
4 0.244485 0.42439 0.272835 0.413145 0.219776 0.446593 0.206744 0.446375  0 0 
4 0.272835 0.413145 0.260608 0.42851 0.241697 0.440808 0.219776 0.446593  0 0 
4 0.260608 0.42851 0.240345 0.453972 0.21327 0.465165 0.241697 0.440808  0 0 
4 0.240345 0.453972 0.231201 0.476195 0.216183 0.4859 0.21327 0.465165  0 0 
4 0.231201 0.476195 0.227508 0.485169 0.220782 0.490473 0.216183 0.4859  0 0 
4 0.227508 0.485169 0.241881 0.493545 0.229698 0.50451 0.220782 0.490473  0 0 
4 0.241881 0.493545 0.27225 0.511243 0.234936 0.540429 0.229698 0.50451  0 0 
4 0.27225 0.511243 0.272031 0.555886 0.224189 0.558349 0.234936 0.540429  0 0 
4 0.272031 0.555886 0.271966 0.569168 0.237703 0.584404 0.224189 0.558349  0 0 
4 0.271966 0.569168 0.261602 0.618877 0.220959 0.599798 0.237703 0.584404  0 0 
4 0.261602 0.618877 0.255985 0.645823 0.217238 0.629809 0.220959 0.599798  0 0 
4 0.255985 0.645823 0.236057 0.674437 0.224832 0.650938 0.217238 0.629809  0 0 
4 0.236057 0.674437 0.229217 0.684258 0.213364 0.68195 0.224832 0.650938  0 0 
4 0.229217 0.684258 0.231557 0.712697 0.220303 0.711294 0.213364 0.68195  0 0 
4 0.231557 0.712697 0.234077 0.743329 0.212604 0.725325 0.220303 0.711294  0 0 
4 0.234077 0.743329 0.236034 0.75828 0.224823 0.747857 0.212604 0.725325  0 0 
4 0.236034 0.75828 0.238845 0.779755 0.211821 0.757201 0.224823 0.747857  0 0 
4 0.238845 0.779755 0.269292 0.840917 0.271506 0.911584 0.211821 0.757201  0 0 
4 0.269292 0.840917 0.331835 0.966554 0.268952 0.947731 0.271506 0.911584  0 0 
4 0.331835 0.966554 0.332928 0.979518 0.280256 0.967351 0.268952 0.947731  0 0 
4 0.332928 0.979518 0.334655 1 0.281025 1 0.280256 0.967351  0 0 
4 0.531155 0 0.535182 0.0166184 0.492301 0.0301684 0.517249 0  0 0 
4 0.535182 0.0166184 0.49102 0.069736 0.444227 0.0883006 0.492301 0.0301684  0 0 
4 0.49102 0.069736 0.46416 0.0976659 0.433407 0.101385 0.444227 0.0883006  0 0 
4 0.46416 0.0976659 0.424065 0.143169 0.400627 0.141023 0.433407 0.101385  0 0 
4 0.424065 0.143169 0.381825 0.196706 0.314347 0.245354 0.400627 0.141023  0 0 
4 0.381825 0.196706 0.286596 0.299353 0.22329 0.355463 0.314347 0.245354  0 0 
4 0.286596 0.299353 0.220211 0.37203 0.183265 0.403862 0.22329 0.355463  0 0 
4 0.220211 0.37203 0.2032 0.399318 0.170761 0.418983 0.183265 0.403862  0 0 
4 0.2032 0.399318 0.198661 0.421103 0.177144 0.431188 0.170761 0.418983  0 0 
4 0.198661 0.421103 0.202985 0.439709 0.18437 0.445007 0.177144 0.431188  0 0 
4 0.202985 0.439709 0.206744 0.446375 0.191164 0.457999 0.18437 0.445007  0 0 
4 0.206744 0.446375 0.219776 0.446593 0.193772 0.462986 0.191164 0.457999  0 0 
4 0.219776 0.446593 0.241697 0.440808 0.196659 0.468508 0.193772 0.462986  0 0 
4 0.241697 0.440808 0.21327 0.465165 0.198175 0.471406 0.196659 0.468508  0 0 
4 0.21327 0.465165 0.216183 0.4859 0.201409 0.477591 0.198175 0.471406  0 0 
4 0.216183 0.4859 0.220782 0.490473 0.211834 0.497528 0.201409 0.477591  0 0 
4 0.220782 0.490473 0.229698 0.50451 0.207393 0.529791 0.211834 0.497528  0 0 
4 0.229698 0.50451 0.234936 0.540429 0.202428 0.565856 0.207393 0.529791  0 0 
4 0.234936 0.540429 0.224189 0.558349 0.199615 0.586291 0.202428 0.565856  0 0 
4 0.224189 0.558349 0.237703 0.584404 0.197407 0.602324 0.199615 0.586291  0 0 
4 0.237703 0.584404 0.220959 0.599798 0.19617 0.611309 0.197407 0.602324  0 0 
4 0.220959 0.599798 0.217238 0.629809 0.194895 0.620575 0.19617 0.611309  0 0 
4 0.217238 0.629809 0.224832 0.650938 0.191835 0.642803 0.194895 0.620575  0 0 
4 0.224832 0.650938 0.213364 0.68195 0.186974 0.678108 0.191835 0.642803  0 0 
4 0.213364 0.68195 0.220303 0.711294 0.188777 0.691241 0.186974 0.678108  0 0 
4 0.220303 0.711294 0.212604 0.725325 0.190964 0.707181 0.188777 0.691241  0 0 
4 0.212604 0.725325 0.224823 0.747857 0.194272 0.731285 0.190964 0.707181  0 0 
4 0.224823 0.747857 0.211821 0.757201 0.196019 0.744013 0.194272 0.731285  0 0 
4 0.211821 0.757201 0.271506 0.911584 0.203521 0.798672 0.196019 0.744013  0 0 
4 0.271506 0.911584 0.268952 0.947731 0.222052 0.933692 0.203521 0.798672  0 0 
4 0.268952 0.947731 0.280256 0.967351 0.224308 0.950135 0.222052 0.933692  0 0 
4 0.280256 0.967351 0.281025 1 0.231152 1 0.224308 0.950135  0 0 
4 0.517249 0 0.492301 0.0301684 0.438771 0.0495959 0.488482 0  0 0 
4 0.492301 0.0301684 0.444227 0.0883006 0.370122 0.119781 0.438771 0.0495959  0 0 
4 0.444227 0.0883006 0.433407 0.101385 0.351032 0.14114 0.370122 0.119781  0 0 
4 0.433407 0.101385 0.400627 0.141023 0.294777 0.216128 0.351032 0.14114  0 0 
4 0.400627 0.141023 0.314347 0.245354 0.262284 0.283465 0.294777 0.216128  0 0 
4 0.314347 0.245354 0.22329 0.355463 0.23374 0.32876 0.262284 0.283465  0 0 
4 0.22329 0.355463 0.183265 0.403862 0.168578 0.366609 0.23374 0.32876  0 0 
4 0.183265 0.403862 0.170761 0.418983 0.128437 0.385186 0.168578 0.366609  0 0 
4 0.170761 0.418983 0.177144 0.431188 0.158701 0.422482 0.128437 0.385186  0 0 
4 0.177144 0.431188 0.18437 0.445007 0.169403 0.438118 0.158701 0.422482  0 0 
4 0.18437 0.445007 0.191164 0.457999 0.162043 0.439341 0.169403 0.438118  0 0 
4 0.191164 0.457999 0.193772 0.462986 0.175228 0.453266 0.162043 0.439341  0 0 
4 0.193772 0.462986 0.196659 0.468508 0.18333 0.471468 0.175228 0.453266  0 0 
4 0.196659 0.468508 0.198175 0.471406 0.19179 0.47378 0.18333 0.471468  0 0 
4 0.198175 0.471406 0.201409 0.477591 0.188044 0.487428 0.19179 0.47378  0 0 
4 0.201409 0.477591 0.211834 0.497528 0.204869 0.50302 0.188044 0.487428  0 0 
4 0.211834 0.497528 0.207393 0.529791 0.182327 0.553824 0.204869 0.50302  0 0 
4 0.207393 0.529791 0.202428 0.565856 0.177075 0.584047 0.182327 0.553824  0 0 
4 0.202428 0.565856 0.199615 0.586291 0.159856 0.607909 0.177075 0.584047  0 0 
4 0.199615 0.586291 0.197407 0.602324 0.163074 0.618839 0.159856 0.607909  0 0 
4 0.197407 0.602324 0.19617 0.611309 0.152702 0.632936 0.163074 0.618839  0 0 
4 0.19617 0.611309 0.194895 0.620575 0.175482 0.639419 0.152702 0.632936  0 0 
4 0.194895 0.620575 0.191835 0.642803 0.184865 0.641725 0.175482 0.639419  0 0 
4 0.191835 0.642803 0.186974 0.678108 0.172144 0.69363 0.184865 0.641725  0 0 
4 0.186974 0.678108 0.188777 0.691241 0.159979 0.731723 0.172144 0.69363  0 0 
4 0.188777 0.691241 0.190964 0.707181 0.16019 0.744429 0.159979 0.731723  0 0 
4 0.190964 0.707181 0.194272 0.731285 0.171147 0.758896 0.16019 0.744429  0 0 
4 0.194272 0.731285 0.196019 0.744013 0.144116 0.804515 0.171147 0.758896  0 0 
4 0.196019 0.744013 0.203521 0.798672 0.176206 0.791595 0.144116 0.804515  0 0 
4 0.203521 0.798672 0.222052 0.933692 0.193674 0.87525 0.176206 0.791595  0 0 
4 0.222052 0.933692 0.224308 0.950135 0.191883 0.91706 0.193674 0.87525  0 0 
4 0.224308 0.950135 0.231152 1 0.165543 1 0.191883 0.91706  0 0 
4 0.488482 0 0.438771 0.0495959 0.406499 0.059601 0.469166 0  0 0 
4 0.438771 0.0495959 0.370122 0.119781 0.321509 0.140433 0.406499 0.059601  0 0 
4 0.370122 0.119781 0.351032 0.14114 0.286823 0.195665 0.321509 0.140433  0 0 
4 0.351032 0.14114 0.294777 0.216128 0.25725 0.242755 0.286823 0.195665  0 0 
4 0.294777 0.216128 0.262284 0.283465 0.254161 0.260519 0.25725 0.242755  0 0 
4 0.262284 0.283465 0.23374 0.32876 0.249134 0.289421 0.254161 0.260519  0 0 
4 0.23374 0.32876 0.168578 0.366609 0.188368 0.328845 0.249134 0.289421  0 0 
4 0.168578 0.366609 0.128437 0.385186 0.116374 0.375553 0.188368 0.328845  0 0 
4 0.128437 0.385186 0.158701 0.422482 0.129009 0.401608 0.116374 0.375553  0 0 
4 0.158701 0.422482 0.169403 0.438118 0.140194 0.424674 0.129009 0.401608  0 0 
4 0.169403 0.438118 0.162043 0.439341 0.158283 0.440546 0.140194 0.424674  0 0 
4 0.162043 0.439341 0.175228 0.453266 0.169147 0.450079 0.158283 0.440546  0 0 
4 0.175228 0.453266 0.18333 0.471468 0.171697 0.473103 0.169147 0.450079  0 0 
4 0.18333 0.471468 0.19179 0.47378 0.172564 0.480929 0.171697 0.473103  0 0 
4 0.19179 0.47378 0.188044 0.487428 0.179928 0.496845 0.172564 0.480929  0 0 
4 0.188044 0.487428 0.204869 0.50302 0.188688 0.515779 0.179928 0.496845  0 0 
4 0.204869 0.50302 0.182327 0.553824 0.172497 0.549872 0.188688 0.515779  0 0 
4 0.182327 0.553824 0.177075 0.584047 0.145511 0.606695 0.172497 0.549872  0 0 
4 0.177075 0.584047 0.159856 0.607909 0.139557 0.62074 0.145511 0.606695  0 0 
4 0.159856 0.607909 0.163074 0.618839 0.134546 0.632561 0.139557 0.62074  0 0 
4 0.163074 0.618839 0.152702 0.632936 0.148709 0.654974 0.134546 0.632561  0 0 
4 0.152702 0.632936 0.175482 0.639419 0.152795 0.661441 0.148709 0.654974  0 0 
4 0.175482 0.639419 0.184865 0.641725 0.155448 0.673557 0.152795 0.661441  0 0 
4 0.184865 0.641725 0.172144 0.69363 0.162134 0.704106 0.155448 0.673557  0 0 
4 0.172144 0.69363 0.159979 0.731723 0.159074 0.715664 0.162134 0.704106  0 0 
4 0.159979 0.731723 0.16019 0.744429 0.147336 0.759987 0.159074 0.715664  0 0 
4 0.16019 0.744429 0.171147 0.758896 0.129594 0.804816 0.147336 0.759987  0 0 
4 0.171147 0.758896 0.144116 0.804515 0.117378 0.835684 0.129594 0.804816  0 0 
4 0.144116 0.804515 0.176206 0.791595 0.149569 0.839563 0.117378 0.835684  0 0 
4 0.176206 0.791595 0.193674 0.87525 0.178009 0.842991 0.149569 0.839563  0 0 
4 0.193674 0.87525 0.191883 0.91706 0.147981 0.967402 0.178009 0.842991  0 0 
4 0.191883 0.91706 0.165543 1 0.140113 1 0.147981 0.967402  0 0 
4 0.469166 0 0.406499 0.059601 0.400167 0.0268194 0.415183 0  0 0 
4 0.406499 0.059601 0.321509 0.140433 0.318595 0.135819 0.400167 0.0268194  0 0 
4 0.321509 0.140433 0.286823 0.195665 0.278459 0.187282 0.318595 0.135819  0 0 
4 0.286823 0.195665 0.25725 0.242755 0.235699 0.258046 0.278459 0.187282  0 0 
4 0.25725 0.242755 0.254161 0.260519 0.197496 0.290663 0.235699 0.258046  0 0 
4 0.254161 0.260519 0.249134 0.289421 0.176423 0.311591 0.197496 0.290663  0 0 
4 0.249134 0.289421 0.188368 0.328845 0.171884 0.320195 0.176423 0.311591  0 0 
4 0.188368 0.328845 0.116374 0.375553 0.106107 0.367355 0.171884 0.320195  0 0 
4 0.116374 0.375553 0.129009 0.401608 0.11676 0.396625 0.106107 0.367355  0 0 
4 0.129009 0.401608 0.140194 0.424674 0.111748 0.408898 0.11676 0.396625  0 0 
4 0.140194 0.424674 0.158283 0.440546 0.115659 0.413645 0.111748 0.408898  0 0 
4 0.158283 0.440546 0.169147 0.450079 0.155077 0.442704 0.115659 0.413645  0 0 
4 0.169147 0.450079 0.171697 0.473103 0.123492 0.44882 0.155077 0.442704  0 0 
4 0.171697 0.473103 0.172564 0.480929 0.116666 0.526452 0.123492 0.44882  0 0 
4 0.172564 0.480929 0.179928 0.496845 0.155867 0.53176 0.116666 0.526452  0 0 
4 0.179928 0.496845 0.188688 0.515779 0.163792 0.535409 0.155867 0.53176  0 0 
4 0.188688 0.515779 0.172497 0.549872 0.148632 0.571963 0.163792 0.535409  0 0 
4 0.172497 0.549872 0.145511 0.606695 0.125647 0.619006 0.148632 0.571963  0 0 
4 0.145511 0.606695 0.139557 0.62074 0.108038 0.641801 0.125647 0.619006  0 0 
4 0.139557 0.62074 0.134546 0.632561 0.104637 0.646947 0.108038 0.641801  0 0 
4 0.134546 0.632561 0.148709 0.654974 0.119873 0.660211 0.104637 0.646947  0 0 
4 0.148709 0.654974 0.152795 0.661441 0.131536 0.674894 0.119873 0.660211  0 0 
4 0.152795 0.661441 0.155448 0.673557 0.150639 0.685133 0.131536 0.674894  0 0 
4 0.155448 0.673557 0.162134 0.704106 0.158238 0.708184 0.150639 0.685133  0 0 
4 0.162134 0.704106 0.159074 0.715664 0.137263 0.768256 0.158238 0.708184  0 0 
4 0.159074 0.715664 0.147336 0.759987 0.136709 0.777759 0.137263 0.768256  0 0 
4 0.147336 0.759987 0.129594 0.804816 0.121531 0.814525 0.136709 0.777759  0 0 
4 0.129594 0.804816 0.117378 0.835684 0.102658 0.852842 0.121531 0.814525  0 0 
4 0.117378 0.835684 0.149569 0.839563 0.128317 0.872063 0.102658 0.852842  0 0 
4 0.149569 0.839563 0.178009 0.842991 0.134249 0.886031 0.128317 0.872063  0 0 
4 0.178009 0.842991 0.147981 0.967402 0.123997 0.941288 0.134249 0.886031  0 0 
4 0.147981 0.967402 0.140113 1 0.106215 1 0.123997 0.941288  0 0 
4 0.415183 0 0.400167 0.0268194 0.369566 0.0284906 0.38884 0  0 0 
4 0.400167 0.0268194 0.318595 0.135819 0.30815 0.119278 0.369566 0.0284906  0 0 
4 0.318595 0.135819 0.278459 0.187282 0.225553 0.241374 0.30815 0.119278  0 0 
4 0.278459 0.187282 0.235699 0.258046 0.194497 0.287281 0.225553 0.241374  0 0 
4 0.235699 0.258046 0.197496 0.290663 0.167041 0.305166 0.194497 0.287281  0 0 
4 0.197496 0.290663 0.176423 0.311591 0.140241 0.322623 0.167041 0.305166  0 0 
4 0.176423 0.311591 0.171884 0.320195 0.124425 0.332926 0.140241 0.322623  0 0 
4 0.171884 0.320195 0.106107 0.367355 0.0905915 0.354965 0.124425 0.332926  0 0 
4 0.106107 0.367355 0.11676 0.396625 0.0935997 0.375417 0.0905915 0.354965  0 0 
4 0.11676 0.396625 0.111748 0.408898 0.0973499 0.400913 0.0935997 0.375417  0 0 
4 0.111748 0.408898 0.115659 0.413645 0.0979944 0.405294 0.0973499 0.400913  0 0 
4 0.115659 0.413645 0.155077 0.442704 0.0991878 0.413408 0.0979944 0.405294  0 0 
4 0.155077 0.442704 0.123492 0.44882 0.0984724 0.462632 0.0991878 0.413408  0 0 
4 0.123492 0.44882 0.116666 0.526452 0.0973157 0.54221 0.0984724 0.462632  0 0 
4 0.116666 0.526452 0.155867 0.53176 0.0969722 0.565842 0.0973157 0.54221  0 0 
4 0.155867 0.53176 0.163792 0.535409 0.0966449 0.588355 0.0969722 0.565842  0 0 
4 0.163792 0.535409 0.148632 0.571963 0.0958815 0.605241 0.0966449 0.588355  0 0 
4 0.148632 0.571963 0.125647 0.619006 0.0943832 0.638383 0.0958815 0.605241  0 0 
4 0.125647 0.619006 0.108038 0.641801 0.0941185 0.644237 0.0943832 0.638383  0 0 
4 0.108038 0.641801 0.104637 0.646947 0.0937595 0.65218 0.0941185 0.644237  0 0 
4 0.104637 0.646947 0.119873 0.660211 0.106473 0.668995 0.0937595 0.65218  0 0 
4 0.119873 0.660211 0.131536 0.674894 0.1176 0.683712 0.106473 0.668995  0 0 
4 0.131536 0.674894 0.150639 0.685133 0.137142 0.709558 0.1176 0.683712  0 0 
4 0.150639 0.685133 0.158238 0.708184 0.145881 0.721117 0.137142 0.709558  0 0 
4 0.158238 0.708184 0.137263 0.768256 0.114137 0.807226 0.145881 0.721117  0 0 
4 0.137263 0.768256 0.136709 0.777759 0.106177 0.828819 0.114137 0.807226  0 0 
4 0.136709 0.777759 0.121531 0.814525 0.103574 0.835881 0.106177 0.828819  0 0 
4 0.121531 0.814525 0.102658 0.852842 0.0932999 0.863751 0.103574 0.835881  0 0 
4 0.102658 0.852842 0.128317 0.872063 0.0930669 0.891986 0.0932999 0.863751  0 0 
4 0.128317 0.872063 0.134249 0.886031 0.0927795 0.926817 0.0930669 0.891986  0 0 
4 0.134249 0.886031 0.123997 0.941288 0.0925091 0.959577 0.0927795 0.926817  0 0 
4 0.123997 0.941288 0.106215 1 0.0921755 1 0.0925091 0.959577  0 0 
4 0.38884 0 0.369566 0.0284906 0.316309 0.0380718 0.280421 0  0 0 
4 0.369566 0.0284906 0.30815 0.119278 0.268408 0.108769 0.316309 0.0380718  0 0 
4 0.30815 0.119278 0.225553 0.241374 0.155423 0.160421 0.268408 0.108769  0 0 
4 0.225553 0.241374 0.194497 0.287281 0.125926 0.248452 0.155423 0.160421  0 0 
4 0.194497 0.287281 0.167041 0.305166 0.147801 0.28068 0.125926 0.248452  0 0 
4 0.167041 0.305166 0.140241 0.322623 0.112786 0.319231 0.147801 0.28068  0 0 
4 0.140241 0.322623 0.124425 0.332926 0.0784365 0.320236 0.112786 0.319231  0 0 
4 0.124425 0.332926 0.0905915 0.354965 0.0536001 0.325426 0.0784365 0.320236  0 0 
4 0.0905915 0.354965 0.0935997 0.375417 0.077954 0.36954 0.0536001 0.325426  0 0 
4 0.0935997 0.375417 0.0973499 0.400913 0.0714227 0.390276 0.077954 0.36954  0 0 
4 0.0973499 0.400913 0.0979944 0.405294 0.0833148 0.400567 0.0714227 0.390276  0 0 
4 0.0979944 0.405294 0.0991878 0.413408 0.094707 0.418636 0.0833148 0.400567  0 0 
4 0.0991878 0.413408 0.0984724 0.462632 0.079807 0.509523 0.094707 0.418636  0 0 
4 0.0984724 0.462632 0.0973157 0.54221 0.090961 0.540962 0.079807 0.509523  0 0 
4 0.0973157 0.54221 0.0969722 0.565842 0.0784761 0.561904 0.090961 0.540962  0 0 
4 0.0969722 0.565842 0.0966449 0.588355 0.0713242 0.60832 0.0784761 0.561904  0 0 
4 0.0966449 0.588355 0.0958815 0.605241 0.0671238 0.645407 0.0713242 0.60832  0 0 
4 0.0958815 0.605241 0.0943832 0.638383 0.0683609 0.663769 0.0671238 0.645407  0 0 
4 0.0943832 0.638383 0.0941185 0.644237 0.052868 0.703454 0.0683609 0.663769  0 0 
4 0.0941185 0.644237 0.0937595 0.65218 0.0703343 0.690249 0.052868 0.703454  0 0 
4 0.0937595 0.65218 0.106473 0.668995 0.064275 0.721472 0.0703343 0.690249  0 0 
4 0.106473 0.668995 0.1176 0.683712 0.0846866 0.718126 0.064275 0.721472  0 0 
4 0.1176 0.683712 0.137142 0.709558 0.114827 0.736992 0.0846866 0.718126  0 0 
4 0.137142 0.709558 0.145881 0.721117 0.130012 0.737726 0.114827 0.736992  0 0 
4 0.145881 0.721117 0.114137 0.807226 0.108209 0.77456 0.130012 0.737726  0 0 
4 0.114137 0.807226 0.106177 0.828819 0.0949445 0.8386 0.108209 0.77456  0 0 
4 0.106177 0.828819 0.103574 0.835881 0.0578541 0.880708 0.0949445 0.8386  0 0 
4 0.103574 0.835881 0.0932999 0.863751 0.079754 0.874094 0.0578541 0.880708  0 0 
4 0.0932999 0.863751 0.0930669 0.891986 0.0515579 0.910908 0.079754 0.874094  0 0 
4 0.0930669 0.891986 0.0927795 0.926817 0.0508234 0.934084 0.0515579 0.910908  0 0 
4 0.0927795 0.926817 0.0925091 0.959577 0.0404685 0.985377 0.0508234 0.934084  0 0 
4 0.0925091 0.959577 0.0921755 1 0.0524931 1 0.0404685 0.985377  0 0 
4 0.280421 0 0.316309 0.0380718 0.160579 0.0201671 0.181482 0  0 0 
4 0.316309 0.0380718 0.268408 0.108769 0.111695 0.0673282 0.160579 0.0201671  0 0 
4 0.268408 0.108769 0.155423 0.160421 0.108082 0.182971 0.111695 0.0673282  0 0 
4 0.155423 0.160421 0.125926 0.248452 0.106382 0.237385 0.108082 0.182971  0 0 
4 0.125926 0.248452 0.147801 0.28068 0.10072 0.270974 0.106382 0.237385  0 0 
4 0.147801 0.28068 0.112786 0.319231 0.0929971 0.316785 0.10072 0.270974  0 0 
4 0.112786 0.319231 0.0784365 0.320236 0.0532868 0.311056 0.0929971 0.316785  0 0 
4 0.0784365 0.320236 0.0536001 0.325426 0.0317053 0.307942 0.0532868 0.311056  0 0 
4 0.0536001 0.325426 0.077954 0.36954 0.0390357 0.33126 0.0317053 0.307942  0 0 
4 0.077954 0.36954 0.0714227 0.390276 0.0555409 0.38376 0.0390357 0.33126  0 0 
4 0.0714227 0.390276 0.0833148 0.400567 0.0659389 0.40947 0.0555409 0.38376  0 0 
4 0.0833148 0.400567 0.094707 0.418636 0.0776795 0.4385 0.0659389 0.40947  0 0 
4 0.094707 0.418636 0.079807 0.509523 0.0741918 0.511947 0.0776795 0.4385  0 0 
4 0.079807 0.509523 0.090961 0.540962 0.0729817 0.537429 0.0741918 0.511947  0 0 
4 0.090961 0.540962 0.0784761 0.561904 0.0644876 0.573461 0.0729817 0.537429  0 0 
4 0.0784761 0.561904 0.0713242 0.60832 0.0528327 0.6229 0.0644876 0.573461  0 0 
4 0.0713242 0.60832 0.0671238 0.645407 0.0415679 0.668563 0.0528327 0.6229  0 0 
4 0.0671238 0.645407 0.0683609 0.663769 0.0346337 0.696671 0.0415679 0.668563  0 0 
4 0.0683609 0.663769 0.052868 0.703454 0.0370212 0.708298 0.0346337 0.696671  0 0 
4 0.052868 0.703454 0.0703343 0.690249 0.0425776 0.735359 0.0370212 0.708298  0 0 
4 0.0703343 0.690249 0.064275 0.721472 0.0454093 0.751088 0.0425776 0.735359  0 0 
4 0.064275 0.721472 0.0846866 0.718126 0.0466376 0.75791 0.0454093 0.751088  0 0 
4 0.0846866 0.718126 0.114827 0.736992 0.057268 0.771092 0.0466376 0.75791  0 0 
4 0.114827 0.736992 0.130012 0.737726 0.0759726 0.794285 0.057268 0.771092  0 0 
4 0.130012 0.737726 0.108209 0.77456 0.0707658 0.813239 0.0759726 0.794285  0 0 
4 0.108209 0.77456 0.0949445 0.8386 0.054008 0.874244 0.0707658 0.813239  0 0 
4 0.0949445 0.8386 0.0578541 0.880708 0.0462145 0.891931 0.054008 0.874244  0 0 
4 0.0578541 0.880708 0.079754 0.874094 0.0410536 0.903643 0.0462145 0.891931  0 0 
4 0.079754 0.874094 0.0515579 0.910908 0.0289995 0.928595 0.0410536 0.903643  0 0 
4 0.0515579 0.910908 0.0508234 0.934084 0.0241122 0.938711 0.0289995 0.928595  0 0 
4 0.0508234 0.934084 0.0404685 0.985377 0.0244673 0.96356 0.0241122 0.938711  0 0 
4 0.0404685 0.985377 0.0524931 1 0.024988 1 0.0244673 0.96356  0 0 
4 0.181482 0 0.160579 0.0201671 0.122666 0.0218547 0.0423788 0  0 0 
4 0.160579 0.0201671 0.111695 0.0673282 0.0233896 0.0436161 0.122666 0.0218547  0 0 
4 0.111695 0.0673282 0.108082 0.182971 0.0292961 0.140642 0.0233896 0.0436161  0 0 
4 0.108082 0.182971 0.106382 0.237385 0.0234028 0.190397 0.0292961 0.140642  0 0 
4 0.106382 0.237385 0.10072 0.270974 0.0784173 0.269281 0.0234028 0.190397  0 0 
4 0.10072 0.270974 0.0929971 0.316785 0.0728387 0.298617 0.0784173 0.269281  0 0 
4 0.0929971 0.316785 0.0532868 0.311056 0.0454505 0.291488 0.0728387 0.298617  0 0 
4 0.0532868 0.311056 0.0317053 0.307942 0.00990312 0.290533 0.0454505 0.291488  0 0 
4 0.0317053 0.307942 0.0390357 0.33126 0.00941246 0.333538 0.00990312 0.290533  0 0 
4 0.0390357 0.33126 0.0555409 0.38376 0.025569 0.39469 0.00941246 0.333538  0 0 
4 0.0555409 0.38376 0.0659389 0.40947 0.0453025 0.432464 0.025569 0.39469  0 0 
4 0.0659389 0.40947 0.0776795 0.4385 0.0557537 0.464078 0.0453025 0.432464  0 0 
4 0.0776795 0.4385 0.0741918 0.511947 0.0513355 0.532764 0.0557537 0.464078  0 0 
4 0.0741918 0.511947 0.0729817 0.537429 0.0170218 0.584873 0.0513355 0.532764  0 0 
4 0.0729817 0.537429 0.0644876 0.573461 0.0497788 0.583854 0.0170218 0.584873  0 0 
4 0.0644876 0.573461 0.0528327 0.6229 0.0192853 0.649352 0.0497788 0.583854  0 0 
4 0.0528327 0.6229 0.0415679 0.668563 0.027168 0.674729 0.0192853 0.649352  0 0 
4 0.0415679 0.668563 0.0346337 0.696671 0.0247343 0.714012 0.027168 0.674729  0 0 
4 0.0346337 0.696671 0.0370212 0.708298 0.028401 0.74803 0.0247343 0.714012  0 0 
4 0.0370212 0.708298 0.0425776 0.735359 0.033073 0.750805 0.028401 0.74803  0 0 
4 0.0425776 0.735359 0.0454093 0.751088 0.024738 0.782596 0.033073 0.750805  0 0 
4 0.0454093 0.751088 0.0466376 0.75791 0.0228378 0.796678 0.024738 0.782596  0 0 
4 0.0466376 0.75791 0.057268 0.771092 0.0150612 0.821313 0.0228378 0.796678  0 0 
4 0.057268 0.771092 0.0759726 0.794285 0.0333488 0.838896 0.0150612 0.821313  0 0 
4 0.0759726 0.794285 0.0707658 0.813239 0.0143843 0.881776 0.0333488 0.838896  0 0 
4 0.0707658 0.813239 0.054008 0.874244 0.0379237 0.885406 0.0143843 0.881776  0 0 
4 0.054008 0.874244 0.0462145 0.891931 0.0385992 0.890991 0.0379237 0.885406  0 0 
4 0.0462145 0.891931 0.0410536 0.903643 0.0159407 0.922818 0.0385992 0.890991  0 0 
4 0.0410536 0.903643 0.0289995 0.928595 0.0138252 0.933505 0.0159407 0.922818  0 0 
4 0.0289995 0.928595 0.0241122 0.938711 0.0125752 0.957497 0.0138252 0.933505  0 0 
4 0.0241122 0.938711 0.0244673 0.96356 0.00744385 0.97852 0.0125752 0.957497  0 0 
4 0.0244673 0.96356 0.024988 1 0.0168041 1 0.00744385 0.97852  0 0 
4 0.0423788 0 0.122666 0.0218547 0 0.0282664 0 0  0 0 
4 0.122666 0.0218547 0.0233896 0.0436161 0 0.0373355 0 0.0282664  0 0 
4 0.0233896 0.0436161 0.0292961 0.140642 0 0.0860687 0 0.0373355  0 0 
4 0.0292961 0.140642 0.0234028 0.190397 0 0.177145 0 0.0860687  0 0 
4 0.0234028 0.190397 0.0784173 0.269281 0 0.191882 0 0.177145  0 0 
4 0.0784173 0.269281 0.0728387 0.298617 0 0.232969 0 0.191882  0 0 
4 0.0728387 0.298617 0.0454505 0.291488 0 0.263985 0 0.232969  0 0 
4 0.0454505 0.291488 0.00990312 0.290533 0 0.282625 0 0.263985  0 0 
4 0.00990312 0.290533 0.00941246 0.333538 0 0.365978 0 0.282625  0 0 
4 0.00941246 0.333538 0.025569 0.39469 0 0.404014 0 0.365978  0 0 
4 0.025569 0.39469 0.0453025 0.432464 0 0.44547 0 0.404014  0 0 
4 0.0453025 0.432464 0.0557537 0.464078 0 0.529118 0 0.44547  0 0 
4 0.0557537 0.464078 0.0513355 0.532764 0 0.57062 0 0.529118  0 0 
4 0.0513355 0.532764 0.0170218 0.584873 0 0.599305 0 0.57062  0 0 
4 0.0170218 0.584873 0.0497788 0.583854 0 0.65127 0 0.599305  0 0 
4 0.0497788 0.583854 0.0192853 0.649352 0 0.664559 0 0.65127  0 0 
4 0.0192853 0.649352 0.027168 0.674729 0 0.717314 0 0.664559  0 0 
4 0.027168 0.674729 0.0247343 0.714012 0 0.757339 0 0.717314  0 0 
4 0.0247343 0.714012 0.028401 0.74803 0 0.782663 0 0.757339  0 0 
4 0.028401 0.74803 0.033073 0.750805 0 0.804554 0 0.782663  0 0 
4 0.033073 0.750805 0.024738 0.782596 0 0.825522 0 0.804554  0 0 
4 0.024738 0.782596 0.0228378 0.796678 0 0.833879 0 0.825522  0 0 
4 0.0228378 0.796678 0.0150612 0.821313 0 0.855303 0 0.833879  0 0 
4 0.0150612 0.821313 0.0333488 0.838896 0 0.873799 0 0.855303  0 0 
4 0.0333488 0.838896 0.0143843 0.881776 0 0.895946 0 0.873799  0 0 
4 0.0143843 0.881776 0.0379237 0.885406 0 0.911724 0 0.895946  0 0 
4 0.0379237 0.885406 0.0385992 0.890991 0 0.92928 0 0.911724  0 0 
4 0.0385992 0.890991 0.0159407 0.922818 0 0.934989 0 0.92928  0 0 
4 0.0159407 0.922818 0.0138252 0.933505 0 0.964901 0 0.934989  0 0 
4 0.0138252 0.933505 0.0125752 0.957497 0 0.977973 0 0.964901  0 0 
4 0.0125752 0.957497 0.00744385 0.97852 0 0.994519 0 0.977973  0 0 
4 0.00744385 0.97852 0.0168041 1 0 1 0 0.994519  0 0 
