# Date: 8/4/2013   Time: 12:53
# dimensions 
1 1 
# connectivity 
25
5  1  2  3  4  5    1 1 
4  6  7  8  9    1 1 
6  10  11  12  13  14  15    1 1 
5  16  17  18  19  20    1 1 
4  21  22  23  24    1 1 
5  25  26  27  28  29    1 1 
7  30  31  32  33  34  35  36    1 1 
5  37  38  39  40  41    1 1 
6  42  43  44  45  46  47    1 1 
5  48  49  50  51  52    1 1 
5  53  54  55  56  57    1 1 
6  58  59  60  61  62  63    1 1 
5  64  65  66  67  68    1 1 
7  69  70  71  72  73  74  75    1 1 
5  76  77  78  79  80    1 1 
4  81  82  83  84    1 1 
6  85  86  87  88  89  90    1 1 
8  91  92  93  94  95  96  97  98    1 1 
6  99  100  101  102  103  104    1 1 
4  105  106  107  108    1 1 
5  109  110  111  112  113    1 1 
5  114  115  116  117  118    1 1 
4  119  120  121  122    1 1 
5  123  124  125  126  127    1 1 
4  128  129  130  131    1 1 
# DG vertices (counter-clockwise) 
131
0.953714  0  
1  0  
1  0.183909  
0.960277  0.183909  
0.953714  0.181187  
0.792113  0  
0.953714  0  
0.953714  0.181187  
0.792113  0.157915  
0.500149  0.0976818  
0.500149  0  
0.792113  0  
0.792113  0.157915  
0.758204  0.175901  
0.560506  0.174432  
0.16175  0  
0.500149  0  
0.500149  0.0976818  
0.195264  0.147284  
0.16175  0.072165  
0  0  
0.16175  0  
0.16175  0.072165  
0  0.072165  
0.960277  0.183909  
1  0.183909  
1  0.51745  
0.938118  0.51745  
0.904072  0.49206  
0.758204  0.175901  
0.792113  0.157915  
0.953714  0.181187  
0.960277  0.183909  
0.904072  0.49206  
0.775622  0.470844  
0.771891  0.46798  
0.560506  0.174432  
0.758204  0.175901  
0.771891  0.46798  
0.542586  0.466276  
0.503898  0.343095  
0.177043  0.212239  
0.195264  0.147284  
0.500149  0.0976818  
0.560506  0.174432  
0.503898  0.343095  
0.18993  0.350755  
0  0.072165  
0.16175  0.072165  
0.195264  0.147284  
0.177043  0.212239  
0  0.212239  
0.938118  0.51745  
1  0.51745  
1  0.743545  
0.923563  0.743545  
0.889182  0.710192  
0.775622  0.470844  
0.904072  0.49206  
0.938118  0.51745  
0.889182  0.710192  
0.75868  0.734067  
0.720072  0.689635  
0.542586  0.466276  
0.771891  0.46798  
0.775622  0.470844  
0.720072  0.689635  
0.463227  0.641951  
0.177217  0.378896  
0.18993  0.350755  
0.503898  0.343095  
0.542586  0.466276  
0.463227  0.641951  
0.426068  0.672769  
0.192834  0.564215  
0  0.212239  
0.177043  0.212239  
0.18993  0.350755  
0.177217  0.378896  
0  0.378896  
0.923563  0.743545  
1  0.743545  
1  0.910004  
0.926063  0.910004  
0.75868  0.734067  
0.889182  0.710192  
0.923563  0.743545  
0.926063  0.910004  
0.916737  0.917903  
0.718655  0.900089  
0.426068  0.672769  
0.463227  0.641951  
0.720072  0.689635  
0.75868  0.734067  
0.718655  0.900089  
0.714341  0.903781  
0.497114  0.863451  
0.426935  0.790242  
0  0.704561  
0.192834  0.564215  
0.426068  0.672769  
0.426935  0.790242  
0.19951  0.974753  
0  0.783863  
0  0.378896  
0.177217  0.378896  
0.192834  0.564215  
0  0.704561  
0.916737  0.917903  
0.926063  0.910004  
1  0.910004  
1  1  
0.916737  1  
0.714341  0.903781  
0.718655  0.900089  
0.916737  0.917903  
0.916737  1  
0.714341  1  
0.497114  0.863451  
0.714341  0.903781  
0.714341  1  
0.497114  1  
0.426935  0.790242  
0.497114  0.863451  
0.497114  1  
0.19951  1  
0.19951  0.974753  
0  0.783863  
0.19951  0.974753  
0.19951  1  
0  1  
# grid vertices 
70
Inf Inf 
0.426068 0.672769 
0.758204 0.175901 
0.177043 0.212239 
0.426935 0.790242 
0.720072 0.689635 
0.714341 0.903781 
0.16175 0.072165 
0.195264 0.147284 
0.177217 0.378896 
0.560506 0.174432 
0.18993 0.350755 
0.192834 0.564215 
0.19951 0.974753 
-0.0470739 0.738823 
0.497114 0.863451 
0.463227 0.641951 
0.503898 0.343095 
0.938118 0.51745 
0.775622 0.470844 
0.75868 0.734067 
0.916737 0.917903 
0.718655 0.900089 
0.889182 0.710192 
0.926063 0.910004 
0.923563 0.743545 
0.904072 0.49206 
0.500149 0.0976818 
0.771891 0.46798 
0.542586 0.466276 
0.792113 0.157915 
0.953714 0.181187 
0.960277 0.183909 
2.93285 0.183909 
0.953714 -1.78755 
0.792113 -1.70613 
0.500149 -1.71885 
0.16175 -1.88744 
2.7908 0.51745 
-1.79786 0.072165 
2.82637 0.743545 
-1.66973 0.212239 
2.93157 0.910004 
-1.58175 0.378896 
0.916737 2.9223 
0.714341 2.77514 
0.497114 2.64113 
0.19951 2.95082 
-2.05822 0.738823 
1 0 
0.953714 0 
1 0.183909 
0.792113 0 
0.500149 0 
0.16175 0 
0 0 
0 0.072165 
1 0.51745 
0 0.212239 
1 0.743545 
0 0.378896 
1 0.910004 
0 0.704561 
0 0.783863 
0.916737 1 
1 1 
0.714341 1 
0.497114 1 
0.19951 1 
0 1 
