# Date: 8/4/2013   Time: 13:33
# dimensions 
1 1 
# connectivity 
9
5  1  2  3  4  5    1 1 
5  6  7  8  9  10    1 1 
4  11  12  13  14    1 1 
4  15  16  17  18    1 1 
7  19  20  21  22  23  24  25    1 1 
5  26  27  28  29  30    1 1 
5  31  32  33  34  35    1 1 
4  36  37  38  39    1 1 
5  40  41  42  43  44    1 1 
# DG vertices (counter-clockwise) 
44
0.660872  0  
1  0  
1  0.20375  
0.690945  0.20375  
0.660872  0.164948  
0.160872  0  
0.660872  0  
0.660872  0.164948  
0.236024  0.254003  
0.160872  0.190559  
0  0  
0.160872  0  
0.160872  0.190559  
0  0.190559  
0.690945  0.20375  
1  0.20375  
1  0.70375  
0.72925  0.70375  
0.236024  0.254003  
0.660872  0.164948  
0.690945  0.20375  
0.72925  0.70375  
0.717462  0.716306  
0.217462  0.733092  
0.161524  0.690559  
0  0.190559  
0.160872  0.190559  
0.236024  0.254003  
0.161524  0.690559  
0  0.690559  
0.717462  0.716306  
0.72925  0.70375  
1  0.70375  
1  1  
0.717462  1  
0.217462  0.733092  
0.717462  0.716306  
0.717462  1  
0.217462  1  
0  0.690559  
0.161524  0.690559  
0.217462  0.733092  
0.217462  1  
0  1  
# grid vertices 
29
Inf Inf 
0.160872 0.190559 
0.236024 0.254003 
0.161524 0.690559 
0.717462 0.716306 
0.217462 0.733092 
0.660872 0.164948 
0.72925 0.70375 
0.690945 0.20375 
2.45761 0.20375 
0.660872 -1.62094 
0.160872 -1.68274 
2.45017 0.70375 
-1.71243 0.190559 
0.717462 2.43724 
0.217462 2.51358 
-1.64112 0.690559 
1 0 
0.660872 0 
1 0.20375 
0.160872 0 
0 0 
0 0.190559 
1 0.70375 
0 0.690559 
0.717462 1 
1 1 
0.217462 1 
0 1 
