# Date: 8/4/2013   Time: 11:4
# dimensions 
1 1 
# connectivity 
25
4  1  2  3  4    1 1 
6  5  6  7  8  9  10    1 1 
4  11  12  13  14    1 1 
4  15  16  17  18    1 1 
4  19  20  21  22    1 1 
4  23  24  25  26    1 1 
5  27  28  29  30  31    1 1 
6  32  33  34  35  36  37    1 1 
7  38  39  40  41  42  43  44    1 1 
6  45  46  47  48  49  50    1 1 
7  51  52  53  54  55  56  57    1 1 
5  58  59  60  61  62    1 1 
4  63  64  65  66    1 1 
6  67  68  69  70  71  72    1 1 
5  73  74  75  76  77    1 1 
5  78  79  80  81  82    1 1 
6  83  84  85  86  87  88    1 1 
5  89  90  91  92  93    1 1 
5  94  95  96  97  98    1 1 
6  99  100  101  102  103  104    1 1 
5  105  106  107  108  109    1 1 
5  110  111  112  113  114    1 1 
7  115  116  117  118  119  120  121    1 1 
4  122  123  124  125    1 1 
4  126  127  128  129    1 1 
# DG vertices (counter-clockwise) 
129
0.907603  0  
1  0  
1  0.0990753  
0.907603  0.0990753  
0.519054  0  
0.907603  0  
0.907603  0.0990753  
0.693281  0.298951  
0.692021  0.299533  
0.57355  0.182089  
0.0850466  0  
0.179294  0  
0.109191  0.118979  
0.0850466  0.0760038  
0.0231695  0  
0.0850466  0  
0.0850466  0.0760038  
0.0231695  0.0347641  
0  0  
0.0231695  0  
0.0231695  0.0347641  
0  0.0347641  
0.907603  0.0990753  
1  0.0990753  
1  0.298951  
0.693281  0.298951  
0.179294  0  
0.423267  0  
0.134694  0.165347  
0.110285  0.129748  
0.109191  0.118979  
0.423267  0  
0.519054  0  
0.57355  0.182089  
0.227783  0.342682  
0.146374  0.281665  
0.134694  0.165347  
0.227783  0.342682  
0.57355  0.182089  
0.692021  0.299533  
0.694976  0.369602  
0.422766  0.712311  
0.295143  0.72351  
0.237662  0.667707  
0  0.0347641  
0.0231695  0.0347641  
0.0850466  0.0760038  
0.109191  0.118979  
0.110285  0.129748  
0  0.129748  
0.694976  0.369602  
0.692021  0.299533  
0.693281  0.298951  
1  0.298951  
1  0.531549  
0.889154  0.531549  
0.782651  0.462054  
0.782651  0.462054  
0.889154  0.531549  
0.919035  0.777047  
0.869928  0.753251  
0.760922  0.682123  
0.748344  0.700476  
0.760922  0.682123  
0.869928  0.753251  
0.778568  0.73848  
0.694976  0.369602  
0.782651  0.462054  
0.760922  0.682123  
0.748344  0.700476  
0.583188  0.843397  
0.422766  0.712311  
0  0.129748  
0.110285  0.129748  
0.134694  0.165347  
0.146374  0.281665  
0  0.321841  
0.889154  0.531549  
1  0.531549  
1  0.831674  
0.940831  0.831674  
0.919035  0.777047  
0.778568  0.73848  
0.869928  0.753251  
0.919035  0.777047  
0.940831  0.831674  
0.893565  0.872935  
0.711208  0.876655  
0.748344  0.700476  
0.778568  0.73848  
0.711208  0.876655  
0.615565  0.884108  
0.583188  0.843397  
0  0.321841  
0.146374  0.281665  
0.227783  0.342682  
0.237662  0.667707  
0  0.627253  
0  0.627253  
0.237662  0.667707  
0.295143  0.72351  
0.246507  0.851083  
0.0245068  0.915364  
0  0.915364  
0.893565  0.872935  
0.940831  0.831674  
1  0.831674  
1  1  
0.893565  1  
0.615565  0.884108  
0.711208  0.876655  
0.893565  0.872935  
0.893565  1  
0.615565  1  
0.246507  0.851083  
0.295143  0.72351  
0.422766  0.712311  
0.583188  0.843397  
0.615565  0.884108  
0.615565  1  
0.246507  1  
0.0245068  0.915364  
0.246507  0.851083  
0.246507  1  
0.0245068  1  
0  0.915364  
0.0245068  0.915364  
0.0245068  1  
0  1  
# grid vertices 
73
Inf Inf 
0.146374 0.281665 
0.869928 0.753251 
0.246507 0.851083 
0.694976 0.369602 
0.109191 0.118979 
0.0850466 0.0760038 
0.0231695 0.0347641 
0.46948 -0.492511 
0.692021 0.299533 
0.237662 0.667707 
0.110285 0.129748 
0.0245068 0.915364 
0.295143 0.72351 
-0.686796 0.510348 
0.134694 0.165347 
0.505032 -0.04685 
0.227783 0.342682 
0.711208 0.876655 
0.583188 0.843397 
0.893565 0.872935 
0.748344 0.700476 
0.615565 0.884108 
0.760922 0.682123 
0.778568 0.73848 
0.782651 0.462054 
0.919035 0.777047 
0.940831 0.831674 
0.57355 0.182089 
0.422766 0.712311 
0.693281 0.298951 
0.907603 0.0990753 
0.889154 0.531549 
2.89355 0.0990753 
0.907603 -1.88687 
0.46948 -2.89971 
0.0850466 -1.93147 
0.0231695 -2.04564 
2.38638 0.298951 
-2.05724 0.0347641 
2.6938 0.531549 
-1.84148 0.129748 
2.90671 0.831674 
-3.28785 0.510348 
0.893565 2.82934 
0.615565 2.69944 
0.246507 2.69833 
0.0245068 2.96094 
-2.02107 0.915364 
1 0 
0.907603 0 
1 0.0990753 
0.519054 0 
0.179294 0 
0.0850466 0 
0.0231695 0 
0 0 
0 0.0347641 
1 0.298951 
0.423267 0 
0 0.129748 
1 0.531549 
0 0.321841 
1 0.831674 
0 0.321841 
0 0.627253 
0 1 
0.0245068 1 
0.893565 1 
1 1 
0.615565 1 
0.246507 1 
0 0.915364 
