# Date: 8/4/2013   Time: 11:57
# dimensions 
1 1 
# connectivity 
289
4  1  2  3  4    1 1 
5  5  6  7  8  9    1 1 
4  10  11  12  13    1 1 
6  14  15  16  17  18  19    1 1 
4  20  21  22  23    1 1 
4  24  25  26  27    1 1 
5  28  29  30  31  32    1 1 
4  33  34  35  36    1 1 
3  37  38  39    1 1 
6  40  41  42  43  44  45    1 1 
5  46  47  48  49  50    1 1 
5  51  52  53  54  55    1 1 
3  56  57  58    1 1 
5  59  60  61  62  63    1 1 
4  64  65  66  67    1 1 
5  68  69  70  71  72    1 1 
5  73  74  75  76  77    1 1 
5  78  79  80  81  82    1 1 
9  83  84  85  86  87  88  89  90  91    1 1 
5  92  93  94  95  96    1 1 
5  97  98  99  100  101    1 1 
6  102  103  104  105  106  107    1 1 
6  108  109  110  111  112  113    1 1 
6  114  115  116  117  118  119    1 1 
7  120  121  122  123  124  125  126    1 1 
7  127  128  129  130  131  132  133    1 1 
10  134  135  136  137  138  139  140  141  142  143    1 1 
6  144  145  146  147  148  149    1 1 
5  150  151  152  153  154    1 1 
5  155  156  157  158  159    1 1 
7  160  161  162  163  164  165  166    1 1 
6  167  168  169  170  171  172    1 1 
6  173  174  175  176  177  178    1 1 
5  179  180  181  182  183    1 1 
3  184  185  186    1 1 
4  187  188  189  190    1 1 
5  191  192  193  194  195    1 1 
5  196  197  198  199  200    1 1 
7  201  202  203  204  205  206  207    1 1 
7  208  209  210  211  212  213  214    1 1 
7  215  216  217  218  219  220  221    1 1 
6  222  223  224  225  226  227    1 1 
5  228  229  230  231  232    1 1 
5  233  234  235  236  237    1 1 
4  238  239  240  241    1 1 
5  242  243  244  245  246    1 1 
4  247  248  249  250    1 1 
8  251  252  253  254  255  256  257  258    1 1 
5  259  260  261  262  263    1 1 
8  264  265  266  267  268  269  270  271    1 1 
4  272  273  274  275    1 1 
8  276  277  278  279  280  281  282  283    1 1 
8  284  285  286  287  288  289  290  291    1 1 
4  292  293  294  295    1 1 
7  296  297  298  299  300  301  302    1 1 
5  303  304  305  306  307    1 1 
6  308  309  310  311  312  313    1 1 
6  314  315  316  317  318  319    1 1 
7  320  321  322  323  324  325  326    1 1 
5  327  328  329  330  331    1 1 
4  332  333  334  335    1 1 
6  336  337  338  339  340  341    1 1 
6  342  343  344  345  346  347    1 1 
8  348  349  350  351  352  353  354  355    1 1 
5  356  357  358  359  360    1 1 
6  361  362  363  364  365  366    1 1 
7  367  368  369  370  371  372  373    1 1 
4  374  375  376  377    1 1 
5  378  379  380  381  382    1 1 
5  383  384  385  386  387    1 1 
5  388  389  390  391  392    1 1 
7  393  394  395  396  397  398  399    1 1 
7  400  401  402  403  404  405  406    1 1 
5  407  408  409  410  411    1 1 
4  412  413  414  415    1 1 
7  416  417  418  419  420  421  422    1 1 
4  423  424  425  426    1 1 
9  427  428  429  430  431  432  433  434  435    1 1 
5  436  437  438  439  440    1 1 
6  441  442  443  444  445  446    1 1 
3  447  448  449    1 1 
6  450  451  452  453  454  455    1 1 
6  456  457  458  459  460  461    1 1 
6  462  463  464  465  466  467    1 1 
4  468  469  470  471    1 1 
4  472  473  474  475    1 1 
7  476  477  478  479  480  481  482    1 1 
7  483  484  485  486  487  488  489    1 1 
4  490  491  492  493    1 1 
7  494  495  496  497  498  499  500    1 1 
7  501  502  503  504  505  506  507    1 1 
4  508  509  510  511    1 1 
6  512  513  514  515  516  517    1 1 
4  518  519  520  521    1 1 
8  522  523  524  525  526  527  528  529    1 1 
5  530  531  532  533  534    1 1 
5  535  536  537  538  539    1 1 
8  540  541  542  543  544  545  546  547    1 1 
3  548  549  550    1 1 
7  551  552  553  554  555  556  557    1 1 
6  558  559  560  561  562  563    1 1 
5  564  565  566  567  568    1 1 
4  569  570  571  572    1 1 
3  573  574  575    1 1 
5  576  577  578  579  580    1 1 
5  581  582  583  584  585    1 1 
4  586  587  588  589    1 1 
5  590  591  592  593  594    1 1 
9  595  596  597  598  599  600  601  602  603    1 1 
6  604  605  606  607  608  609    1 1 
7  610  611  612  613  614  615  616    1 1 
9  617  618  619  620  621  622  623  624  625    1 1 
4  626  627  628  629    1 1 
7  630  631  632  633  634  635  636    1 1 
6  637  638  639  640  641  642    1 1 
7  643  644  645  646  647  648  649    1 1 
8  650  651  652  653  654  655  656  657    1 1 
6  658  659  660  661  662  663    1 1 
4  664  665  666  667    1 1 
4  668  669  670  671    1 1 
6  672  673  674  675  676  677    1 1 
8  678  679  680  681  682  683  684  685    1 1 
7  686  687  688  689  690  691  692    1 1 
6  693  694  695  696  697  698    1 1 
6  699  700  701  702  703  704    1 1 
6  705  706  707  708  709  710    1 1 
5  711  712  713  714  715    1 1 
5  716  717  718  719  720    1 1 
6  721  722  723  724  725  726    1 1 
6  727  728  729  730  731  732    1 1 
5  733  734  735  736  737    1 1 
6  738  739  740  741  742  743    1 1 
9  744  745  746  747  748  749  750  751  752    1 1 
4  753  754  755  756    1 1 
6  757  758  759  760  761  762    1 1 
5  763  764  765  766  767    1 1 
4  768  769  770  771    1 1 
4  772  773  774  775    1 1 
4  776  777  778  779    1 1 
6  780  781  782  783  784  785    1 1 
5  786  787  788  789  790    1 1 
8  791  792  793  794  795  796  797  798    1 1 
4  799  800  801  802    1 1 
6  803  804  805  806  807  808    1 1 
5  809  810  811  812  813    1 1 
5  814  815  816  817  818    1 1 
6  819  820  821  822  823  824    1 1 
6  825  826  827  828  829  830    1 1 
7  831  832  833  834  835  836  837    1 1 
6  838  839  840  841  842  843    1 1 
7  844  845  846  847  848  849  850    1 1 
6  851  852  853  854  855  856    1 1 
4  857  858  859  860    1 1 
5  861  862  863  864  865    1 1 
5  866  867  868  869  870    1 1 
8  871  872  873  874  875  876  877  878    1 1 
6  879  880  881  882  883  884    1 1 
5  885  886  887  888  889    1 1 
7  890  891  892  893  894  895  896    1 1 
7  897  898  899  900  901  902  903    1 1 
7  904  905  906  907  908  909  910    1 1 
4  911  912  913  914    1 1 
7  915  916  917  918  919  920  921    1 1 
9  922  923  924  925  926  927  928  929  930    1 1 
6  931  932  933  934  935  936    1 1 
6  937  938  939  940  941  942    1 1 
8  943  944  945  946  947  948  949  950    1 1 
8  951  952  953  954  955  956  957  958    1 1 
4  959  960  961  962    1 1 
5  963  964  965  966  967    1 1 
4  968  969  970  971    1 1 
7  972  973  974  975  976  977  978    1 1 
5  979  980  981  982  983    1 1 
5  984  985  986  987  988    1 1 
7  989  990  991  992  993  994  995    1 1 
11  996  997  998  999  1000  1001  1002  1003  1004  1005  1006    1 1 
6  1007  1008  1009  1010  1011  1012    1 1 
5  1013  1014  1015  1016  1017    1 1 
6  1018  1019  1020  1021  1022  1023    1 1 
5  1024  1025  1026  1027  1028    1 1 
7  1029  1030  1031  1032  1033  1034  1035    1 1 
9  1036  1037  1038  1039  1040  1041  1042  1043  1044    1 1 
4  1045  1046  1047  1048    1 1 
8  1049  1050  1051  1052  1053  1054  1055  1056    1 1 
4  1057  1058  1059  1060    1 1 
8  1061  1062  1063  1064  1065  1066  1067  1068    1 1 
4  1069  1070  1071  1072    1 1 
5  1073  1074  1075  1076  1077    1 1 
5  1078  1079  1080  1081  1082    1 1 
6  1083  1084  1085  1086  1087  1088    1 1 
6  1089  1090  1091  1092  1093  1094    1 1 
7  1095  1096  1097  1098  1099  1100  1101    1 1 
7  1102  1103  1104  1105  1106  1107  1108    1 1 
5  1109  1110  1111  1112  1113    1 1 
6  1114  1115  1116  1117  1118  1119    1 1 
7  1120  1121  1122  1123  1124  1125  1126    1 1 
7  1127  1128  1129  1130  1131  1132  1133    1 1 
6  1134  1135  1136  1137  1138  1139    1 1 
4  1140  1141  1142  1143    1 1 
5  1144  1145  1146  1147  1148    1 1 
5  1149  1150  1151  1152  1153    1 1 
6  1154  1155  1156  1157  1158  1159    1 1 
5  1160  1161  1162  1163  1164    1 1 
4  1165  1166  1167  1168    1 1 
6  1169  1170  1171  1172  1173  1174    1 1 
5  1175  1176  1177  1178  1179    1 1 
5  1180  1181  1182  1183  1184    1 1 
5  1185  1186  1187  1188  1189    1 1 
5  1190  1191  1192  1193  1194    1 1 
7  1195  1196  1197  1198  1199  1200  1201    1 1 
7  1202  1203  1204  1205  1206  1207  1208    1 1 
8  1209  1210  1211  1212  1213  1214  1215  1216    1 1 
5  1217  1218  1219  1220  1221    1 1 
7  1222  1223  1224  1225  1226  1227  1228    1 1 
7  1229  1230  1231  1232  1233  1234  1235    1 1 
4  1236  1237  1238  1239    1 1 
6  1240  1241  1242  1243  1244  1245    1 1 
6  1246  1247  1248  1249  1250  1251    1 1 
5  1252  1253  1254  1255  1256    1 1 
6  1257  1258  1259  1260  1261  1262    1 1 
5  1263  1264  1265  1266  1267    1 1 
6  1268  1269  1270  1271  1272  1273    1 1 
6  1274  1275  1276  1277  1278  1279    1 1 
4  1280  1281  1282  1283    1 1 
6  1284  1285  1286  1287  1288  1289    1 1 
5  1290  1291  1292  1293  1294    1 1 
7  1295  1296  1297  1298  1299  1300  1301    1 1 
4  1302  1303  1304  1305    1 1 
5  1306  1307  1308  1309  1310    1 1 
5  1311  1312  1313  1314  1315    1 1 
6  1316  1317  1318  1319  1320  1321    1 1 
7  1322  1323  1324  1325  1326  1327  1328    1 1 
5  1329  1330  1331  1332  1333    1 1 
6  1334  1335  1336  1337  1338  1339    1 1 
7  1340  1341  1342  1343  1344  1345  1346    1 1 
5  1347  1348  1349  1350  1351    1 1 
6  1352  1353  1354  1355  1356  1357    1 1 
5  1358  1359  1360  1361  1362    1 1 
5  1363  1364  1365  1366  1367    1 1 
5  1368  1369  1370  1371  1372    1 1 
5  1373  1374  1375  1376  1377    1 1 
6  1378  1379  1380  1381  1382  1383    1 1 
5  1384  1385  1386  1387  1388    1 1 
7  1389  1390  1391  1392  1393  1394  1395    1 1 
5  1396  1397  1398  1399  1400    1 1 
4  1401  1402  1403  1404    1 1 
5  1405  1406  1407  1408  1409    1 1 
5  1410  1411  1412  1413  1414    1 1 
5  1415  1416  1417  1418  1419    1 1 
6  1420  1421  1422  1423  1424  1425    1 1 
7  1426  1427  1428  1429  1430  1431  1432    1 1 
8  1433  1434  1435  1436  1437  1438  1439  1440    1 1 
4  1441  1442  1443  1444    1 1 
9  1445  1446  1447  1448  1449  1450  1451  1452  1453    1 1 
4  1454  1455  1456  1457    1 1 
4  1458  1459  1460  1461    1 1 
9  1462  1463  1464  1465  1466  1467  1468  1469  1470    1 1 
4  1471  1472  1473  1474    1 1 
5  1475  1476  1477  1478  1479    1 1 
5  1480  1481  1482  1483  1484    1 1 
6  1485  1486  1487  1488  1489  1490    1 1 
7  1491  1492  1493  1494  1495  1496  1497    1 1 
8  1498  1499  1500  1501  1502  1503  1504  1505    1 1 
7  1506  1507  1508  1509  1510  1511  1512    1 1 
5  1513  1514  1515  1516  1517    1 1 
5  1518  1519  1520  1521  1522    1 1 
6  1523  1524  1525  1526  1527  1528    1 1 
7  1529  1530  1531  1532  1533  1534  1535    1 1 
8  1536  1537  1538  1539  1540  1541  1542  1543    1 1 
6  1544  1545  1546  1547  1548  1549    1 1 
6  1550  1551  1552  1553  1554  1555    1 1 
6  1556  1557  1558  1559  1560  1561    1 1 
5  1562  1563  1564  1565  1566    1 1 
5  1567  1568  1569  1570  1571    1 1 
6  1572  1573  1574  1575  1576  1577    1 1 
6  1578  1579  1580  1581  1582  1583    1 1 
4  1584  1585  1586  1587    1 1 
5  1588  1589  1590  1591  1592    1 1 
4  1593  1594  1595  1596    1 1 
5  1597  1598  1599  1600  1601    1 1 
4  1602  1603  1604  1605    1 1 
4  1606  1607  1608  1609    1 1 
4  1610  1611  1612  1613    1 1 
5  1614  1615  1616  1617  1618    1 1 
4  1619  1620  1621  1622    1 1 
5  1623  1624  1625  1626  1627    1 1 
4  1628  1629  1630  1631    1 1 
5  1632  1633  1634  1635  1636    1 1 
4  1637  1638  1639  1640    1 1 
# DG vertices (counter-clockwise) 
1640
0.983096  0  
1  0  
1  0.0144912  
0.983096  0.0144912  
0.957312  0  
0.983096  0  
0.983096  0.0144912  
0.961875  0.0392453  
0.957312  0.0402015  
0.933133  0  
0.957312  0  
0.957312  0.0402015  
0.933133  0.0511149  
0.881896  0  
0.933133  0  
0.933133  0.0511149  
0.912445  0.0690696  
0.884934  0.0426045  
0.881896  0.0334632  
0.837  0  
0.881896  0  
0.881896  0.0334632  
0.837  0.0129347  
0.818904  0  
0.837  0  
0.837  0.0129347  
0.818904  0.0161692  
0.800755  0  
0.818904  0  
0.818904  0.0161692  
0.811162  0.0225755  
0.800755  0.0271452  
0.753232  0  
0.800755  0  
0.800755  0.0271452  
0.780448  0.0454773  
0.694276  0  
0.750111  0  
0.694276  0.03629  
0.616712  0.0237976  
0.616712  0  
0.694276  0  
0.694276  0.03629  
0.680608  0.0602352  
0.65022  0.0605282  
0.522235  0  
0.616712  0  
0.616712  0.0237976  
0.534414  0.0543408  
0.522235  0.0440916  
0.448148  0.0148091  
0.4387  0  
0.522235  0  
0.522235  0.0440916  
0.477041  0.0431779  
0.28501  0  
0.351142  0  
0.339641  0.0209491  
0.176698  0.00010714  
0.176698  0  
0.258691  0  
0.250426  0.0358139  
0.220704  0.0507917  
0.14144  0  
0.176698  0  
0.176698  0.00010714  
0.14144  0.0303541  
0.0621056  0  
0.14144  0  
0.14144  0.0303541  
0.127596  0.0688119  
0.0621056  0.0355524  
0  0  
0.0621056  0  
0.0621056  0.0355524  
0.0611611  0.0361726  
0  0.0361726  
0.983096  0.0144912  
1  0.0144912  
1  0.0474117  
0.981598  0.0474117  
0.961875  0.0392453  
0.912445  0.0690696  
0.933133  0.0511149  
0.957312  0.0402015  
0.961875  0.0392453  
0.981598  0.0474117  
1  0.0919141  
1  0.100302  
0.920324  0.125001  
0.913477  0.107799  
0.92088  0.135079  
0.934509  0.147806  
0.929844  0.229341  
0.92678  0.23137  
0.903127  0.224299  
0.900565  0.22618  
0.903127  0.224299  
0.92678  0.23137  
0.929087  0.247926  
0.904059  0.254975  
0.920794  0.134948  
0.92088  0.135079  
0.903127  0.224299  
0.900565  0.22618  
0.854167  0.229803  
0.8461  0.21601  
0.811162  0.0225755  
0.818904  0.0161692  
0.837  0.0129347  
0.881896  0.0334632  
0.884934  0.0426045  
0.856188  0.0488049  
0.780448  0.0454773  
0.800755  0.0271452  
0.811162  0.0225755  
0.856188  0.0488049  
0.787232  0.0790845  
0.779063  0.0712065  
0.694276  0.03629  
0.750111  0  
0.753232  0  
0.780448  0.0454773  
0.779063  0.0712065  
0.712379  0.0816163  
0.680608  0.0602352  
0.712379  0.0816163  
0.779063  0.0712065  
0.787232  0.0790845  
0.790023  0.0852624  
0.756105  0.13224  
0.73974  0.137078  
0.712505  0.10235  
0.639245  0.102006  
0.638356  0.0867528  
0.65022  0.0605282  
0.680608  0.0602352  
0.712379  0.0816163  
0.712505  0.10235  
0.698298  0.132455  
0.68427  0.151771  
0.659842  0.147084  
0.654688  0.145585  
0.534414  0.0543408  
0.616712  0.0237976  
0.65022  0.0605282  
0.638356  0.0867528  
0.595174  0.102779  
0.538142  0.113555  
0.417094  0  
0.4387  0  
0.448148  0.0148091  
0.395098  0.0965307  
0.393485  0.08606  
0.351142  0  
0.394592  0  
0.37291  0.0394929  
0.341459  0.0324109  
0.339641  0.0209491  
0.258691  0  
0.28501  0  
0.339641  0.0209491  
0.341459  0.0324109  
0.313074  0.0786691  
0.27841  0.0623783  
0.250426  0.0358139  
0.14144  0.0303541  
0.176698  0.00010714  
0.220704  0.0507917  
0.182216  0.0838091  
0.143738  0.0877357  
0.127596  0.0688119  
0.0611611  0.0361726  
0.0621056  0.0355524  
0.127596  0.0688119  
0.143738  0.0877357  
0.122559  0.145219  
0.0203214  0.119495  
0  0.0361726  
0.0611611  0.0361726  
0.0203214  0.119495  
0.0175955  0.121425  
0  0.121425  
0.981598  0.0474117  
1  0.0474117  
1  0.0919141  
0.934509  0.147806  
0.979665  0.182301  
0.968777  0.222879  
0.929844  0.229341  
0.904059  0.254975  
0.929087  0.247926  
0.935244  0.255721  
0.922757  0.274165  
0.898264  0.269649  
0.875643  0.282445  
0.898264  0.269649  
0.922757  0.274165  
0.942845  0.306028  
0.879434  0.294336  
0.879434  0.294336  
0.942845  0.306028  
0.94505  0.307627  
0.924185  0.338682  
0.881777  0.347228  
0.881619  0.347231  
0.876255  0.341022  
0.854226  0.237449  
0.854167  0.229803  
0.900565  0.22618  
0.904059  0.254975  
0.898264  0.269649  
0.875643  0.282445  
0.868271  0.277264  
0.856188  0.0488049  
0.884934  0.0426045  
0.912445  0.0690696  
0.913477  0.107799  
0.802498  0.100956  
0.790023  0.0852624  
0.787232  0.0790845  
0.790023  0.0852624  
0.802498  0.100956  
0.806941  0.153054  
0.78265  0.15494  
0.771488  0.151592  
0.756105  0.13224  
0.73974  0.137078  
0.756105  0.13224  
0.771488  0.151592  
0.74549  0.159278  
0.737571  0.152235  
0.698298  0.132455  
0.712505  0.10235  
0.73974  0.137078  
0.737571  0.152235  
0.732782  0.154301  
0.595174  0.102779  
0.638356  0.0867528  
0.639245  0.102006  
0.604061  0.142726  
0.448148  0.0148091  
0.477041  0.0431779  
0.433381  0.110105  
0.394976  0.112452  
0.395098  0.0965307  
0.394592  0  
0.417094  0  
0.393485  0.08606  
0.37291  0.0394929  
0.313074  0.0786691  
0.341459  0.0324109  
0.37291  0.0394929  
0.393485  0.08606  
0.395098  0.0965307  
0.394976  0.112452  
0.385884  0.119208  
0.347183  0.124249  
0.220704  0.0507917  
0.250426  0.0358139  
0.27841  0.0623783  
0.242214  0.156867  
0.182216  0.0838091  
0.033835  0.179663  
0.0175955  0.121425  
0.0203214  0.119495  
0.122559  0.145219  
0.125892  0.244321  
0.10678  0.255179  
0.0892284  0.247616  
0.0444445  0.197513  
0  0.121425  
0.0175955  0.121425  
0.033835  0.179663  
0  0.179663  
0.92088  0.135079  
0.920794  0.134948  
0.92017  0.132692  
0.920324  0.125001  
1  0.100302  
1  0.182301  
0.979665  0.182301  
0.934509  0.147806  
0.92678  0.23137  
0.929844  0.229341  
0.968777  0.222879  
0.969575  0.228163  
0.968004  0.240561  
0.935797  0.25577  
0.935244  0.255721  
0.929087  0.247926  
0.935797  0.25577  
0.968004  0.240561  
0.970171  0.247222  
0.966608  0.291202  
0.922757  0.274165  
0.935244  0.255721  
0.935797  0.25577  
0.966608  0.291202  
0.9685  0.302671  
0.94505  0.307627  
0.942845  0.306028  
0.881777  0.347228  
0.924185  0.338682  
0.948757  0.371206  
0.938183  0.384282  
0.929335  0.386065  
0.812067  0.160504  
0.92017  0.132692  
0.920794  0.134948  
0.8461  0.21601  
0.819124  0.203615  
0.812945  0.193501  
0.802498  0.100956  
0.913477  0.107799  
0.920324  0.125001  
0.92017  0.132692  
0.812067  0.160504  
0.806941  0.153054  
0.774737  0.162712  
0.78265  0.15494  
0.806941  0.153054  
0.812067  0.160504  
0.812945  0.193501  
0.804317  0.194423  
0.7632  0.179228  
0.74549  0.159278  
0.771488  0.151592  
0.78265  0.15494  
0.774737  0.162712  
0.748523  0.170461  
0.68427  0.151771  
0.698298  0.132455  
0.732782  0.154301  
0.700442  0.18025  
0.604061  0.142726  
0.639245  0.102006  
0.654688  0.145585  
0.65353  0.14673  
0.608809  0.182708  
0.584839  0.178912  
0.533945  0.125311  
0.538142  0.113555  
0.595174  0.102779  
0.604061  0.142726  
0.584839  0.178912  
0.573442  0.180224  
0.477041  0.0431779  
0.522235  0.0440916  
0.534414  0.0543408  
0.538142  0.113555  
0.533945  0.125311  
0.489595  0.139027  
0.483924  0.138062  
0.433381  0.110105  
0.385884  0.119208  
0.394976  0.112452  
0.433381  0.110105  
0.483924  0.138062  
0.422501  0.217974  
0.27841  0.0623783  
0.313074  0.0786691  
0.347183  0.124249  
0.287235  0.200763  
0.26058  0.201318  
0.242214  0.156867  
0.122559  0.145219  
0.143738  0.0877357  
0.182216  0.0838091  
0.242214  0.156867  
0.26058  0.201318  
0.187109  0.250196  
0.125892  0.244321  
0  0.179663  
0.033835  0.179663  
0.0444445  0.197513  
0  0.197513  
0.979665  0.182301  
1  0.182301  
1  0.240785  
0.969575  0.228163  
0.968777  0.222879  
0.968004  0.240561  
0.969575  0.228163  
1  0.240785  
1  0.259597  
0.970171  0.247222  
0.970171  0.247222  
1  0.259597  
1  0.315739  
0.9685  0.302671  
0.966608  0.291202  
0.94505  0.307627  
0.9685  0.302671  
1  0.315739  
1  0.322602  
0.969193  0.369875  
0.948757  0.371206  
0.924185  0.338682  
0.896981  0.408564  
0.929335  0.386065  
0.938183  0.384282  
0.940509  0.39369  
0.921376  0.432647  
0.902227  0.435897  
0.90184  0.435353  
0.881619  0.347231  
0.881777  0.347228  
0.929335  0.386065  
0.896981  0.408564  
0.875521  0.38311  
0.854226  0.237449  
0.868271  0.277264  
0.835293  0.290054  
0.801213  0.274313  
0.802486  0.226843  
0.819124  0.203615  
0.8461  0.21601  
0.854167  0.229803  
0.854226  0.237449  
0.801213  0.274313  
0.801062  0.274308  
0.748523  0.170461  
0.774737  0.162712  
0.7632  0.179228  
0.749731  0.18321  
0.700442  0.18025  
0.732782  0.154301  
0.737571  0.152235  
0.74549  0.159278  
0.748523  0.170461  
0.749731  0.18321  
0.734293  0.215125  
0.730055  0.21901  
0.703505  0.21255  
0.659842  0.147084  
0.68427  0.151771  
0.700442  0.18025  
0.703505  0.21255  
0.667879  0.231853  
0.65353  0.14673  
0.654688  0.145585  
0.659842  0.147084  
0.667879  0.231853  
0.663589  0.234491  
0.661656  0.232434  
0.608809  0.182708  
0.65353  0.14673  
0.661656  0.232434  
0.489595  0.139027  
0.533945  0.125311  
0.573442  0.180224  
0.542303  0.248277  
0.505182  0.267897  
0.49487  0.266454  
0.483924  0.138062  
0.489595  0.139027  
0.49487  0.266454  
0.44859  0.273309  
0.424401  0.263882  
0.422501  0.217974  
0.347183  0.124249  
0.385884  0.119208  
0.422501  0.217974  
0.424401  0.263882  
0.363779  0.275107  
0.287235  0.200763  
0  0.197513  
0.0444445  0.197513  
0.0892284  0.247616  
0  0.247616  
0.969193  0.369875  
1  0.322602  
1  0.409481  
0.991104  0.406404  
0.962233  0.433774  
0.975479  0.414301  
0.991104  0.406404  
1  0.409481  
1  0.472143  
0.997797  0.470983  
0.962808  0.435262  
0.938183  0.384282  
0.948757  0.371206  
0.969193  0.369875  
0.991104  0.406404  
0.975479  0.414301  
0.9508  0.40895  
0.940509  0.39369  
0.940509  0.39369  
0.9508  0.40895  
0.933401  0.433301  
0.921376  0.432647  
0.901259  0.448089  
0.902227  0.435897  
0.921376  0.432647  
0.933401  0.433301  
0.937096  0.435045  
0.949846  0.461452  
0.927238  0.49198  
0.832729  0.301696  
0.835293  0.290054  
0.868271  0.277264  
0.875643  0.282445  
0.879434  0.294336  
0.876255  0.341022  
0.866457  0.340371  
0.823368  0.314431  
0.832729  0.301696  
0.866457  0.340371  
0.802449  0.347786  
0.798013  0.275992  
0.801062  0.274308  
0.801213  0.274313  
0.835293  0.290054  
0.832729  0.301696  
0.823368  0.314431  
0.749731  0.18321  
0.7632  0.179228  
0.804317  0.194423  
0.734293  0.215125  
0.663589  0.234491  
0.667879  0.231853  
0.703505  0.21255  
0.730055  0.21901  
0.746361  0.243435  
0.757974  0.29637  
0.735799  0.353503  
0.650529  0.272419  
0.529064  0.315174  
0.607853  0.329595  
0.615406  0.404856  
0.545924  0.386856  
0.536366  0.379268  
0.505182  0.267897  
0.542303  0.248277  
0.62923  0.279659  
0.607853  0.329595  
0.529064  0.315174  
0.573442  0.180224  
0.584839  0.178912  
0.608809  0.182708  
0.661656  0.232434  
0.663589  0.234491  
0.650529  0.272419  
0.62923  0.279659  
0.542303  0.248277  
0.193789  0.262552  
0.317729  0.343963  
0.21682  0.371648  
0.193789  0.262552  
0.187109  0.250196  
0.26058  0.201318  
0.287235  0.200763  
0.363779  0.275107  
0.329112  0.345344  
0.317729  0.343963  
0  0.339504  
0.0884423  0.306965  
0.0963779  0.343775  
0.0910992  0.383115  
0.0314678  0.466826  
0  0.464269  
0  0.247616  
0.0892284  0.247616  
0.10678  0.255179  
0.0884423  0.306965  
0  0.339504  
0.985232  0.496176  
1  0.485232  
1  0.562388  
0.975984  0.554073  
0.962808  0.435262  
0.997797  0.470983  
0.956944  0.459969  
0.9508  0.40895  
0.975479  0.414301  
0.962233  0.433774  
0.937096  0.435045  
0.933401  0.433301  
0.937096  0.435045  
0.962233  0.433774  
0.962808  0.435262  
0.956944  0.459969  
0.949846  0.461452  
0.947029  0.577115  
0.987308  0.614216  
0.97205  0.633883  
0.932703  0.640562  
0.847504  0.39703  
0.875521  0.38311  
0.896981  0.408564  
0.90184  0.435353  
0.861522  0.433276  
0.802449  0.347786  
0.866457  0.340371  
0.876255  0.341022  
0.881619  0.347231  
0.875521  0.38311  
0.847504  0.39703  
0.738723  0.402225  
0.735347  0.400382  
0.739786  0.375256  
0.757974  0.29637  
0.798013  0.275992  
0.823368  0.314431  
0.802449  0.347786  
0.739786  0.375256  
0.735799  0.353503  
0.804317  0.194423  
0.812945  0.193501  
0.819124  0.203615  
0.802486  0.226843  
0.746361  0.243435  
0.730055  0.21901  
0.734293  0.215125  
0.607853  0.329595  
0.62923  0.279659  
0.650529  0.272419  
0.735799  0.353503  
0.739786  0.375256  
0.735347  0.400382  
0.686214  0.435236  
0.660492  0.446111  
0.615406  0.404856  
0.470285  0.444065  
0.527543  0.431853  
0.541233  0.494448  
0.526342  0.501755  
0.447893  0.398138  
0.536366  0.379268  
0.545924  0.386856  
0.527543  0.431853  
0.470285  0.444065  
0.442581  0.428593  
0.437495  0.412746  
0.44859  0.273309  
0.49487  0.266454  
0.505182  0.267897  
0.529064  0.315174  
0.536366  0.379268  
0.447893  0.398138  
0.363779  0.275107  
0.424401  0.263882  
0.44859  0.273309  
0.447893  0.398138  
0.437495  0.412746  
0.344078  0.398207  
0.329112  0.345344  
0.10678  0.255179  
0.125892  0.244321  
0.187109  0.250196  
0.193789  0.262552  
0.21682  0.371648  
0.208247  0.392883  
0.0963779  0.343775  
0.0884423  0.306965  
0  0.464269  
0.0314678  0.466826  
0.104832  0.526887  
0.0717734  0.580713  
0.0411274  0.590613  
0  0.560652  
0  0.560652  
0.0411274  0.590613  
0.0394245  0.592013  
0  0.592013  
0.987308  0.614216  
1  0.608518  
1  0.666163  
0.97205  0.633883  
0.947029  0.577115  
0.944779  0.562035  
0.975984  0.554073  
1  0.562388  
1  0.608518  
0.987308  0.614216  
0.949846  0.461452  
0.956944  0.459969  
0.997797  0.470983  
1  0.472143  
1  0.485232  
0.985232  0.496176  
0.92818  0.498637  
0.927238  0.49198  
0.921251  0.511127  
0.921251  0.511027  
0.92818  0.498637  
0.985232  0.496176  
0.975984  0.554073  
0.944779  0.562035  
0.930631  0.554471  
0.920752  0.650082  
0.932703  0.640562  
0.97205  0.633883  
1  0.666163  
1  0.684106  
0.957512  0.691318  
0.866725  0.47557  
0.901259  0.448089  
0.927238  0.49198  
0.92818  0.498637  
0.921251  0.511027  
0.855853  0.4946  
0.851094  0.441242  
0.861522  0.433276  
0.90184  0.435353  
0.902227  0.435897  
0.901259  0.448089  
0.866725  0.47557  
0.738723  0.402225  
0.847504  0.39703  
0.861522  0.433276  
0.851094  0.441242  
0.78462  0.445485  
0.746361  0.243435  
0.802486  0.226843  
0.801062  0.274308  
0.798013  0.275992  
0.757974  0.29637  
0.527543  0.431853  
0.545924  0.386856  
0.615406  0.404856  
0.660492  0.446111  
0.641769  0.481658  
0.541233  0.494448  
0.442581  0.428593  
0.470285  0.444065  
0.526342  0.501755  
0.508819  0.527998  
0.435973  0.50675  
0.425674  0.488488  
0.33079  0.50758  
0.425674  0.488488  
0.435973  0.50675  
0.426826  0.539277  
0.350436  0.545326  
0.344078  0.398207  
0.437495  0.412746  
0.442581  0.428593  
0.425674  0.488488  
0.33079  0.50758  
0.292842  0.481029  
0.208247  0.392883  
0.21682  0.371648  
0.317729  0.343963  
0.329112  0.345344  
0.344078  0.398207  
0.292842  0.481029  
0.270045  0.485904  
0.214833  0.487505  
0.211685  0.477485  
0.0910992  0.383115  
0.0963779  0.343775  
0.208247  0.392883  
0.211685  0.477485  
0.0314678  0.466826  
0.0910992  0.383115  
0.211685  0.477485  
0.214833  0.487505  
0.179911  0.525204  
0.104832  0.526887  
0  0.592013  
0.0394245  0.592013  
0.0246906  0.614235  
0.00381186  0.62331  
0  0.62331  
0.989252  0.754153  
1  0.748632  
1  0.761831  
0.992824  0.761831  
1  0.741001  
1  0.748632  
0.989252  0.754153  
0.984009  0.749216  
1  0.727516  
1  0.741001  
0.984009  0.749216  
0.971823  0.741992  
1  0.710708  
1  0.727516  
0.971823  0.741992  
0.966011  0.741391  
0.958985  0.736149  
0.956399  0.733108  
0.957512  0.691318  
1  0.684106  
1  0.710708  
0.956399  0.733108  
0.948875  0.727089  
0.847277  0.597294  
0.930631  0.554471  
0.944779  0.562035  
0.947029  0.577115  
0.932703  0.640562  
0.920752  0.650082  
0.857131  0.654027  
0.844177  0.612684  
0.921251  0.511127  
0.930631  0.554471  
0.847277  0.597294  
0.834875  0.555502  
0.8251  0.510399  
0.855853  0.4946  
0.921251  0.511027  
0.921251  0.511127  
0.834875  0.555502  
0.822756  0.529712  
0.78462  0.445485  
0.851094  0.441242  
0.866725  0.47557  
0.855853  0.4946  
0.8251  0.510399  
0.426826  0.539277  
0.435973  0.50675  
0.508819  0.527998  
0.507417  0.590494  
0.437456  0.588146  
0.350436  0.545326  
0.426826  0.539277  
0.437456  0.588146  
0.398322  0.613333  
0.373932  0.620156  
0.365481  0.614493  
0.270045  0.485904  
0.292842  0.481029  
0.33079  0.50758  
0.350436  0.545326  
0.365481  0.614493  
0.300519  0.626001  
0.179911  0.525204  
0.214833  0.487505  
0.270045  0.485904  
0.300519  0.626001  
0.280428  0.637722  
0.210304  0.645481  
0.201201  0.623082  
0.0717734  0.580713  
0.104832  0.526887  
0.179911  0.525204  
0.201201  0.623082  
0.0880978  0.633657  
0.0811047  0.623611  
0.0394245  0.592013  
0.0411274  0.590613  
0.0717734  0.580713  
0.0811047  0.623611  
0.0629099  0.637167  
0.0300024  0.638655  
0.0246906  0.614235  
0.00381186  0.62331  
0.0246906  0.614235  
0.0300024  0.638655  
0.0288895  0.647056  
0.0131133  0.652447  
0.00937806  0.6489  
0  0.62331  
0.00381186  0.62331  
0.00937806  0.6489  
0  0.6489  
0.992824  0.761831  
1  0.761831  
1  0.773988  
0.996019  0.773988  
0.989339  0.769131  
0.980072  0.775844  
0.989339  0.769131  
0.996019  0.773988  
0.99788  0.782059  
0.997364  0.782458  
0.966011  0.741391  
0.971823  0.741992  
0.984009  0.749216  
0.989252  0.754153  
0.992824  0.761831  
0.989339  0.769131  
0.980072  0.775844  
0.97054  0.780738  
0.958985  0.736149  
0.966011  0.741391  
0.97054  0.780738  
0.967164  0.787599  
0.947859  0.780258  
0.945194  0.774347  
0.902495  0.740189  
0.948875  0.727089  
0.956399  0.733108  
0.958985  0.736149  
0.945194  0.774347  
0.857131  0.654027  
0.920752  0.650082  
0.957512  0.691318  
0.948875  0.727089  
0.902495  0.740189  
0.854751  0.742982  
0.834876  0.713666  
0.724909  0.628148  
0.763616  0.606012  
0.844177  0.612684  
0.857131  0.654027  
0.834876  0.713666  
0.700767  0.72821  
0.706991  0.665388  
0.753684  0.554017  
0.762457  0.541155  
0.822756  0.529712  
0.834875  0.555502  
0.847277  0.597294  
0.844177  0.612684  
0.763616  0.606012  
0.697445  0.561947  
0.753684  0.554017  
0.763616  0.606012  
0.724909  0.628148  
0.686214  0.435236  
0.735347  0.400382  
0.738723  0.402225  
0.78462  0.445485  
0.8251  0.510399  
0.822756  0.529712  
0.762457  0.541155  
0.508819  0.527998  
0.526342  0.501755  
0.541233  0.494448  
0.641769  0.481658  
0.644197  0.522843  
0.623281  0.569148  
0.606044  0.586212  
0.514113  0.598682  
0.507417  0.590494  
0.398322  0.613333  
0.437456  0.588146  
0.507417  0.590494  
0.514113  0.598682  
0.511575  0.694729  
0.507401  0.698419  
0.280428  0.637722  
0.300519  0.626001  
0.365481  0.614493  
0.373932  0.620156  
0.377445  0.659069  
0.313113  0.696597  
0.0899335  0.642768  
0.0880978  0.633657  
0.201201  0.623082  
0.210304  0.645481  
0.208307  0.652292  
0.163981  0.678619  
0.142239  0.679909  
0.100434  0.668887  
0.0629099  0.637167  
0.0811047  0.623611  
0.0880978  0.633657  
0.0899335  0.642768  
0.0469331  0.674804  
0.0464365  0.674947  
0.0436921  0.671687  
0.0425646  0.662642  
0.0300024  0.638655  
0.0629099  0.637167  
0.0425646  0.662642  
0.0288895  0.647056  
0  0.6489  
0.00937806  0.6489  
0.0131133  0.652447  
0.0117729  0.657299  
0  0.657299  
0.996019  0.773988  
1  0.773988  
1  0.782059  
0.99788  0.782059  
0.967164  0.787599  
0.97054  0.780738  
0.980072  0.775844  
0.997364  0.782458  
0.983037  0.811103  
0.981991  0.811254  
0.968561  0.792481  
0.940184  0.80861  
0.968561  0.792481  
0.981991  0.811254  
0.978336  0.81873  
0.942017  0.814695  
0.947859  0.780258  
0.967164  0.787599  
0.968561  0.792481  
0.940184  0.80861  
0.918168  0.797133  
0.854751  0.742982  
0.902495  0.740189  
0.945194  0.774347  
0.947859  0.780258  
0.918168  0.797133  
0.882689  0.798158  
0.859664  0.779739  
0.679966  0.770863  
0.682549  0.744261  
0.700767  0.72821  
0.834876  0.713666  
0.854751  0.742982  
0.859664  0.779739  
0.810386  0.852012  
0.807556  0.85337  
0.770483  0.863193  
0.76074  0.863298  
0.682977  0.793386  
0.550567  0.81288  
0.564669  0.800224  
0.679966  0.770863  
0.682977  0.793386  
0.632557  0.869026  
0.621983  0.876423  
0.673699  0.73936  
0.682549  0.744261  
0.679966  0.770863  
0.564669  0.800224  
0.553065  0.770079  
0.494753  0.715357  
0.507401  0.698419  
0.511575  0.694729  
0.61491  0.702123  
0.673699  0.73936  
0.553065  0.770079  
0.623281  0.569148  
0.644197  0.522843  
0.697445  0.561947  
0.724909  0.628148  
0.706991  0.665388  
0.641769  0.481658  
0.660492  0.446111  
0.686214  0.435236  
0.762457  0.541155  
0.753684  0.554017  
0.697445  0.561947  
0.644197  0.522843  
0.377445  0.659069  
0.373932  0.620156  
0.398322  0.613333  
0.507401  0.698419  
0.494753  0.715357  
0.493652  0.71638  
0.431608  0.734933  
0.429096  0.734382  
0.389863  0.688551  
0.377445  0.659069  
0.389863  0.688551  
0.30829  0.736138  
0.313113  0.696597  
0.211471  0.661269  
0.208307  0.652292  
0.210304  0.645481  
0.280428  0.637722  
0.313113  0.696597  
0.30829  0.736138  
0.297654  0.758978  
0.293902  0.760733  
0.0899335  0.642768  
0.100434  0.668887  
0.0962754  0.673576  
0.0469331  0.674804  
0.0114175  0.660864  
0.0117729  0.657299  
0.0131133  0.652447  
0.0288895  0.647056  
0.0425646  0.662642  
0.0436921  0.671687  
0.0152675  0.675231  
0.011753  0.670478  
0  0.657299  
0.0117729  0.657299  
0.0114175  0.660864  
0  0.660864  
0.997364  0.782458  
0.99788  0.782059  
1  0.782059  
1  0.811103  
0.983037  0.811103  
0.940981  0.825892  
0.942017  0.814695  
0.978336  0.81873  
0.964547  0.860957  
0.960867  0.863657  
0.89289  0.817246  
0.940981  0.825892  
0.960867  0.863657  
0.960597  0.863995  
0.917872  0.870545  
0.908025  0.861893  
0.882689  0.798158  
0.918168  0.797133  
0.940184  0.80861  
0.942017  0.814695  
0.940981  0.825892  
0.89289  0.817246  
0.859664  0.779739  
0.882689  0.798158  
0.89289  0.817246  
0.908025  0.861893  
0.853523  0.873986  
0.825132  0.860036  
0.810386  0.852012  
0.632557  0.869026  
0.682977  0.793386  
0.76074  0.863298  
0.747389  0.903106  
0.73502  0.918564  
0.709366  0.938269  
0.690074  0.930762  
0.550144  0.813019  
0.550567  0.81288  
0.621983  0.876423  
0.614476  0.884097  
0.538298  0.885537  
0.510539  0.801275  
0.550144  0.813019  
0.538298  0.885537  
0.521063  0.89239  
0.467345  0.866766  
0.466656  0.864224  
0.493652  0.71638  
0.494753  0.715357  
0.553065  0.770079  
0.564669  0.800224  
0.550567  0.81288  
0.550144  0.813019  
0.510539  0.801275  
0.606044  0.586212  
0.623281  0.569148  
0.706991  0.665388  
0.700767  0.72821  
0.682549  0.744261  
0.673699  0.73936  
0.61491  0.702123  
0.431608  0.734933  
0.493652  0.71638  
0.510539  0.801275  
0.466656  0.864224  
0.455911  0.853617  
0.43802  0.818762  
0.514113  0.598682  
0.606044  0.586212  
0.61491  0.702123  
0.511575  0.694729  
0.30829  0.736138  
0.389863  0.688551  
0.429096  0.734382  
0.365515  0.771472  
0.297654  0.758978  
0.211471  0.661269  
0.293902  0.760733  
0.26065  0.812998  
0.252006  0.81716  
0.193982  0.786599  
0.0962754  0.673576  
0.100434  0.668887  
0.142239  0.679909  
0.0867794  0.742424  
0.0824579  0.73973  
0.0728057  0.723347  
0.0464365  0.674947  
0.0469331  0.674804  
0.0962754  0.673576  
0.0728057  0.723347  
0.049939  0.710917  
0  0.660864  
0.0114175  0.660864  
0.011753  0.670478  
0  0.670478  
0.978336  0.81873  
0.981991  0.811254  
0.983037  0.811103  
1  0.811103  
1  0.860957  
0.964547  0.860957  
0.853523  0.873986  
0.908025  0.861893  
0.917872  0.870545  
0.903391  0.922313  
0.880114  0.935166  
0.825132  0.860036  
0.853523  0.873986  
0.880114  0.935166  
0.86746  0.951314  
0.858001  0.93566  
0.807556  0.85337  
0.810386  0.852012  
0.825132  0.860036  
0.858001  0.93566  
0.817657  0.876612  
0.770483  0.863193  
0.807556  0.85337  
0.817657  0.876612  
0.848488  0.982972  
0.845868  0.988437  
0.521714  0.903199  
0.521063  0.89239  
0.538298  0.885537  
0.614476  0.884097  
0.613013  0.909997  
0.592015  0.937945  
0.564728  0.953992  
0.450253  0.891559  
0.452565  0.886081  
0.467345  0.866766  
0.521063  0.89239  
0.521714  0.903199  
0.509462  0.945999  
0.452111  0.92242  
0.40999  0.925819  
0.409581  0.919033  
0.450253  0.891559  
0.452111  0.92242  
0.452273  0.9267  
0.451252  0.941406  
0.430851  0.954322  
0.413009  0.937577  
0.389341  0.918482  
0.409581  0.919033  
0.40999  0.925819  
0.398055  0.943714  
0.387144  0.933475  
0.357474  0.889498  
0.361651  0.883605  
0.452565  0.886081  
0.450253  0.891559  
0.409581  0.919033  
0.389341  0.918482  
0.367399  0.905363  
0.388989  0.851795  
0.455911  0.853617  
0.466656  0.864224  
0.467345  0.866766  
0.452565  0.886081  
0.361651  0.883605  
0.365532  0.868713  
0.385211  0.817323  
0.43802  0.818762  
0.455911  0.853617  
0.388989  0.851795  
0.365515  0.771472  
0.429096  0.734382  
0.431608  0.734933  
0.43802  0.818762  
0.385211  0.817323  
0.370728  0.806131  
0.163981  0.678619  
0.208307  0.652292  
0.211471  0.661269  
0.193982  0.786599  
0.180916  0.786747  
0.139297  0.75881  
0.142239  0.679909  
0.163981  0.678619  
0.139297  0.75881  
0.102218  0.759444  
0.0867794  0.742424  
0.0152675  0.675231  
0.0436921  0.671687  
0.0464365  0.674947  
0.049939  0.710917  
0.0274184  0.715044  
0.00983579  0.692877  
0  0.670478  
0.011753  0.670478  
0.0152675  0.675231  
0.00983579  0.692877  
0  0.692877  
0.960597  0.863995  
0.960867  0.863657  
0.964547  0.860957  
1  0.860957  
1  0.916728  
0.977486  0.916728  
0.917872  0.870545  
0.960597  0.863995  
0.977486  0.916728  
0.9711  0.925624  
0.917534  0.927794  
0.903391  0.922313  
0.817657  0.876612  
0.858001  0.93566  
0.86746  0.951314  
0.848488  0.982972  
0.747389  0.903106  
0.76074  0.863298  
0.770483  0.863193  
0.845868  0.988437  
0.843233  1  
0.820386  1  
0.634278  0.957737  
0.631034  0.943271  
0.673365  0.940999  
0.653437  0.975024  
0.642014  0.975399  
0.614476  0.884097  
0.621983  0.876423  
0.632557  0.869026  
0.690074  0.930762  
0.673365  0.940999  
0.631034  0.943271  
0.613013  0.909997  
0.452273  0.9267  
0.452111  0.92242  
0.509462  0.945999  
0.508466  0.949802  
0.40999  0.925819  
0.413009  0.937577  
0.404751  0.951457  
0.398584  0.95572  
0.398055  0.943714  
0.383221  0.942553  
0.387144  0.933475  
0.398055  0.943714  
0.398584  0.95572  
0.398063  0.956481  
0.367399  0.905363  
0.389341  0.918482  
0.387144  0.933475  
0.383221  0.942553  
0.359196  0.954627  
0.357738  0.954051  
0.331654  0.89755  
0.335848  0.893033  
0.357474  0.889498  
0.367399  0.905363  
0.357738  0.954051  
0.354825  0.954679  
0.323807  0.940459  
0.349716  0.83396  
0.370728  0.806131  
0.385211  0.817323  
0.388989  0.851795  
0.365532  0.868713  
0.282228  0.825654  
0.349716  0.83396  
0.365532  0.868713  
0.361651  0.883605  
0.357474  0.889498  
0.335848  0.893033  
0.293902  0.760733  
0.297654  0.758978  
0.365515  0.771472  
0.370728  0.806131  
0.349716  0.83396  
0.282228  0.825654  
0.26065  0.812998  
0.102218  0.759444  
0.139297  0.75881  
0.180916  0.786747  
0.158546  0.812618  
0.0852466  0.813872  
0.0189519  0.723813  
0.0274184  0.715044  
0.049939  0.710917  
0.0728057  0.723347  
0.0824579  0.73973  
0.0162987  0.778809  
0  0.692877  
0.00983579  0.692877  
0.0274184  0.715044  
0.0189519  0.723813  
0  0.723813  
0.9711  0.925624  
0.977486  0.916728  
1  0.916728  
1  0.961565  
0.971981  0.961565  
0.917534  0.927794  
0.9711  0.925624  
0.971981  0.961565  
0.959111  0.988026  
0.952842  0.994925  
0.73502  0.918564  
0.747389  0.903106  
0.820386  1  
0.803868  1  
0.764487  0.982177  
0.673365  0.940999  
0.690074  0.930762  
0.709366  0.938269  
0.707018  0.97876  
0.700984  0.988493  
0.653437  0.975024  
0.592015  0.937945  
0.613013  0.909997  
0.631034  0.943271  
0.634278  0.957737  
0.599053  0.969327  
0.508363  0.950467  
0.508466  0.949802  
0.509462  0.945999  
0.521714  0.903199  
0.564728  0.953992  
0.552117  0.992918  
0.54821  0.997343  
0.451252  0.941406  
0.452273  0.9267  
0.508466  0.949802  
0.508363  0.950467  
0.474099  0.971439  
0.413009  0.937577  
0.430851  0.954322  
0.430429  0.955003  
0.404751  0.951457  
0.359196  0.954627  
0.383221  0.942553  
0.398063  0.956481  
0.395472  0.975138  
0.382862  0.976836  
0.317016  0.94466  
0.323807  0.940459  
0.354825  0.954679  
0.340268  0.981631  
0.326898  0.98475  
0.289433  0.949704  
0.317016  0.94466  
0.326898  0.98475  
0.309228  1  
0.306184  1  
0.275057  0.907899  
0.331654  0.89755  
0.323807  0.940459  
0.317016  0.94466  
0.289433  0.949704  
0.276638  0.944653  
0.252006  0.81716  
0.26065  0.812998  
0.282228  0.825654  
0.335848  0.893033  
0.331654  0.89755  
0.275057  0.907899  
0.237216  0.860348  
0.158546  0.812618  
0.180916  0.786747  
0.193982  0.786599  
0.252006  0.81716  
0.237216  0.860348  
0.187144  0.903486  
0.138326  0.888485  
0.134628  0.88246  
0.0852466  0.813872  
0.158546  0.812618  
0.134628  0.88246  
0.068111  0.839603  
0.0162987  0.778809  
0.0824579  0.73973  
0.0867794  0.742424  
0.102218  0.759444  
0.0852466  0.813872  
0.068111  0.839603  
0.034582  0.845725  
0  0.830092  
0  0.803283  
0  0.723813  
0.0189519  0.723813  
0.0162987  0.778809  
0  0.803283  
0.971981  0.961565  
1  0.961565  
1  0.988026  
0.959111  0.988026  
0.86746  0.951314  
0.880114  0.935166  
0.903391  0.922313  
0.917534  0.927794  
0.952842  0.994925  
0.950351  1  
0.843233  1  
0.845868  0.988437  
0.848488  0.982972  
0.709366  0.938269  
0.73502  0.918564  
0.764487  0.982177  
0.707018  0.97876  
0.599053  0.969327  
0.634278  0.957737  
0.642014  0.975399  
0.62832  0.998314  
0.596672  0.981563  
0.564728  0.953992  
0.592015  0.937945  
0.599053  0.969327  
0.596672  0.981563  
0.552117  0.992918  
0.474099  0.971439  
0.508363  0.950467  
0.54821  0.997343  
0.547675  1  
0.471404  1  
0.469296  0.992221  
0.430429  0.955003  
0.430851  0.954322  
0.451252  0.941406  
0.474099  0.971439  
0.469296  0.992221  
0.430014  0.981274  
0.422444  0.97707  
0.398063  0.956481  
0.398584  0.95572  
0.404751  0.951457  
0.430429  0.955003  
0.422444  0.97707  
0.413216  0.979858  
0.39586  0.975329  
0.395472  0.975138  
0.354825  0.954679  
0.357738  0.954051  
0.359196  0.954627  
0.382862  0.976836  
0.368446  1  
0.359842  1  
0.340268  0.981631  
0.261497  0.954366  
0.276638  0.944653  
0.289433  0.949704  
0.306184  1  
0.268171  1  
0.249765  0.954901  
0.261497  0.954366  
0.268171  1  
0.228911  1  
0.224526  0.986571  
0.189151  0.912619  
0.249765  0.954901  
0.224526  0.986571  
0.195283  0.973708  
0.183838  0.963539  
0.180391  0.959937  
0.189151  0.912619  
0.187144  0.903486  
0.237216  0.860348  
0.275057  0.907899  
0.276638  0.944653  
0.261497  0.954366  
0.249765  0.954901  
0.128391  0.901381  
0.138326  0.888485  
0.187144  0.903486  
0.189151  0.912619  
0.180391  0.959937  
0.166432  0.970255  
0.138939  0.975387  
0.100673  0.963422  
0.0415092  0.919352  
0.128391  0.901381  
0.100673  0.963422  
0.0877654  0.970247  
0.0438679  0.950555  
0.0368386  0.946361  
0.034582  0.845725  
0.068111  0.839603  
0.134628  0.88246  
0.138326  0.888485  
0.128391  0.901381  
0.0415092  0.919352  
0  0.830092  
0.034582  0.845725  
0.0415092  0.919352  
0.0368386  0.946361  
0.0190459  0.953677  
0  0.953677  
0.959111  0.988026  
1  0.988026  
1  1  
0.950351  1  
0.952842  0.994925  
0.700984  0.988493  
0.707018  0.97876  
0.764487  0.982177  
0.803868  1  
0.700984  1  
0.642014  0.975399  
0.653437  0.975024  
0.700984  0.988493  
0.700984  1  
0.62832  1  
0.62832  0.998314  
0.552117  0.992918  
0.596672  0.981563  
0.62832  0.998314  
0.62832  1  
0.547675  1  
0.54821  0.997343  
0.430014  0.981274  
0.469296  0.992221  
0.471404  1  
0.430014  1  
0.413216  0.979858  
0.422444  0.97707  
0.430014  0.981274  
0.430014  1  
0.413216  1  
0.39586  0.975329  
0.413216  0.979858  
0.413216  1  
0.39586  1  
0.382862  0.976836  
0.395472  0.975138  
0.39586  0.975329  
0.39586  1  
0.368446  1  
0.326898  0.98475  
0.340268  0.981631  
0.359842  1  
0.309228  1  
0.195283  0.973708  
0.224526  0.986571  
0.228911  1  
0.195283  1  
0.183838  0.963539  
0.195283  0.973708  
0.195283  1  
0.183838  1  
0.166432  0.970255  
0.180391  0.959937  
0.183838  0.963539  
0.183838  1  
0.166432  1  
0.138939  0.975387  
0.166432  0.970255  
0.166432  1  
0.138939  1  
0.0877654  0.970247  
0.100673  0.963422  
0.138939  0.975387  
0.138939  1  
0.0877654  1  
0.0438679  0.950555  
0.0877654  0.970247  
0.0877654  1  
0.0438679  1  
0.0190459  0.953677  
0.0368386  0.946361  
0.0438679  0.950555  
0.0438679  1  
0.0190459  1  
0  0.953677  
0.0190459  0.953677  
0.0190459  1  
0  1  
# grid vertices 
677
Inf Inf 
0.724909 0.628148 
0.292842 0.481029 
0.39586 0.975329 
1.00352 0.317199 
0.187109 0.250196 
1.04202 0.689119 
0.242214 0.156867 
0.27841 0.0623783 
0.527543 0.431853 
0.483924 0.138062 
0.261497 0.954366 
0.508819 0.527998 
0.398584 0.95572 
0.442581 0.428593 
0.398055 0.943714 
0.340268 0.981631 
0.382862 0.976836 
0.822756 0.529712 
0.505182 0.267897 
0.853523 0.873986 
0.642014 0.975399 
0.984009 0.749216 
0.770483 0.863193 
0.74549 0.159278 
0.832729 0.301696 
0.529064 0.315174 
0.956399 0.733108 
0.607853 0.329595 
0.920794 0.134948 
0.341459 0.0324109 
0.122559 0.145219 
0.143738 0.0877357 
0.522235 0.0440916 
0.437495 0.412746 
0.395098 0.0965307 
0.573442 0.180224 
0.538142 0.113555 
0.638356 0.0867528 
0.433381 0.110105 
0.661656 0.232434 
0.363779 0.275107 
0.639245 0.102006 
0.474099 0.971439 
0.0162987 0.778809 
0.0246906 0.614235 
0.125892 0.244321 
0.33079 0.50758 
0.26058 0.201318 
0.425674 0.488488 
0.276638 0.944653 
0.387144 0.933475 
0.211471 0.661269 
0.0436921 0.671687 
0.179911 0.525204 
0.0288895 0.647056 
0.0963779 0.343775 
0.210304 0.645481 
0.507417 0.590494 
0.0962754 0.673576 
0.0629099 0.637167 
0.034582 0.845725 
0.0899335 0.642768 
0.208307 0.652292 
0.365481 0.614493 
0.279998 1.08086 
0.180916 0.786747 
0.323807 0.940459 
0.359196 0.954627 
0.349716 0.83396 
0.634278 0.957737 
0.270045 0.485904 
0.437456 0.588146 
0.521714 0.903199 
0.357474 0.889498 
0.43802 0.818762 
0.426826 0.539277 
0.514113 0.598682 
0.373932 0.620156 
0.553065 0.770079 
0.644197 0.522843 
0.682977 0.793386 
0.73502 0.918564 
0.854751 0.742982 
0.510539 0.801275 
0.538298 0.885537 
0.631034 0.943271 
0.673365 0.940999 
0.469296 0.992221 
0.86746 0.951314 
0.880114 0.935166 
0.707018 0.97876 
0.917872 0.870545 
0.700984 0.988493 
0.97054 0.780738 
0.917534 0.927794 
1.01355 0.681807 
0.902495 0.740189 
0.948875 0.727089 
0.968561 0.792481 
0.902227 0.435897 
0.958985 0.736149 
0.957512 0.691318 
0.971823 0.741992 
0.879434 0.294336 
0.660492 0.446111 
0.940509 0.39369 
0.857131 0.654027 
0.934509 0.147806 
1.10811 0.304445 
0.604061 0.142726 
0.545924 0.386856 
0.623281 0.569148 
0.834876 0.713666 
0.875643 0.282445 
0.735347 0.400382 
0.697445 0.561947 
0.762457 0.541155 
0.533945 0.125311 
0.534414 0.0543408 
0.595174 0.102779 
0.663589 0.234491 
0.73974 0.137078 
0.920324 0.125001 
0.929087 0.247926 
0.94505 0.307627 
0.935244 0.255721 
0.991104 0.406404 
0.968004 0.240561 
0.983037 0.811103 
0.0621056 0.0355524 
0.10678 0.255179 
0.0175955 0.121425 
0.127596 0.0688119 
0.033835 0.179663 
0.0444445 0.197513 
0.0892284 0.247616 
0.21682 0.371648 
0.0884423 0.306965 
0.193789 0.262552 
0.329112 0.345344 
0.214833 0.487505 
0.317729 0.343963 
0.0203214 0.119495 
0.0611611 0.0361726 
0.14144 0.0303541 
0.176698 0.00010714 
0.393485 0.08606 
0.182216 0.0838091 
0.220704 0.0507917 
0.250426 0.0358139 
0.416902 -0.0406384 
0.260831 -0.00927177 
0.313074 0.0786691 
0.339641 0.0209491 
0.37291 0.0394929 
0.406779 -0.101344 
0.423591 -0.0236838 
0.489595 0.139027 
0.448148 0.0148091 
0.477041 0.0431779 
0.616712 0.0237976 
0.65022 0.0605282 
0.394976 0.112452 
0.49487 0.266454 
0.62923 0.279659 
0.641769 0.481658 
0.650529 0.272419 
0.542303 0.248277 
0.287235 0.200763 
0.424401 0.263882 
0.347183 0.124249 
0.44859 0.273309 
0.447893 0.398138 
0.344078 0.398207 
0.422501 0.217974 
0.385884 0.119208 
0.0910992 0.383115 
0.104832 0.526887 
0.208247 0.392883 
0.211685 0.477485 
0.398322 0.613333 
0.350436 0.545326 
0.526342 0.501755 
0.435973 0.50675 
0.536366 0.379268 
0.470285 0.444065 
0.615406 0.404856 
0.541233 0.494448 
0.300519 0.626001 
0.30829 0.736138 
0.377445 0.659069 
0.297654 0.758978 
0.389863 0.688551 
0.511575 0.694729 
0.102218 0.759444 
0.0880978 0.633657 
0.0717734 0.580713 
0.100434 0.668887 
0.201201 0.623082 
0.280428 0.637722 
0.313113 0.696597 
0.0314678 0.466826 
0.0189519 0.723813 
0.049939 0.710917 
0.0728057 0.723347 
0.0464365 0.674947 
0.0300024 0.638655 
-0.258147 0.434478 
0.0394245 0.592013 
-0.148911 0.45217 
0.0425646 0.662642 
0.0152675 0.675231 
0.0469331 0.674804 
0.0811047 0.623611 
0.0411274 0.590613 
0.00381186 0.62331 
0.0131133 0.652447 
0.00937806 0.6489 
0.0117729 0.657299 
0.0114175 0.660864 
0.011753 0.670478 
0.00983579 0.692877 
0.0274184 0.715044 
0.0867794 0.742424 
0.0852466 0.813872 
0.068111 0.839603 
0.0824579 0.73973 
0.142239 0.679909 
0.139297 0.75881 
0.26065 0.812998 
0.0415092 0.919352 
0.163981 0.678619 
0.193982 0.786599 
0.252006 0.81716 
0.335848 0.893033 
0.237216 0.860348 
0.282228 0.825654 
0.293902 0.760733 
-0.0137222 0.823888 
0.187144 0.903486 
0.0368386 0.946361 
0.138326 0.888485 
0.0438679 0.950555 
0.158546 0.812618 
0.134628 0.88246 
0.100673 0.963422 
0.128391 0.901381 
0.180391 0.959937 
0.0190459 0.953677 
0.0877654 0.970247 
0.138939 0.975387 
0.166432 0.970255 
0.183838 0.963539 
0.195283 0.973708 
0.249765 0.954901 
0.224526 0.986571 
0.326898 0.98475 
0.271747 1.13118 
0.306863 1.00204 
0.275057 0.907899 
0.189151 0.912619 
0.289433 0.949704 
0.331654 0.89755 
0.317016 0.94466 
0.357738 0.954051 
0.354825 0.954679 
0.398063 0.956481 
0.365532 0.868713 
0.383221 0.942553 
0.455911 0.853617 
0.451252 0.941406 
0.413216 0.979858 
0.509462 0.945999 
0.365274 1.0051 
0.395472 0.975138 
0.422444 0.97707 
0.430851 0.954322 
0.430014 0.981274 
0.404751 0.951457 
0.564728 0.953992 
0.51517 1.16152 
0.54821 0.997343 
0.430429 0.955003 
0.413009 0.937577 
0.40999 0.925819 
0.367399 0.905363 
0.508363 0.950467 
0.365515 0.771472 
0.552117 0.992918 
0.613013 0.909997 
0.452111 0.92242 
0.450253 0.891559 
0.521063 0.89239 
0.493652 0.71638 
0.564669 0.800224 
0.621983 0.876423 
0.452565 0.886081 
0.389341 0.918482 
0.361651 0.883605 
0.409581 0.919033 
0.388989 0.851795 
0.467345 0.866766 
0.508466 0.949802 
0.452273 0.9267 
0.370728 0.806131 
0.507401 0.698419 
0.385211 0.817323 
0.429096 0.734382 
0.466656 0.864224 
0.431608 0.734933 
0.61491 0.702123 
0.550144 0.813019 
0.494753 0.715357 
0.682549 0.744261 
0.673699 0.73936 
0.550567 0.81288 
0.679966 0.770863 
0.632557 0.869026 
0.78462 0.445485 
0.8251 0.510399 
0.876255 0.341022 
0.861522 0.433276 
0.851094 0.441242 
0.844177 0.612684 
0.866725 0.47557 
0.901259 0.448089 
0.855853 0.4946 
0.90184 0.435353 
0.927238 0.49198 
0.962233 0.433774 
0.92818 0.498637 
0.932703 0.640562 
0.945194 0.774347 
0.882689 0.798158 
0.947859 0.780258 
0.903391 0.922313 
0.606044 0.586212 
0.706991 0.665388 
0.700767 0.72821 
0.921251 0.511027 
0.763616 0.606012 
0.753684 0.554017 
0.847277 0.597294 
0.834875 0.555502 
0.614476 0.884097 
0.690074 0.930762 
0.747389 0.903106 
0.653437 0.975024 
0.838982 1.01865 
0.828932 1.01134 
0.599053 0.969327 
0.592015 0.937945 
0.62832 0.998314 
0.596672 0.981563 
0.959111 0.988026 
0.709366 0.938269 
0.764487 0.982177 
0.76074 0.863298 
0.845868 0.988437 
0.807556 0.85337 
0.848488 0.982972 
0.817657 0.876612 
0.858001 0.93566 
0.810386 0.852012 
0.825132 0.860036 
0.859664 0.779739 
0.89289 0.817246 
0.908025 0.861893 
0.978336 0.81873 
0.960867 0.863657 
0.964547 0.860957 
0.918168 0.797133 
0.967164 0.787599 
0.942017 0.814695 
0.940184 0.80861 
0.989252 0.754153 
0.977486 0.916728 
0.996019 0.773988 
0.971981 0.961565 
0.940981 0.825892 
0.981991 0.811254 
0.992824 0.761831 
0.9711 0.925624 
0.952842 0.994925 
0.870584 1.16253 
0.989339 0.769131 
0.99788 0.782059 
0.997364 0.782458 
0.960597 0.863995 
1.06671 0.693242 
1.09023 0.694645 
1.05801 0.582472 
1.10417 0.695113 
0.930631 0.554471 
0.987308 0.614216 
0.920752 0.650082 
0.97205 0.633883 
0.947029 0.577115 
0.933401 0.433301 
0.980072 0.775844 
0.966011 0.741391 
0.9508 0.40895 
0.875521 0.38311 
0.949846 0.461452 
0.937096 0.435045 
1.01033 0.477579 
0.921251 0.511127 
0.997797 0.470983 
0.944779 0.562035 
0.985232 0.496176 
0.956944 0.459969 
0.975984 0.554073 
0.962808 0.435262 
1.11846 0.450445 
0.938183 0.384282 
0.966608 0.291202 
0.969193 0.369875 
0.975479 0.414301 
1.1485 0.302391 
0.968777 0.222879 
0.935797 0.25577 
0.9685 0.302671 
0.970171 0.247222 
0.969575 0.228163 
0.757974 0.29637 
0.922757 0.274165 
0.854167 0.229803 
0.92678 0.23137 
0.903127 0.224299 
0.929844 0.229341 
0.866457 0.340371 
0.942845 0.306028 
0.881777 0.347228 
0.896981 0.408564 
0.924185 0.338682 
0.948757 0.371206 
0.929335 0.386065 
0.921376 0.432647 
0.881619 0.347231 
0.739786 0.375256 
0.847504 0.39703 
0.738723 0.402225 
0.823368 0.314431 
0.868271 0.277264 
0.735799 0.353503 
0.686214 0.435236 
0.802449 0.347786 
0.734293 0.215125 
0.798013 0.275992 
0.835293 0.290054 
0.801062 0.274308 
0.898264 0.269649 
0.584839 0.178912 
0.667879 0.231853 
0.748523 0.170461 
0.801213 0.274313 
0.730055 0.21901 
0.812945 0.193501 
0.746361 0.243435 
0.802486 0.226843 
0.804317 0.194423 
0.904059 0.254975 
0.819124 0.203615 
0.837 0.0129347 
0.854226 0.237449 
0.900565 0.22618 
0.732782 0.154301 
0.78265 0.15494 
0.749731 0.18321 
0.771488 0.151592 
0.7632 0.179228 
0.774737 0.162712 
0.65353 0.14673 
0.703505 0.21255 
0.659842 0.147084 
0.68427 0.151771 
0.700442 0.18025 
0.712379 0.0816163 
0.737571 0.152235 
0.806941 0.153054 
0.654688 0.145585 
0.608809 0.182708 
0.694276 0.03629 
0.698298 0.132455 
0.680608 0.0602352 
0.752358 -0.00146048 
0.818904 0.0161692 
0.712505 0.10235 
0.800755 0.0271452 
0.756105 0.13224 
0.780448 0.0454773 
0.811162 0.0225755 
0.913477 0.107799 
0.881896 0.0334632 
0.779063 0.0712065 
0.912445 0.0690696 
0.856188 0.0488049 
0.787232 0.0790845 
0.92017 0.132692 
0.790023 0.0852624 
0.884934 0.0426045 
0.802498 0.100956 
0.8461 0.21601 
0.812067 0.160504 
0.981598 0.0474117 
0.92088 0.135079 
1.00307 0.0993489 
0.979665 0.182301 
0.933133 0.0511149 
0.957312 0.0402015 
0.961875 0.0392453 
0.983096 0.0144912 
3.08222 0.0144912 
0.983096 -2.08463 
0.957312 -2.02251 
0.933133 -1.98688 
0.881896 -1.98366 
0.837 -1.99356 
0.818904 -1.97752 
0.800755 -1.94747 
0.752358 -1.97705 
0.694276 -1.88069 
0.616712 -1.88071 
0.522235 -1.82657 
0.406779 -2.12408 
0.260831 -1.98612 
0.176698 -2.00944 
0.14144 -1.97473 
0.0621056 -2.01699 
3.0567 0.0474117 
-1.99158 0.0361726 
3.06041 0.0993489 
-2.00983 0.121425 
2.96921 0.182301 
-1.946 0.179663 
3.24066 0.302391 
-1.9166 0.197513 
3.15312 0.450445 
-1.8071 0.247616 
3.0363 0.582472 
-2.43333 0.434478 
3.15328 0.695113 
-1.84447 0.592013 
2.9651 0.761831 
-1.92168 0.62331 
2.97689 0.773988 
-1.91755 0.6489 
2.98432 0.782059 
-1.91538 0.657299 
2.9718 0.811103 
-1.91718 0.660864 
2.96706 0.860957 
-1.91961 0.670478 
3.02546 0.916728 
-1.93112 0.692877 
3.04635 0.961565 
-1.92583 0.723813 
3.04336 0.988026 
-2.03524 0.823888 
0.870584 3.33588 
0.700984 2.93093 
0.62832 2.9271 
0.51517 3.23743 
0.430014 2.88182 
0.413216 2.88171 
0.39586 2.87615 
0.365274 2.94207 
0.271747 3.21657 
0.195283 2.95117 
0.183838 2.93885 
0.166432 2.96102 
0.138939 2.98656 
0.0877654 3.00982 
0.0438679 3.00591 
0.0190459 3.02906 
-2.05633 0.953677 
1 0 
0.983096 0 
1 0.0144912 
0.957312 0 
0.933133 0 
0.881896 0 
0.837 0 
0.818904 0 
0.800755 0 
0.753232 0 
0.750111 0 
0.694276 0 
0.616712 0 
0.522235 0 
0.4387 0 
0.351142 0 
0.28501 0 
0.258691 0 
0.176698 0 
0.14144 0 
0.0621056 0 
0 0 
0 0.0361726 
1 0.0474117 
1 0.100302 
1 0.0919141 
0.417094 0 
0.394592 0 
0 0.121425 
1 0.0919141 
0 0.179663 
1 0.182301 
0 0.197513 
1 0.240785 
1 0.240785 
1 0.259597 
1 0.315739 
1 0.322602 
0 0.247616 
1 0.409481 
1 0.409481 
1 0.472143 
0 0.339504 
0 0.464269 
1 0.485232 
1 0.562388 
0 0.560652 
0 0.592013 
1 0.608518 
1 0.666163 
1 0.684106 
0 0.62331 
1 0.748632 
1 0.761831 
1 0.741001 
1 0.727516 
1 0.710708 
0 0.6489 
1 0.773988 
0 0.657299 
1 0.782059 
0 0.660864 
1 0.811103 
0 0.670478 
1 0.860957 
0 0.692877 
1 0.916728 
0.820386 1 
0.843233 1 
0 0.723813 
1 0.961565 
0.803868 1 
0.306184 1 
0.309228 1 
0 0.803283 
0 0.830092 
1 0.988026 
0.950351 1 
0.471404 1 
0.547675 1 
0.359842 1 
0.368446 1 
0.268171 1 
0.228911 1 
-1.73472e-18 0.830092 
0 1 
0.0190459 1 
1 1 
0.700984 1 
0.62832 1 
0.430014 1 
0.413216 1 
0.39586 1 
0.195283 1 
0.183838 1 
0.166432 1 
0.138939 1 
0.0877654 1 
0.0438679 1 
0 0.953677 
