# Date: 8/4/2013   Time: 10:18
# dimensions 
1 1 
# connectivity 
4
4 1 2 3 4 1 1 
4 5 6 7 8 1 1 
4 9 10 11 12 1 1 
4 13 14 15 16 1 1 
# DG vertices (counter-clockwise) 
16
 1 0 
 1 0.792541 
 0.657197 0.463981 
 0.708332 0 
 1 0.792541 
 1 1 
 0.448179 1 
 0.657197 0.463981 
 0.708332 0 
 0.657197 0.463981 
 0 0.635783 
 0 0 
 0.657197 0.463981 
 0.448179 1 
 0 1 
 0 0.635783 
# grid vertices (counter-clockwise) 
9
1 0 
1 0.792541 
1 1 
0.708332 0 
0.657197 0.463981 
0.448179 1 
0 0 
0 0.635783 
0 1 
