polygon
1024
4 1 0 1 0.00985916 0.972685 0.0177914 0.974803 0  0 0 
4 1 0.00985916 1 0.0183983 0.966424 0.0279115 0.972685 0.0177914  0 0 
4 1 0.0183983 1 0.0372162 0.973199 0.0470045 0.966424 0.0279115  0 0 
4 1 0.0372162 1 0.0521409 0.960025 0.0633643 0.973199 0.0470045  0 0 
4 1 0.0521409 1 0.0621973 0.980663 0.0613092 0.960025 0.0633643  0 0 
4 1 0.0621973 1 0.0684303 0.981714 0.0711671 0.980663 0.0613092  0 0 
4 1 0.0684303 1 0.0730315 0.97008 0.0772538 0.981714 0.0711671  0 0 
4 1 0.0730315 1 0.0784773 0.973019 0.0863287 0.97008 0.0772538  0 0 
4 1 0.0784773 1 0.144595 0.97476 0.140386 0.973019 0.0863287  0 0 
4 1 0.144595 1 0.185181 0.979893 0.166291 0.97476 0.140386  0 0 
4 1 0.185181 1 0.214621 0.969752 0.18552 0.979893 0.166291  0 0 
4 1 0.214621 1 0.22917 0.979511 0.218374 0.969752 0.18552  0 0 
4 1 0.22917 1 0.245039 0.988441 0.241406 0.979511 0.218374  0 0 
4 1 0.245039 1 0.260011 0.990935 0.272019 0.988441 0.241406  0 0 
4 1 0.260011 1 0.283841 0.985636 0.292006 0.990935 0.272019  0 0 
4 1 0.283841 1 0.293312 0.978859 0.313191 0.985636 0.292006  0 0 
4 1 0.293312 1 0.309886 0.983484 0.321486 0.978859 0.313191  0 0 
4 1 0.309886 1 0.342057 0.956651 0.381209 0.983484 0.321486  0 0 
4 1 0.342057 1 0.434384 0.961541 0.416945 0.956651 0.381209  0 0 
4 1 0.434384 1 0.474485 0.941728 0.49926 0.961541 0.416945  0 0 
4 1 0.474485 1 0.503326 0.946821 0.526944 0.941728 0.49926  0 0 
4 1 0.503326 1 0.521247 0.953458 0.54335 0.946821 0.526944  0 0 
4 1 0.521247 1 0.531312 0.984348 0.539191 0.953458 0.54335  0 0 
4 1 0.531312 1 0.540554 0.983662 0.551587 0.984348 0.539191  0 0 
4 1 0.540554 1 0.564657 0.961049 0.615883 0.983662 0.551587  0 0 
4 1 0.564657 1 0.629445 0.955926 0.679833 0.961049 0.615883  0 0 
4 1 0.629445 1 0.715067 0.928268 0.794207 0.955926 0.679833  0 0 
4 1 0.715067 1 0.842209 0.959027 0.842872 0.928268 0.794207  0 0 
4 1 0.842209 1 0.858521 0.948524 0.866091 0.959027 0.842872  0 0 
4 1 0.858521 1 0.891969 0.970225 0.902757 0.948524 0.866091  0 0 
4 1 0.891969 1 0.940466 0.958195 0.933732 0.970225 0.902757  0 0 
4 1 0.940466 1 1 0.937507 1 0.958195 0.933732  0 0 
4 0.974803 0 0.972685 0.0177914 0.945361 0.0185036 0.941076 0  0 0 
4 0.972685 0.0177914 0.966424 0.0279115 0.948702 0.0329325 0.945361 0.0185036  0 0 
4 0.966424 0.0279115 0.973199 0.0470045 0.943482 0.0496993 0.948702 0.0329325  0 0 
4 0.973199 0.0470045 0.960025 0.0633643 0.937236 0.0697627 0.943482 0.0496993  0 0 
4 0.960025 0.0633643 0.980663 0.0613092 0.950143 0.0727061 0.937236 0.0697627  0 0 
4 0.980663 0.0613092 0.981714 0.0711671 0.958578 0.0746296 0.950143 0.0727061  0 0 
4 0.981714 0.0711671 0.97008 0.0772538 0.956556 0.081338 0.958578 0.0746296  0 0 
4 0.97008 0.0772538 0.973019 0.0863287 0.953325 0.0920596 0.956556 0.081338  0 0 
4 0.973019 0.0863287 0.97476 0.140386 0.949519 0.103767 0.953325 0.0920596  0 0 
4 0.97476 0.140386 0.979893 0.166291 0.941055 0.129804 0.949519 0.103767  0 0 
4 0.979893 0.166291 0.969752 0.18552 0.954184 0.173428 0.941055 0.129804  0 0 
4 0.969752 0.18552 0.979511 0.218374 0.965486 0.210984 0.954184 0.173428  0 0 
4 0.979511 0.218374 0.988441 0.241406 0.97561 0.264169 0.965486 0.210984  0 0 
4 0.988441 0.241406 0.990935 0.272019 0.97989 0.28665 0.97561 0.264169  0 0 
4 0.990935 0.272019 0.985636 0.292006 0.976132 0.301198 0.97989 0.28665  0 0 
4 0.985636 0.292006 0.978859 0.313191 0.971166 0.320424 0.976132 0.301198  0 0 
4 0.978859 0.313191 0.983484 0.321486 0.949802 0.359876 0.971166 0.320424  0 0 
4 0.983484 0.321486 0.956651 0.381209 0.920635 0.41374 0.949802 0.359876  0 0 
4 0.956651 0.381209 0.961541 0.416945 0.911029 0.463588 0.920635 0.41374  0 0 
4 0.961541 0.416945 0.941728 0.49926 0.900802 0.516661 0.911029 0.463588  0 0 
4 0.941728 0.49926 0.946821 0.526944 0.918641 0.536015 0.900802 0.516661  0 0 
4 0.946821 0.526944 0.953458 0.54335 0.933944 0.552616 0.918641 0.536015  0 0 
4 0.953458 0.54335 0.984348 0.539191 0.951151 0.558244 0.933944 0.552616  0 0 
4 0.984348 0.539191 0.983662 0.551587 0.966412 0.563236 0.951151 0.558244  0 0 
4 0.983662 0.551587 0.961049 0.615883 0.947318 0.614167 0.966412 0.563236  0 0 
4 0.961049 0.615883 0.955926 0.679833 0.897775 0.746315 0.947318 0.614167  0 0 
4 0.955926 0.679833 0.928268 0.794207 0.89976 0.805345 0.897775 0.746315  0 0 
4 0.928268 0.794207 0.959027 0.842872 0.901054 0.843811 0.89976 0.805345  0 0 
4 0.959027 0.842872 0.948524 0.866091 0.918525 0.891075 0.901054 0.843811  0 0 
4 0.948524 0.866091 0.970225 0.902757 0.928439 0.917895 0.918525 0.891075  0 0 
4 0.970225 0.902757 0.958195 0.933732 0.923434 0.95175 0.928439 0.917895  0 0 
4 0.958195 0.933732 0.937507 1 0.916301 1 0.923434 0.95175  0 0 
4 0.941076 0 0.945361 0.0185036 0.930269 0.0144259 0.925886 0  0 0 
4 0.945361 0.0185036 0.948702 0.0329325 0.929122 0.0397638 0.930269 0.0144259  0 0 
4 0.948702 0.0329325 0.943482 0.0496993 0.923594 0.0649309 0.929122 0.0397638  0 0 
4 0.943482 0.0496993 0.937236 0.0697627 0.926126 0.072882 0.923594 0.0649309  0 0 
4 0.937236 0.0697627 0.950143 0.0727061 0.925954 0.0828114 0.926126 0.072882  0 0 
4 0.950143 0.0727061 0.958578 0.0746296 0.935558 0.083981 0.925954 0.0828114  0 0 
4 0.958578 0.0746296 0.956556 0.081338 0.918349 0.0951523 0.935558 0.083981  0 0 
4 0.956556 0.081338 0.953325 0.0920596 0.927763 0.0994983 0.918349 0.0951523  0 0 
4 0.953325 0.0920596 0.949519 0.103767 0.919585 0.114937 0.927763 0.0994983  0 0 
4 0.949519 0.103767 0.941055 0.129804 0.932126 0.133058 0.919585 0.114937  0 0 
4 0.941055 0.129804 0.954184 0.173428 0.930548 0.166176 0.932126 0.133058  0 0 
4 0.954184 0.173428 0.965486 0.210984 0.946535 0.200998 0.930548 0.166176  0 0 
4 0.965486 0.210984 0.97561 0.264169 0.948487 0.244868 0.946535 0.200998  0 0 
4 0.97561 0.264169 0.97989 0.28665 0.951773 0.300298 0.948487 0.244868  0 0 
4 0.97989 0.28665 0.976132 0.301198 0.952257 0.31135 0.951773 0.300298  0 0 
4 0.976132 0.301198 0.971166 0.320424 0.94789 0.342311 0.952257 0.31135  0 0 
4 0.971166 0.320424 0.949802 0.359876 0.909386 0.415019 0.94789 0.342311  0 0 
4 0.949802 0.359876 0.920635 0.41374 0.906312 0.431636 0.909386 0.415019  0 0 
4 0.920635 0.41374 0.911029 0.463588 0.891944 0.474565 0.906312 0.431636  0 0 
4 0.911029 0.463588 0.900802 0.516661 0.87813 0.526301 0.891944 0.474565  0 0 
4 0.900802 0.516661 0.918641 0.536015 0.895929 0.541674 0.87813 0.526301  0 0 
4 0.918641 0.536015 0.933944 0.552616 0.897122 0.557689 0.895929 0.541674  0 0 
4 0.933944 0.552616 0.951151 0.558244 0.906094 0.573932 0.897122 0.557689  0 0 
4 0.951151 0.558244 0.966412 0.563236 0.942123 0.579639 0.906094 0.573932  0 0 
4 0.966412 0.563236 0.947318 0.614167 0.909071 0.67203 0.942123 0.579639  0 0 
4 0.947318 0.614167 0.897775 0.746315 0.882545 0.721167 0.909071 0.67203  0 0 
4 0.897775 0.746315 0.89976 0.805345 0.883762 0.779723 0.882545 0.721167  0 0 
4 0.89976 0.805345 0.901054 0.843811 0.841512 0.844774 0.883762 0.779723  0 0 
4 0.901054 0.843811 0.918525 0.891075 0.874573 0.882324 0.841512 0.844774  0 0 
4 0.918525 0.891075 0.928439 0.917895 0.897742 0.931727 0.874573 0.882324  0 0 
4 0.928439 0.917895 0.923434 0.95175 0.894499 0.950412 0.897742 0.931727  0 0 
4 0.923434 0.95175 0.916301 1 0.901099 1 0.894499 0.950412  0 0 
4 0.925886 0 0.930269 0.0144259 0.916392 0.0236739 0.920806 0  0 0 
4 0.930269 0.0144259 0.929122 0.0397638 0.912296 0.0456342 0.916392 0.0236739  0 0 
4 0.929122 0.0397638 0.923594 0.0649309 0.908689 0.0649756 0.912296 0.0456342  0 0 
4 0.923594 0.0649309 0.926126 0.072882 0.90617 0.078485 0.908689 0.0649756  0 0 
4 0.926126 0.072882 0.925954 0.0828114 0.901699 0.0918432 0.90617 0.078485  0 0 
4 0.925954 0.0828114 0.935558 0.083981 0.899418 0.0986616 0.901699 0.0918432  0 0 
4 0.935558 0.083981 0.918349 0.0951523 0.897466 0.104494 0.899418 0.0986616  0 0 
4 0.918349 0.0951523 0.927763 0.0994983 0.896049 0.108727 0.897466 0.104494  0 0 
4 0.927763 0.0994983 0.919585 0.114937 0.90507 0.128998 0.896049 0.108727  0 0 
4 0.919585 0.114937 0.932126 0.133058 0.910401 0.140976 0.90507 0.128998  0 0 
4 0.932126 0.133058 0.930548 0.166176 0.926022 0.176078 0.910401 0.140976  0 0 
4 0.930548 0.166176 0.946535 0.200998 0.934226 0.194512 0.926022 0.176078  0 0 
4 0.946535 0.200998 0.948487 0.244868 0.928788 0.243823 0.934226 0.194512  0 0 
4 0.948487 0.244868 0.951773 0.300298 0.920909 0.315279 0.928788 0.243823  0 0 
4 0.951773 0.300298 0.952257 0.31135 0.918161 0.340196 0.920909 0.315279  0 0 
4 0.952257 0.31135 0.94789 0.342311 0.914462 0.373742 0.918161 0.340196  0 0 
4 0.94789 0.342311 0.909386 0.415019 0.895061 0.428783 0.914462 0.373742  0 0 
4 0.909386 0.415019 0.906312 0.431636 0.884408 0.459006 0.895061 0.428783  0 0 
4 0.906312 0.431636 0.891944 0.474565 0.872447 0.492937 0.884408 0.459006  0 0 
4 0.891944 0.474565 0.87813 0.526301 0.857612 0.535024 0.872447 0.492937  0 0 
4 0.87813 0.526301 0.895929 0.541674 0.862093 0.544663 0.857612 0.535024  0 0 
4 0.895929 0.541674 0.897122 0.557689 0.869893 0.561441 0.862093 0.544663  0 0 
4 0.897122 0.557689 0.906094 0.573932 0.877691 0.578212 0.869893 0.561441  0 0 
4 0.906094 0.573932 0.942123 0.579639 0.893592 0.612413 0.877691 0.578212  0 0 
4 0.942123 0.579639 0.909071 0.67203 0.88094 0.649797 0.893592 0.612413  0 0 
4 0.909071 0.67203 0.882545 0.721167 0.866021 0.693882 0.88094 0.649797  0 0 
4 0.882545 0.721167 0.883762 0.779723 0.835757 0.783309 0.866021 0.693882  0 0 
4 0.883762 0.779723 0.841512 0.844774 0.81481 0.845206 0.835757 0.783309  0 0 
4 0.841512 0.844774 0.874573 0.882324 0.836394 0.898698 0.81481 0.845206  0 0 
4 0.874573 0.882324 0.897742 0.931727 0.857109 0.950037 0.836394 0.898698  0 0 
4 0.897742 0.931727 0.894499 0.950412 0.866746 0.973922 0.857109 0.950037  0 0 
4 0.894499 0.950412 0.901099 1 0.877269 1 0.866746 0.973922  0 0 
4 0.920806 0 0.916392 0.0236739 0.857981 0.0227952 0.864347 0  0 0 
4 0.916392 0.0236739 0.912296 0.0456342 0.860099 0.0417481 0.857981 0.0227952  0 0 
4 0.912296 0.0456342 0.908689 0.0649756 0.884453 0.0591265 0.860099 0.0417481  0 0 
4 0.908689 0.0649756 0.90617 0.078485 0.872344 0.0796454 0.884453 0.0591265  0 0 
4 0.90617 0.078485 0.901699 0.0918432 0.881041 0.0952296 0.872344 0.0796454  0 0 
4 0.901699 0.0918432 0.899418 0.0986616 0.8743 0.104193 0.881041 0.0952296  0 0 
4 0.899418 0.0986616 0.897466 0.104494 0.831151 0.120694 0.8743 0.104193  0 0 
4 0.897466 0.104494 0.896049 0.108727 0.855353 0.120569 0.831151 0.120694  0 0 
4 0.896049 0.108727 0.90507 0.128998 0.867604 0.155614 0.855353 0.120569  0 0 
4 0.90507 0.128998 0.910401 0.140976 0.895132 0.166412 0.867604 0.155614  0 0 
4 0.910401 0.140976 0.926022 0.176078 0.896092 0.208071 0.895132 0.166412  0 0 
4 0.926022 0.176078 0.934226 0.194512 0.90989 0.221004 0.896092 0.208071  0 0 
4 0.934226 0.194512 0.928788 0.243823 0.900089 0.296501 0.90989 0.221004  0 0 
4 0.928788 0.243823 0.920909 0.315279 0.907074 0.317645 0.900089 0.296501  0 0 
4 0.920909 0.315279 0.918161 0.340196 0.906867 0.342449 0.907074 0.317645  0 0 
4 0.918161 0.340196 0.914462 0.373742 0.908855 0.379015 0.906867 0.342449  0 0 
4 0.914462 0.373742 0.895061 0.428783 0.883969 0.42775 0.908855 0.379015  0 0 
4 0.895061 0.428783 0.884408 0.459006 0.858508 0.486846 0.883969 0.42775  0 0 
4 0.884408 0.459006 0.872447 0.492937 0.830409 0.539408 0.858508 0.486846  0 0 
4 0.872447 0.492937 0.857612 0.535024 0.836253 0.551576 0.830409 0.539408  0 0 
4 0.857612 0.535024 0.862093 0.544663 0.816191 0.581987 0.836253 0.551576  0 0 
4 0.862093 0.544663 0.869893 0.561441 0.791419 0.629704 0.816191 0.581987  0 0 
4 0.869893 0.561441 0.877691 0.578212 0.802084 0.640445 0.791419 0.629704  0 0 
4 0.877691 0.578212 0.893592 0.612413 0.845894 0.644624 0.802084 0.640445  0 0 
4 0.893592 0.612413 0.88094 0.649797 0.839046 0.680055 0.845894 0.644624  0 0 
4 0.88094 0.649797 0.866021 0.693882 0.843513 0.701686 0.839046 0.680055  0 0 
4 0.866021 0.693882 0.835757 0.783309 0.807865 0.788418 0.843513 0.701686  0 0 
4 0.835757 0.783309 0.81481 0.845206 0.76927 0.852362 0.807865 0.788418  0 0 
4 0.81481 0.845206 0.836394 0.898698 0.78621 0.886805 0.76927 0.852362  0 0 
4 0.836394 0.898698 0.857109 0.950037 0.783378 0.945732 0.78621 0.886805  0 0 
4 0.857109 0.950037 0.866746 0.973922 0.828654 0.973609 0.783378 0.945732  0 0 
4 0.866746 0.973922 0.877269 1 0.825457 1 0.828654 0.973609  0 0 
4 0.864347 0 0.857981 0.0227952 0.835837 0.0279146 0.832679 0  0 0 
4 0.857981 0.0227952 0.860099 0.0417481 0.837209 0.0400438 0.835837 0.0279146  0 0 
4 0.860099 0.0417481 0.884453 0.0591265 0.842106 0.0613326 0.837209 0.0400438  0 0 
4 0.884453 0.0591265 0.872344 0.0796454 0.846522 0.0805312 0.842106 0.0613326  0 0 
4 0.872344 0.0796454 0.881041 0.0952296 0.833534 0.0942307 0.846522 0.0805312  0 0 
4 0.881041 0.0952296 0.8743 0.104193 0.810841 0.118166 0.833534 0.0942307  0 0 
4 0.8743 0.104193 0.831151 0.120694 0.799912 0.131797 0.810841 0.118166  0 0 
4 0.831151 0.120694 0.855353 0.120569 0.794782 0.138195 0.799912 0.131797  0 0 
4 0.855353 0.120569 0.867604 0.155614 0.827663 0.178151 0.794782 0.138195  0 0 
4 0.867604 0.155614 0.895132 0.166412 0.862601 0.220607 0.827663 0.178151  0 0 
4 0.895132 0.166412 0.896092 0.208071 0.865699 0.238726 0.862601 0.220607  0 0 
4 0.896092 0.208071 0.90989 0.221004 0.870079 0.264342 0.865699 0.238726  0 0 
4 0.90989 0.221004 0.900089 0.296501 0.883953 0.30222 0.870079 0.264342  0 0 
4 0.900089 0.296501 0.907074 0.317645 0.890633 0.320457 0.883953 0.30222  0 0 
4 0.907074 0.317645 0.906867 0.342449 0.896187 0.343433 0.890633 0.320457  0 0 
4 0.906867 0.342449 0.908855 0.379015 0.905542 0.382131 0.896187 0.343433  0 0 
4 0.908855 0.379015 0.883969 0.42775 0.854797 0.467568 0.905542 0.382131  0 0 
4 0.883969 0.42775 0.858508 0.486846 0.816576 0.531919 0.854797 0.467568  0 0 
4 0.858508 0.486846 0.830409 0.539408 0.816834 0.54561 0.816576 0.531919  0 0 
4 0.830409 0.539408 0.836253 0.551576 0.817225 0.566322 0.816834 0.54561  0 0 
4 0.836253 0.551576 0.816191 0.581987 0.776908 0.623409 0.817225 0.566322  0 0 
4 0.816191 0.581987 0.791419 0.629704 0.742265 0.672463 0.776908 0.623409  0 0 
4 0.791419 0.629704 0.802084 0.640445 0.739862 0.696634 0.742265 0.672463  0 0 
4 0.802084 0.640445 0.845894 0.644624 0.737774 0.717639 0.739862 0.696634  0 0 
4 0.845894 0.644624 0.839046 0.680055 0.772607 0.716985 0.737774 0.717639  0 0 
4 0.839046 0.680055 0.843513 0.701686 0.800922 0.716454 0.772607 0.716985  0 0 
4 0.843513 0.701686 0.807865 0.788418 0.727436 0.81206 0.800922 0.716454  0 0 
4 0.807865 0.788418 0.76927 0.852362 0.686456 0.865375 0.727436 0.81206  0 0 
4 0.76927 0.852362 0.78621 0.886805 0.699598 0.897095 0.686456 0.865375  0 0 
4 0.78621 0.886805 0.783378 0.945732 0.718171 0.941925 0.699598 0.897095  0 0 
4 0.783378 0.945732 0.828654 0.973609 0.71596 0.980625 0.718171 0.941925  0 0 
4 0.828654 0.973609 0.825457 1 0.714854 1 0.71596 0.980625  0 0 
4 0.832679 0 0.835837 0.0279146 0.803928 0.0172139 0.819766 0  0 0 
4 0.835837 0.0279146 0.837209 0.0400438 0.8015 0.0312007 0.803928 0.0172139  0 0 
4 0.837209 0.0400438 0.842106 0.0613326 0.819009 0.0625995 0.8015 0.0312007  0 0 
4 0.842106 0.0613326 0.846522 0.0805312 0.820816 0.081413 0.819009 0.0625995  0 0 
4 0.846522 0.0805312 0.833534 0.0942307 0.781885 0.1076 0.820816 0.081413  0 0 
4 0.833534 0.0942307 0.810841 0.118166 0.775877 0.119401 0.781885 0.1076  0 0 
4 0.810841 0.118166 0.799912 0.131797 0.773123 0.132726 0.775877 0.119401  0 0 
4 0.799912 0.131797 0.794782 0.138195 0.774204 0.144184 0.773123 0.132726  0 0 
4 0.794782 0.138195 0.827663 0.178151 0.810885 0.183785 0.774204 0.144184  0 0 
4 0.827663 0.178151 0.862601 0.220607 0.821371 0.243481 0.810885 0.183785  0 0 
4 0.862601 0.220607 0.865699 0.238726 0.842035 0.251564 0.821371 0.243481  0 0 
4 0.865699 0.238726 0.870079 0.264342 0.854948 0.280814 0.842035 0.251564  0 0 
4 0.870079 0.264342 0.883953 0.30222 0.847014 0.306548 0.854948 0.280814  0 0 
4 0.883953 0.30222 0.890633 0.320457 0.879564 0.324122 0.847014 0.306548  0 0 
4 0.890633 0.320457 0.896187 0.343433 0.882168 0.360755 0.879564 0.324122  0 0 
4 0.896187 0.343433 0.905542 0.382131 0.899621 0.387697 0.882168 0.360755  0 0 
4 0.905542 0.382131 0.854797 0.467568 0.866715 0.435989 0.899621 0.387697  0 0 
4 0.854797 0.467568 0.816576 0.531919 0.799495 0.537542 0.866715 0.435989  0 0 
4 0.816576 0.531919 0.816834 0.54561 0.794925 0.562175 0.799495 0.537542  0 0 
4 0.816834 0.54561 0.817225 0.566322 0.786367 0.590235 0.794925 0.562175  0 0 
4 0.817225 0.566322 0.776908 0.623409 0.728655 0.649696 0.786367 0.590235  0 0 
4 0.776908 0.623409 0.742265 0.672463 0.717716 0.683055 0.728655 0.649696  0 0 
4 0.742265 0.672463 0.739862 0.696634 0.717958 0.696544 0.717716 0.683055  0 0 
4 0.739862 0.696634 0.737774 0.717639 0.689684 0.750115 0.717958 0.696544  0 0 
4 0.737774 0.717639 0.772607 0.716985 0.724139 0.748064 0.689684 0.750115  0 0 
4 0.772607 0.716985 0.800922 0.716454 0.719165 0.779168 0.724139 0.748064  0 0 
4 0.800922 0.716454 0.727436 0.81206 0.705279 0.815005 0.719165 0.779168  0 0 
4 0.727436 0.81206 0.686456 0.865375 0.645569 0.871799 0.705279 0.815005  0 0 
4 0.686456 0.865375 0.699598 0.897095 0.667961 0.899257 0.645569 0.871799  0 0 
4 0.699598 0.897095 0.718171 0.941925 0.666773 0.935929 0.667961 0.899257  0 0 
4 0.718171 0.941925 0.71596 0.980625 0.677277 0.982591 0.666773 0.935929  0 0 
4 0.71596 0.980625 0.714854 1 0.686911 1 0.677277 0.982591  0 0 
4 0.819766 0 0.803928 0.0172139 0.787718 0.0122645 0.790733 0  0 0 
4 0.803928 0.0172139 0.8015 0.0312007 0.78412 0.0268965 0.787718 0.0122645  0 0 
4 0.8015 0.0312007 0.819009 0.0625995 0.778925 0.0480266 0.78412 0.0268965  0 0 
4 0.819009 0.0625995 0.820816 0.081413 0.770289 0.0831463 0.778925 0.0480266  0 0 
4 0.820816 0.081413 0.781885 0.1076 0.765923 0.100906 0.770289 0.0831463  0 0 
4 0.781885 0.1076 0.775877 0.119401 0.761248 0.119918 0.765923 0.100906  0 0 
4 0.775877 0.119401 0.773123 0.132726 0.758199 0.132319 0.761248 0.119918  0 0 
4 0.773123 0.132726 0.774204 0.144184 0.753823 0.150114 0.758199 0.132319  0 0 
4 0.774204 0.144184 0.810885 0.183785 0.788791 0.219189 0.753823 0.150114  0 0 
4 0.810885 0.183785 0.821371 0.243481 0.805536 0.252266 0.788791 0.219189  0 0 
4 0.821371 0.243481 0.842035 0.251564 0.8132 0.267406 0.805536 0.252266  0 0 
4 0.842035 0.251564 0.854948 0.280814 0.832409 0.30535 0.8132 0.267406  0 0 
4 0.854948 0.280814 0.847014 0.306548 0.837038 0.314493 0.832409 0.30535  0 0 
4 0.847014 0.306548 0.879564 0.324122 0.847317 0.334798 0.837038 0.314493  0 0 
4 0.879564 0.324122 0.882168 0.360755 0.862852 0.365486 0.847317 0.334798  0 0 
4 0.882168 0.360755 0.899621 0.387697 0.882328 0.403958 0.862852 0.365486  0 0 
4 0.899621 0.387697 0.866715 0.435989 0.849978 0.451747 0.882328 0.403958  0 0 
4 0.866715 0.435989 0.799495 0.537542 0.789723 0.540759 0.849978 0.451747  0 0 
4 0.799495 0.537542 0.794925 0.562175 0.758842 0.586379 0.789723 0.540759  0 0 
4 0.794925 0.562175 0.786367 0.590235 0.722977 0.639359 0.758842 0.586379  0 0 
4 0.786367 0.590235 0.728655 0.649696 0.698155 0.676028 0.722977 0.639359  0 0 
4 0.728655 0.649696 0.717716 0.683055 0.683365 0.697877 0.698155 0.676028  0 0 
4 0.717716 0.683055 0.717958 0.696544 0.653805 0.741545 0.683365 0.697877  0 0 
4 0.717958 0.696544 0.689684 0.750115 0.612905 0.801965 0.653805 0.741545  0 0 
4 0.689684 0.750115 0.724139 0.748064 0.616562 0.820618 0.612905 0.801965  0 0 
4 0.724139 0.748064 0.719165 0.779168 0.62291 0.853002 0.616562 0.820618  0 0 
4 0.719165 0.779168 0.705279 0.815005 0.626063 0.869085 0.62291 0.853002  0 0 
4 0.705279 0.815005 0.645569 0.871799 0.627162 0.874692 0.626063 0.869085  0 0 
4 0.645569 0.871799 0.667961 0.899257 0.630883 0.893672 0.627162 0.874692  0 0 
4 0.667961 0.899257 0.666773 0.935929 0.638521 0.932634 0.630883 0.893672  0 0 
4 0.666773 0.935929 0.677277 0.982591 0.648214 0.982081 0.638521 0.932634  0 0 
4 0.677277 0.982591 0.686911 1 0.651727 1 0.648214 0.982081  0 0 
4 0.790733 0 0.787718 0.0122645 0.762099 0.0249692 0.780972 0  0 0 
4 0.787718 0.0122645 0.78412 0.0268965 0.752503 0.0375327 0.762099 0.0249692  0 0 
4 0.78412 0.0268965 0.778925 0.0480266 0.752976 0.0684922 0.752503 0.0375327  0 0 
4 0.778925 0.0480266 0.770289 0.0831463 0.728907 0.0962174 0.752976 0.0684922  0 0 
4 0.770289 0.0831463 0.765923 0.100906 0.743191 0.110118 0.728907 0.0962174  0 0 
4 0.765923 0.100906 0.761248 0.119918 0.74787 0.127582 0.743191 0.110118  0 0 
4 0.761248 0.119918 0.758199 0.132319 0.743865 0.140964 0.74787 0.127582  0 0 
4 0.758199 0.132319 0.753823 0.150114 0.738536 0.170225 0.743865 0.140964  0 0 
4 0.753823 0.150114 0.788791 0.219189 0.744448 0.21531 0.738536 0.170225  0 0 
4 0.788791 0.219189 0.805536 0.252266 0.752764 0.267312 0.744448 0.21531  0 0 
4 0.805536 0.252266 0.8132 0.267406 0.761164 0.287698 0.752764 0.267312  0 0 
4 0.8132 0.267406 0.832409 0.30535 0.79728 0.333598 0.761164 0.287698  0 0 
4 0.832409 0.30535 0.837038 0.314493 0.792232 0.371184 0.79728 0.333598  0 0 
4 0.837038 0.314493 0.847317 0.334798 0.792745 0.387763 0.792232 0.371184  0 0 
4 0.847317 0.334798 0.862852 0.365486 0.792094 0.416983 0.792745 0.387763  0 0 
4 0.862852 0.365486 0.882328 0.403958 0.826933 0.456045 0.792094 0.416983  0 0 
4 0.882328 0.403958 0.849978 0.451747 0.784174 0.509397 0.826933 0.456045  0 0 
4 0.849978 0.451747 0.789723 0.540759 0.772964 0.551946 0.784174 0.509397  0 0 
4 0.789723 0.540759 0.758842 0.586379 0.7536 0.584056 0.772964 0.551946  0 0 
4 0.758842 0.586379 0.722977 0.639359 0.715729 0.643922 0.7536 0.584056  0 0 
4 0.722977 0.639359 0.698155 0.676028 0.666791 0.696484 0.715729 0.643922  0 0 
4 0.698155 0.676028 0.683365 0.697877 0.640787 0.722602 0.666791 0.696484  0 0 
4 0.683365 0.697877 0.653805 0.741545 0.612872 0.767312 0.640787 0.722602  0 0 
4 0.653805 0.741545 0.612905 0.801965 0.603032 0.800283 0.612872 0.767312  0 0 
4 0.612905 0.801965 0.616562 0.820618 0.606126 0.831985 0.603032 0.800283  0 0 
4 0.616562 0.820618 0.62291 0.853002 0.606106 0.841583 0.606126 0.831985  0 0 
4 0.62291 0.853002 0.626063 0.869085 0.614532 0.862516 0.606106 0.841583  0 0 
4 0.626063 0.869085 0.627162 0.874692 0.611047 0.874808 0.614532 0.862516  0 0 
4 0.627162 0.874692 0.630883 0.893672 0.597591 0.902977 0.611047 0.874808  0 0 
4 0.630883 0.893672 0.638521 0.932634 0.583294 0.942909 0.597591 0.902977  0 0 
4 0.638521 0.932634 0.648214 0.982081 0.589808 0.957174 0.583294 0.942909  0 0 
4 0.648214 0.982081 0.651727 1 0.629932 1 0.589808 0.957174  0 0 
4 0.780972 0 0.762099 0.0249692 0.749696 0.0276833 0.771412 0  0 0 
4 0.762099 0.0249692 0.752503 0.0375327 0.738195 0.0423458 0.749696 0.0276833  0 0 
4 0.752503 0.0375327 0.752976 0.0684922 0.722007 0.0808469 0.738195 0.0423458  0 0 
4 0.752976 0.0684922 0.728907 0.0962174 0.713497 0.101084 0.722007 0.0808469  0 0 
4 0.728907 0.0962174 0.743191 0.110118 0.720471 0.119292 0.713497 0.101084  0 0 
4 0.743191 0.110118 0.74787 0.127582 0.728004 0.138962 0.720471 0.119292  0 0 
4 0.74787 0.127582 0.743865 0.140964 0.729903 0.16026 0.728004 0.138962  0 0 
4 0.743865 0.140964 0.738536 0.170225 0.731605 0.179343 0.729903 0.16026  0 0 
4 0.738536 0.170225 0.744448 0.21531 0.727881 0.209831 0.731605 0.179343  0 0 
4 0.744448 0.21531 0.752764 0.267312 0.719708 0.276736 0.727881 0.209831  0 0 
4 0.752764 0.267312 0.761164 0.287698 0.740266 0.31146 0.719708 0.276736  0 0 
4 0.761164 0.287698 0.79728 0.333598 0.767534 0.357519 0.740266 0.31146  0 0 
4 0.79728 0.333598 0.792232 0.371184 0.7686 0.395274 0.767534 0.357519  0 0 
4 0.792232 0.371184 0.792745 0.387763 0.769037 0.410773 0.7686 0.395274  0 0 
4 0.792745 0.387763 0.792094 0.416983 0.766262 0.457208 0.769037 0.410773  0 0 
4 0.792094 0.416983 0.826933 0.456045 0.762723 0.516422 0.766262 0.457208  0 0 
4 0.826933 0.456045 0.784174 0.509397 0.756175 0.537129 0.762723 0.516422  0 0 
4 0.784174 0.509397 0.772964 0.551946 0.745746 0.570114 0.756175 0.537129  0 0 
4 0.772964 0.551946 0.7536 0.584056 0.731356 0.594702 0.745746 0.570114  0 0 
4 0.7536 0.584056 0.715729 0.643922 0.694861 0.657059 0.731356 0.594702  0 0 
4 0.715729 0.643922 0.666791 0.696484 0.657423 0.695642 0.694861 0.657059  0 0 
4 0.666791 0.696484 0.640787 0.722602 0.61897 0.735271 0.657423 0.695642  0 0 
4 0.640787 0.722602 0.612872 0.767312 0.588653 0.779855 0.61897 0.735271  0 0 
4 0.612872 0.767312 0.603032 0.800283 0.577698 0.795967 0.588653 0.779855  0 0 
4 0.603032 0.800283 0.606126 0.831985 0.585094 0.816347 0.577698 0.795967  0 0 
4 0.606126 0.831985 0.606106 0.841583 0.590373 0.830892 0.585094 0.816347  0 0 
4 0.606106 0.841583 0.614532 0.862516 0.591207 0.845379 0.590373 0.830892  0 0 
4 0.614532 0.862516 0.611047 0.874808 0.59291 0.874939 0.591207 0.845379  0 0 
4 0.611047 0.874808 0.597591 0.902977 0.576685 0.912834 0.59291 0.874939  0 0 
4 0.597591 0.902977 0.583294 0.942909 0.562123 0.946848 0.576685 0.912834  0 0 
4 0.583294 0.942909 0.589808 0.957174 0.57214 0.97792 0.562123 0.946848  0 0 
4 0.589808 0.957174 0.629932 1 0.579259 1 0.57214 0.97792  0 0 
4 0.771412 0 0.749696 0.0276833 0.731391 0.0353679 0.75336 0  0 0 
4 0.749696 0.0276833 0.738195 0.0423458 0.729392 0.0517683 0.731391 0.0353679  0 0 
4 0.738195 0.0423458 0.722007 0.0808469 0.71226 0.0889036 0.729392 0.0517683  0 0 
4 0.722007 0.0808469 0.713497 0.101084 0.705708 0.103545 0.71226 0.0889036  0 0 
4 0.713497 0.101084 0.720471 0.119292 0.701465 0.126105 0.705708 0.103545  0 0 
4 0.720471 0.119292 0.728004 0.138962 0.709712 0.145475 0.701465 0.126105  0 0 
4 0.728004 0.138962 0.729903 0.16026 0.708781 0.163711 0.709712 0.145475  0 0 
4 0.729903 0.16026 0.731605 0.179343 0.711792 0.205408 0.708781 0.163711  0 0 
4 0.731605 0.179343 0.727881 0.209831 0.711877 0.266667 0.711792 0.205408  0 0 
4 0.727881 0.209831 0.719708 0.276736 0.697666 0.316581 0.711877 0.266667  0 0 
4 0.719708 0.276736 0.740266 0.31146 0.711323 0.36881 0.697666 0.316581  0 0 
4 0.740266 0.31146 0.767534 0.357519 0.726709 0.390348 0.711323 0.36881  0 0 
4 0.767534 0.357519 0.7686 0.395274 0.697808 0.473183 0.726709 0.390348  0 0 
4 0.7686 0.395274 0.769037 0.410773 0.708053 0.493303 0.697808 0.473183  0 0 
4 0.769037 0.410773 0.766262 0.457208 0.705039 0.550362 0.708053 0.493303  0 0 
4 0.766262 0.457208 0.762723 0.516422 0.697151 0.578078 0.705039 0.550362  0 0 
4 0.762723 0.516422 0.756175 0.537129 0.720846 0.58063 0.697151 0.578078  0 0 
4 0.756175 0.537129 0.745746 0.570114 0.665606 0.646395 0.720846 0.58063  0 0 
4 0.745746 0.570114 0.731356 0.594702 0.667536 0.663197 0.665606 0.646395  0 0 
4 0.731356 0.594702 0.694861 0.657059 0.652861 0.683498 0.667536 0.663197  0 0 
4 0.694861 0.657059 0.657423 0.695642 0.612725 0.726653 0.652861 0.683498  0 0 
4 0.657423 0.695642 0.61897 0.735271 0.597804 0.743198 0.612725 0.726653  0 0 
4 0.61897 0.735271 0.588653 0.779855 0.586548 0.760953 0.597804 0.743198  0 0 
4 0.588653 0.779855 0.577698 0.795967 0.554694 0.792048 0.586548 0.760953  0 0 
4 0.577698 0.795967 0.585094 0.816347 0.554125 0.806567 0.554694 0.792048  0 0 
4 0.585094 0.816347 0.590373 0.830892 0.552399 0.832053 0.554125 0.806567  0 0 
4 0.590373 0.830892 0.591207 0.845379 0.550894 0.846611 0.552399 0.832053  0 0 
4 0.591207 0.845379 0.59291 0.874939 0.560957 0.87517 0.550894 0.846611  0 0 
4 0.59291 0.874939 0.576685 0.912834 0.540228 0.928102 0.560957 0.87517  0 0 
4 0.576685 0.912834 0.562123 0.946848 0.51187 0.945896 0.540228 0.928102  0 0 
4 0.562123 0.946848 0.57214 0.97792 0.521164 0.972367 0.51187 0.945896  0 0 
4 0.57214 0.97792 0.579259 1 0.521818 1 0.521164 0.972367  0 0 
4 0.75336 0 0.731391 0.0353679 0.721597 0.0317223 0.733805 0  0 0 
4 0.731391 0.0353679 0.729392 0.0517683 0.703019 0.0799976 0.721597 0.0317223  0 0 
4 0.729392 0.0517683 0.71226 0.0889036 0.697487 0.0943721 0.703019 0.0799976  0 0 
4 0.71226 0.0889036 0.705708 0.103545 0.692331 0.10777 0.697487 0.0943721  0 0 
4 0.705708 0.103545 0.701465 0.126105 0.694705 0.135936 0.692331 0.10777  0 0 
4 0.701465 0.126105 0.709712 0.145475 0.695923 0.150385 0.694705 0.135936  0 0 
4 0.709712 0.145475 0.708781 0.163711 0.699276 0.190154 0.695923 0.150385  0 0 
4 0.708781 0.163711 0.711792 0.205408 0.701683 0.218707 0.699276 0.190154  0 0 
4 0.711792 0.205408 0.711877 0.266667 0.691495 0.274484 0.701683 0.218707  0 0 
4 0.711877 0.266667 0.697666 0.316581 0.676973 0.35399 0.691495 0.274484  0 0 
4 0.697666 0.316581 0.711323 0.36881 0.670806 0.387751 0.676973 0.35399  0 0 
4 0.711323 0.36881 0.726709 0.390348 0.660625 0.443489 0.670806 0.387751  0 0 
4 0.726709 0.390348 0.697808 0.473183 0.663684 0.490808 0.660625 0.443489  0 0 
4 0.697808 0.473183 0.708053 0.493303 0.667403 0.548316 0.663684 0.490808  0 0 
4 0.708053 0.493303 0.705039 0.550362 0.668467 0.564782 0.667403 0.548316  0 0 
4 0.705039 0.550362 0.697151 0.578078 0.670921 0.602742 0.668467 0.564782  0 0 
4 0.697151 0.578078 0.720846 0.58063 0.653468 0.639776 0.670921 0.602742  0 0 
4 0.720846 0.58063 0.665606 0.646395 0.637938 0.672731 0.653468 0.639776  0 0 
4 0.665606 0.646395 0.667536 0.663197 0.628437 0.692892 0.637938 0.672731  0 0 
4 0.667536 0.663197 0.652861 0.683498 0.624429 0.701396 0.628437 0.692892  0 0 
4 0.652861 0.683498 0.612725 0.726653 0.613907 0.713368 0.624429 0.701396  0 0 
4 0.612725 0.726653 0.597804 0.743198 0.582725 0.748846 0.613907 0.713368  0 0 
4 0.597804 0.743198 0.586548 0.760953 0.560687 0.77392 0.582725 0.748846  0 0 
4 0.586548 0.760953 0.554694 0.792048 0.546048 0.790575 0.560687 0.77392  0 0 
4 0.554694 0.792048 0.554125 0.806567 0.541905 0.808807 0.546048 0.790575  0 0 
4 0.554125 0.806567 0.552399 0.832053 0.536513 0.832539 0.541905 0.808807  0 0 
4 0.552399 0.832053 0.550894 0.846611 0.533615 0.845292 0.536513 0.832539  0 0 
4 0.550894 0.846611 0.560957 0.87517 0.52677 0.875417 0.533615 0.845292  0 0 
4 0.560957 0.87517 0.540228 0.928102 0.498894 0.915998 0.52677 0.875417  0 0 
4 0.540228 0.928102 0.51187 0.945896 0.478787 0.94527 0.498894 0.915998  0 0 
4 0.51187 0.945896 0.521164 0.972367 0.451502 0.984992 0.478787 0.94527  0 0 
4 0.521164 0.972367 0.521818 1 0.441193 1 0.451502 0.984992  0 0 
4 0.733805 0 0.721597 0.0317223 0.709512 0.0259538 0.725546 0  0 0 
4 0.721597 0.0317223 0.703019 0.0799976 0.696975 0.0706811 0.709512 0.0259538  0 0 
4 0.703019 0.0799976 0.697487 0.0943721 0.685018 0.0810486 0.696975 0.0706811  0 0 
4 0.697487 0.0943721 0.692331 0.10777 0.678666 0.114147 0.685018 0.0810486  0 0 
4 0.692331 0.10777 0.694705 0.135936 0.682435 0.157373 0.678666 0.114147  0 0 
4 0.694705 0.135936 0.695923 0.150385 0.67981 0.18165 0.682435 0.157373  0 0 
4 0.695923 0.150385 0.699276 0.190154 0.676801 0.206634 0.67981 0.18165  0 0 
4 0.699276 0.190154 0.701683 0.218707 0.676681 0.251598 0.676801 0.206634  0 0 
4 0.701683 0.218707 0.691495 0.274484 0.647475 0.359657 0.676681 0.251598  0 0 
4 0.691495 0.274484 0.676973 0.35399 0.657966 0.376254 0.647475 0.359657  0 0 
4 0.676973 0.35399 0.670806 0.387751 0.657156 0.403498 0.657966 0.376254  0 0 
4 0.670806 0.387751 0.660625 0.443489 0.645313 0.453964 0.657156 0.403498  0 0 
4 0.660625 0.443489 0.663684 0.490808 0.631905 0.511464 0.645313 0.453964  0 0 
4 0.663684 0.490808 0.667403 0.548316 0.647949 0.539503 0.631905 0.511464  0 0 
4 0.667403 0.548316 0.668467 0.564782 0.646643 0.571082 0.647949 0.539503  0 0 
4 0.668467 0.564782 0.670921 0.602742 0.638281 0.633433 0.646643 0.571082  0 0 
4 0.670921 0.602742 0.653468 0.639776 0.640835 0.637017 0.638281 0.633433  0 0 
4 0.653468 0.639776 0.637938 0.672731 0.634855 0.664766 0.640835 0.637017  0 0 
4 0.637938 0.672731 0.628437 0.692892 0.607569 0.688286 0.634855 0.664766  0 0 
4 0.628437 0.692892 0.624429 0.701396 0.608448 0.705921 0.607569 0.688286  0 0 
4 0.624429 0.701396 0.613907 0.713368 0.588658 0.723141 0.608448 0.705921  0 0 
4 0.613907 0.713368 0.582725 0.748846 0.566775 0.750699 0.588658 0.723141  0 0 
4 0.582725 0.748846 0.560687 0.77392 0.543127 0.764605 0.566775 0.750699  0 0 
4 0.560687 0.77392 0.546048 0.790575 0.524279 0.786867 0.543127 0.764605  0 0 
4 0.546048 0.790575 0.541905 0.808807 0.525561 0.812397 0.524279 0.786867  0 0 
4 0.541905 0.808807 0.536513 0.832539 0.520624 0.825425 0.525561 0.812397  0 0 
4 0.536513 0.832539 0.533615 0.845292 0.505971 0.840666 0.520624 0.825425  0 0 
4 0.533615 0.845292 0.52677 0.875417 0.495944 0.87177 0.505971 0.840666  0 0 
4 0.52677 0.875417 0.498894 0.915998 0.461708 0.907194 0.495944 0.87177  0 0 
4 0.498894 0.915998 0.478787 0.94527 0.435313 0.945794 0.461708 0.907194  0 0 
4 0.478787 0.94527 0.451502 0.984992 0.394576 0.98343 0.435313 0.945794  0 0 
4 0.451502 0.984992 0.441193 1 0.392875 1 0.394576 0.98343  0 0 
4 0.725546 0 0.709512 0.0259538 0.701992 0.0214314 0.712362 0  0 0 
4 0.709512 0.0259538 0.696975 0.0706811 0.686199 0.0540688 0.701992 0.0214314  0 0 
4 0.696975 0.0706811 0.685018 0.0810486 0.67741 0.0848493 0.686199 0.0540688  0 0 
4 0.685018 0.0810486 0.678666 0.114147 0.667565 0.119328 0.67741 0.0848493  0 0 
4 0.678666 0.114147 0.682435 0.157373 0.663051 0.178115 0.667565 0.119328  0 0 
4 0.682435 0.157373 0.67981 0.18165 0.659799 0.220475 0.663051 0.178115  0 0 
4 0.67981 0.18165 0.676801 0.206634 0.65244 0.266744 0.659799 0.220475  0 0 
4 0.676801 0.206634 0.676681 0.251598 0.649073 0.287917 0.65244 0.266744  0 0 
4 0.676681 0.251598 0.647475 0.359657 0.64145 0.331462 0.649073 0.287917  0 0 
4 0.647475 0.359657 0.657966 0.376254 0.627325 0.412147 0.64145 0.331462  0 0 
4 0.657966 0.376254 0.657156 0.403498 0.620023 0.455338 0.627325 0.412147  0 0 
4 0.657156 0.403498 0.645313 0.453964 0.616978 0.473346 0.620023 0.455338  0 0 
4 0.645313 0.453964 0.631905 0.511464 0.617231 0.509112 0.616978 0.473346  0 0 
4 0.631905 0.511464 0.647949 0.539503 0.617348 0.525638 0.617231 0.509112  0 0 
4 0.647949 0.539503 0.646643 0.571082 0.616418 0.581283 0.617348 0.525638  0 0 
4 0.646643 0.571082 0.638281 0.633433 0.615183 0.655152 0.616418 0.581283  0 0 
4 0.638281 0.633433 0.640835 0.637017 0.621895 0.653602 0.615183 0.655152  0 0 
4 0.640835 0.637017 0.634855 0.664766 0.629825 0.65177 0.621895 0.653602  0 0 
4 0.634855 0.664766 0.607569 0.688286 0.615033 0.66869 0.629825 0.65177  0 0 
4 0.607569 0.688286 0.608448 0.705921 0.573942 0.715691 0.615033 0.66869  0 0 
4 0.608448 0.705921 0.588658 0.723141 0.556777 0.737008 0.573942 0.715691  0 0 
4 0.588658 0.723141 0.566775 0.750699 0.543583 0.753393 0.556777 0.737008  0 0 
4 0.566775 0.750699 0.543127 0.764605 0.525929 0.771199 0.543583 0.753393  0 0 
4 0.543127 0.764605 0.524279 0.786867 0.512401 0.784843 0.525929 0.771199  0 0 
4 0.524279 0.786867 0.525561 0.812397 0.509506 0.807428 0.512401 0.784843  0 0 
4 0.525561 0.812397 0.520624 0.825425 0.507928 0.819741 0.509506 0.807428  0 0 
4 0.520624 0.825425 0.505971 0.840666 0.489965 0.840546 0.507928 0.819741  0 0 
4 0.505971 0.840666 0.495944 0.87177 0.466059 0.868235 0.489965 0.840546  0 0 
4 0.495944 0.87177 0.461708 0.907194 0.424517 0.922744 0.466059 0.868235  0 0 
4 0.461708 0.907194 0.435313 0.945794 0.406687 0.946139 0.424517 0.922744  0 0 
4 0.435313 0.945794 0.394576 0.98343 0.368818 0.984071 0.406687 0.946139  0 0 
4 0.394576 0.98343 0.392875 1 0.352915 1 0.368818 0.984071  0 0 
4 0.712362 0 0.701992 0.0214314 0.686642 0.0270232 0.692684 0  0 0 
4 0.701992 0.0214314 0.686199 0.0540688 0.67087 0.04831 0.686642 0.0270232  0 0 
4 0.686199 0.0540688 0.67741 0.0848493 0.661616 0.0805427 0.67087 0.04831  0 0 
4 0.67741 0.0848493 0.667565 0.119328 0.657408 0.124068 0.661616 0.0805427  0 0 
4 0.667565 0.119328 0.663051 0.178115 0.641075 0.202022 0.657408 0.124068  0 0 
4 0.663051 0.178115 0.659799 0.220475 0.649439 0.232421 0.641075 0.202022  0 0 
4 0.659799 0.220475 0.65244 0.266744 0.640791 0.273946 0.649439 0.232421  0 0 
4 0.65244 0.266744 0.649073 0.287917 0.631272 0.311334 0.640791 0.273946  0 0 
4 0.649073 0.287917 0.64145 0.331462 0.626246 0.357292 0.631272 0.311334  0 0 
4 0.64145 0.331462 0.627325 0.412147 0.612677 0.392302 0.626246 0.357292  0 0 
4 0.627325 0.412147 0.620023 0.455338 0.605406 0.447189 0.612677 0.392302  0 0 
4 0.620023 0.455338 0.616978 0.473346 0.606638 0.48042 0.605406 0.447189  0 0 
4 0.616978 0.473346 0.617231 0.509112 0.592833 0.558957 0.606638 0.48042  0 0 
4 0.617231 0.509112 0.617348 0.525638 0.600819 0.565199 0.592833 0.558957  0 0 
4 0.617348 0.525638 0.616418 0.581283 0.592495 0.621428 0.600819 0.565199  0 0 
4 0.616418 0.581283 0.615183 0.655152 0.578622 0.68953 0.592495 0.621428  0 0 
4 0.615183 0.655152 0.621895 0.653602 0.580039 0.690295 0.578622 0.68953  0 0 
4 0.621895 0.653602 0.629825 0.65177 0.594195 0.681404 0.580039 0.690295  0 0 
4 0.629825 0.65177 0.615033 0.66869 0.562829 0.712474 0.594195 0.681404  0 0 
4 0.615033 0.66869 0.573942 0.715691 0.555991 0.720774 0.562829 0.712474  0 0 
4 0.573942 0.715691 0.556777 0.737008 0.541762 0.740199 0.555991 0.720774  0 0 
4 0.556777 0.737008 0.543583 0.753393 0.528924 0.754139 0.541762 0.740199  0 0 
4 0.543583 0.753393 0.525929 0.771199 0.525264 0.765826 0.528924 0.754139  0 0 
4 0.525929 0.771199 0.512401 0.784843 0.503156 0.783268 0.525264 0.765826  0 0 
4 0.512401 0.784843 0.509506 0.807428 0.487446 0.80895 0.503156 0.783268  0 0 
4 0.509506 0.807428 0.507928 0.819741 0.480615 0.819385 0.487446 0.80895  0 0 
4 0.507928 0.819741 0.489965 0.840546 0.464683 0.847172 0.480615 0.819385  0 0 
4 0.489965 0.840546 0.466059 0.868235 0.451231 0.866481 0.464683 0.847172  0 0 
4 0.466059 0.868235 0.424517 0.922744 0.414594 0.920447 0.451231 0.866481  0 0 
4 0.424517 0.922744 0.406687 0.946139 0.384035 0.948207 0.414594 0.920447  0 0 
4 0.406687 0.946139 0.368818 0.984071 0.35149 0.970102 0.384035 0.948207  0 0 
4 0.368818 0.984071 0.352915 1 0.33117 1 0.35149 0.970102  0 0 
4 0.692684 0 0.686642 0.0270232 0.654123 0.0249063 0.657362 0  0 0 
4 0.686642 0.0270232 0.67087 0.04831 0.652002 0.0412209 0.654123 0.0249063  0 0 
4 0.67087 0.04831 0.661616 0.0805427 0.647244 0.0778135 0.652002 0.0412209  0 0 
4 0.661616 0.0805427 0.657408 0.124068 0.640184 0.132106 0.647244 0.0778135  0 0 
4 0.657408 0.124068 0.641075 0.202022 0.628382 0.222864 0.640184 0.132106  0 0 
4 0.641075 0.202022 0.649439 0.232421 0.623206 0.26267 0.628382 0.222864  0 0 
4 0.649439 0.232421 0.640791 0.273946 0.619942 0.287775 0.623206 0.26267  0 0 
4 0.640791 0.273946 0.631272 0.311334 0.613908 0.334178 0.619942 0.287775  0 0 
4 0.631272 0.311334 0.626246 0.357292 0.609852 0.365367 0.613908 0.334178  0 0 
4 0.626246 0.357292 0.612677 0.392302 0.607298 0.385014 0.609852 0.365367  0 0 
4 0.612677 0.392302 0.605406 0.447189 0.600194 0.439641 0.607298 0.385014  0 0 
4 0.605406 0.447189 0.606638 0.48042 0.593745 0.489239 0.600194 0.439641  0 0 
4 0.606638 0.48042 0.592833 0.558957 0.587368 0.53828 0.593745 0.489239  0 0 
4 0.592833 0.558957 0.600819 0.565199 0.576209 0.624101 0.587368 0.53828  0 0 
4 0.600819 0.565199 0.592495 0.621428 0.56915 0.678386 0.576209 0.624101  0 0 
4 0.592495 0.621428 0.578622 0.68953 0.56618 0.70123 0.56915 0.678386  0 0 
4 0.578622 0.68953 0.580039 0.690295 0.562329 0.705782 0.56618 0.70123  0 0 
4 0.580039 0.690295 0.594195 0.681404 0.55627 0.712947 0.562329 0.705782  0 0 
4 0.594195 0.681404 0.562829 0.712474 0.550353 0.719943 0.55627 0.712947  0 0 
4 0.562829 0.712474 0.555991 0.720774 0.547653 0.723135 0.550353 0.719943  0 0 
4 0.555991 0.720774 0.541762 0.740199 0.529969 0.744045 0.547653 0.723135  0 0 
4 0.541762 0.740199 0.528924 0.754139 0.521095 0.754537 0.529969 0.744045  0 0 
4 0.528924 0.754139 0.525264 0.765826 0.506027 0.772353 0.521095 0.754537  0 0 
4 0.525264 0.765826 0.503156 0.783268 0.497596 0.782321 0.506027 0.772353  0 0 
4 0.503156 0.783268 0.487446 0.80895 0.48287 0.799733 0.497596 0.782321  0 0 
4 0.487446 0.80895 0.480615 0.819385 0.466406 0.8192 0.48287 0.799733  0 0 
4 0.480615 0.819385 0.464683 0.847172 0.455347 0.832276 0.466406 0.8192  0 0 
4 0.464683 0.847172 0.451231 0.866481 0.428674 0.863813 0.455347 0.832276  0 0 
4 0.451231 0.866481 0.414594 0.920447 0.379581 0.92186 0.428674 0.863813  0 0 
4 0.414594 0.920447 0.384035 0.948207 0.355059 0.950854 0.379581 0.92186  0 0 
4 0.384035 0.948207 0.35149 0.970102 0.329243 0.981379 0.355059 0.950854  0 0 
4 0.35149 0.970102 0.33117 1 0.313493 1 0.329243 0.981379  0 0 
4 0.657362 0 0.654123 0.0249063 0.630566 0.0367821 0.640097 0  0 0 
4 0.654123 0.0249063 0.652002 0.0412209 0.617369 0.0580103 0.630566 0.0367821  0 0 
4 0.652002 0.0412209 0.647244 0.0778135 0.617398 0.0873577 0.617369 0.0580103  0 0 
4 0.647244 0.0778135 0.640184 0.132106 0.554997 0.188236 0.617398 0.0873577  0 0 
4 0.640184 0.132106 0.628382 0.222864 0.576108 0.221209 0.554997 0.188236  0 0 
4 0.628382 0.222864 0.623206 0.26267 0.600478 0.262349 0.576108 0.221209  0 0 
4 0.623206 0.26267 0.619942 0.287775 0.591669 0.308003 0.600478 0.262349  0 0 
4 0.619942 0.287775 0.613908 0.334178 0.597172 0.337513 0.591669 0.308003  0 0 
4 0.613908 0.334178 0.609852 0.365367 0.581379 0.35938 0.597172 0.337513  0 0 
4 0.609852 0.365367 0.607298 0.385014 0.570727 0.383081 0.581379 0.35938  0 0 
4 0.607298 0.385014 0.600194 0.439641 0.553984 0.449033 0.570727 0.383081  0 0 
4 0.600194 0.439641 0.593745 0.489239 0.54605 0.478949 0.553984 0.449033  0 0 
4 0.593745 0.489239 0.587368 0.53828 0.541915 0.527589 0.54605 0.478949  0 0 
4 0.587368 0.53828 0.576209 0.624101 0.541961 0.594621 0.541915 0.527589  0 0 
4 0.576209 0.624101 0.56915 0.678386 0.55087 0.65749 0.541961 0.594621  0 0 
4 0.56915 0.678386 0.56618 0.70123 0.559215 0.696258 0.55087 0.65749  0 0 
4 0.56618 0.70123 0.562329 0.705782 0.548547 0.699514 0.559215 0.696258  0 0 
4 0.562329 0.705782 0.55627 0.712947 0.535489 0.707822 0.548547 0.699514  0 0 
4 0.55627 0.712947 0.550353 0.719943 0.521328 0.714367 0.535489 0.707822  0 0 
4 0.550353 0.719943 0.547653 0.723135 0.524316 0.719965 0.521328 0.714367  0 0 
4 0.547653 0.723135 0.529969 0.744045 0.506769 0.733536 0.524316 0.719965  0 0 
4 0.529969 0.744045 0.521095 0.754537 0.512994 0.747753 0.506769 0.733536  0 0 
4 0.521095 0.754537 0.506027 0.772353 0.495681 0.756632 0.512994 0.747753  0 0 
4 0.506027 0.772353 0.497596 0.782321 0.483749 0.77761 0.495681 0.756632  0 0 
4 0.497596 0.782321 0.48287 0.799733 0.459069 0.795971 0.483749 0.77761  0 0 
4 0.48287 0.799733 0.466406 0.8192 0.448622 0.823265 0.459069 0.795971  0 0 
4 0.466406 0.8192 0.455347 0.832276 0.412663 0.85665 0.448622 0.823265  0 0 
4 0.455347 0.832276 0.428674 0.863813 0.401849 0.870393 0.412663 0.85665  0 0 
4 0.428674 0.863813 0.379581 0.92186 0.363535 0.918715 0.401849 0.870393  0 0 
4 0.379581 0.92186 0.355059 0.950854 0.337239 0.957336 0.363535 0.918715  0 0 
4 0.355059 0.950854 0.329243 0.981379 0.30709 0.988997 0.337239 0.957336  0 0 
4 0.329243 0.981379 0.313493 1 0.29586 1 0.30709 0.988997  0 0 
4 0.640097 0 0.630566 0.0367821 0.616336 0.0185683 0.625902 0  0 0 
4 0.630566 0.0367821 0.617369 0.0580103 0.588908 0.0718079 0.616336 0.0185683  0 0 
4 0.617369 0.0580103 0.617398 0.0873577 0.546412 0.152432 0.588908 0.0718079  0 0 
4 0.617398 0.0873577 0.554997 0.188236 0.512931 0.215953 0.546412 0.152432  0 0 
4 0.554997 0.188236 0.576108 0.221209 0.544227 0.242344 0.512931 0.215953  0 0 
4 0.576108 0.221209 0.600478 0.262349 0.567395 0.261881 0.544227 0.242344  0 0 
4 0.600478 0.262349 0.591669 0.308003 0.570541 0.28848 0.567395 0.261881  0 0 
4 0.591669 0.308003 0.597172 0.337513 0.57682 0.341568 0.570541 0.28848  0 0 
4 0.597172 0.337513 0.581379 0.35938 0.557227 0.362442 0.57682 0.341568  0 0 
4 0.581379 0.35938 0.570727 0.383081 0.539407 0.381426 0.557227 0.362442  0 0 
4 0.570727 0.383081 0.553984 0.449033 0.526401 0.415012 0.539407 0.381426  0 0 
4 0.553984 0.449033 0.54605 0.478949 0.505064 0.470107 0.526401 0.415012  0 0 
4 0.54605 0.478949 0.541915 0.527589 0.515782 0.547765 0.505064 0.470107  0 0 
4 0.541915 0.527589 0.541961 0.594621 0.519592 0.575366 0.515782 0.547765  0 0 
4 0.541961 0.594621 0.55087 0.65749 0.525539 0.604757 0.519592 0.575366  0 0 
4 0.55087 0.65749 0.559215 0.696258 0.541493 0.683609 0.525539 0.604757  0 0 
4 0.559215 0.696258 0.548547 0.699514 0.526279 0.689314 0.541493 0.683609  0 0 
4 0.548547 0.699514 0.535489 0.707822 0.500155 0.699109 0.526279 0.689314  0 0 
4 0.535489 0.707822 0.521328 0.714367 0.493512 0.710456 0.500155 0.699109  0 0 
4 0.521328 0.714367 0.524316 0.719965 0.490625 0.715388 0.493512 0.710456  0 0 
4 0.524316 0.719965 0.506769 0.733536 0.495193 0.728765 0.490625 0.715388  0 0 
4 0.506769 0.733536 0.512994 0.747753 0.497144 0.734478 0.495193 0.728765  0 0 
4 0.512994 0.747753 0.495681 0.756632 0.478263 0.747941 0.497144 0.734478  0 0 
4 0.495681 0.756632 0.483749 0.77761 0.451867 0.766763 0.478263 0.747941  0 0 
4 0.483749 0.77761 0.459069 0.795971 0.417844 0.812078 0.451867 0.766763  0 0 
4 0.459069 0.795971 0.448622 0.823265 0.401329 0.834076 0.417844 0.812078  0 0 
4 0.448622 0.823265 0.412663 0.85665 0.364509 0.869776 0.401329 0.834076  0 0 
4 0.412663 0.85665 0.401849 0.870393 0.35101 0.882865 0.364509 0.869776  0 0 
4 0.401849 0.870393 0.363535 0.918715 0.338187 0.921391 0.35101 0.882865  0 0 
4 0.363535 0.918715 0.337239 0.957336 0.324706 0.961896 0.338187 0.921391  0 0 
4 0.337239 0.957336 0.30709 0.988997 0.304123 0.982565 0.324706 0.961896  0 0 
4 0.30709 0.988997 0.29586 1 0.286762 1 0.304123 0.982565  0 0 
4 0.625902 0 0.616336 0.0185683 0.59099 0.030947 0.618115 0  0 0 
4 0.616336 0.0185683 0.588908 0.0718079 0.572228 0.0867125 0.59099 0.030947  0 0 
4 0.588908 0.0718079 0.546412 0.152432 0.512566 0.183324 0.572228 0.0867125  0 0 
4 0.546412 0.152432 0.512931 0.215953 0.488632 0.231964 0.512566 0.183324  0 0 
4 0.512931 0.215953 0.544227 0.242344 0.485343 0.266774 0.488632 0.231964  0 0 
4 0.544227 0.242344 0.567395 0.261881 0.510407 0.305888 0.485343 0.266774  0 0 
4 0.567395 0.261881 0.570541 0.28848 0.533305 0.322883 0.510407 0.305888  0 0 
4 0.570541 0.28848 0.57682 0.341568 0.540412 0.348823 0.533305 0.322883  0 0 
4 0.57682 0.341568 0.557227 0.362442 0.513846 0.367316 0.540412 0.348823  0 0 
4 0.557227 0.362442 0.539407 0.381426 0.51563 0.389697 0.513846 0.367316  0 0 
4 0.539407 0.381426 0.526401 0.415012 0.493807 0.42418 0.51563 0.389697  0 0 
4 0.526401 0.415012 0.505064 0.470107 0.488294 0.466489 0.493807 0.42418  0 0 
4 0.505064 0.470107 0.515782 0.547765 0.475857 0.493809 0.488294 0.466489  0 0 
4 0.515782 0.547765 0.519592 0.575366 0.500297 0.565802 0.475857 0.493809  0 0 
4 0.519592 0.575366 0.525539 0.604757 0.526104 0.639817 0.500297 0.565802  0 0 
4 0.525539 0.604757 0.541493 0.683609 0.526751 0.673086 0.526104 0.639817  0 0 
4 0.541493 0.683609 0.526279 0.689314 0.497008 0.684508 0.526751 0.673086  0 0 
4 0.526279 0.689314 0.500155 0.699109 0.486151 0.691597 0.497008 0.684508  0 0 
4 0.500155 0.699109 0.493512 0.710456 0.462982 0.695808 0.486151 0.691597  0 0 
4 0.493512 0.710456 0.490625 0.715388 0.446434 0.709386 0.462982 0.695808  0 0 
4 0.490625 0.715388 0.495193 0.728765 0.462327 0.719185 0.446434 0.709386  0 0 
4 0.495193 0.728765 0.497144 0.734478 0.470249 0.729316 0.462327 0.719185  0 0 
4 0.497144 0.734478 0.478263 0.747941 0.445207 0.735855 0.470249 0.729316  0 0 
4 0.478263 0.747941 0.451867 0.766763 0.447304 0.765211 0.445207 0.735855  0 0 
4 0.451867 0.766763 0.417844 0.812078 0.421081 0.785111 0.447304 0.765211  0 0 
4 0.417844 0.812078 0.401329 0.834076 0.397087 0.818701 0.421081 0.785111  0 0 
4 0.401329 0.834076 0.364509 0.869776 0.363664 0.859521 0.397087 0.818701  0 0 
4 0.364509 0.869776 0.35101 0.882865 0.32687 0.888787 0.363664 0.859521  0 0 
4 0.35101 0.882865 0.338187 0.921391 0.319811 0.933763 0.32687 0.888787  0 0 
4 0.338187 0.921391 0.324706 0.961896 0.3109 0.947281 0.319811 0.933763  0 0 
4 0.324706 0.961896 0.304123 0.982565 0.303933 0.968499 0.3109 0.947281  0 0 
4 0.304123 0.982565 0.286762 1 0.282397 1 0.303933 0.968499  0 0 
4 0.618115 0 0.59099 0.030947 0.569779 0.0526169 0.598877 0  0 0 
4 0.59099 0.030947 0.572228 0.0867125 0.530111 0.124346 0.569779 0.0526169  0 0 
4 0.572228 0.0867125 0.512566 0.183324 0.505475 0.168893 0.530111 0.124346  0 0 
4 0.512566 0.183324 0.488632 0.231964 0.460256 0.250661 0.505475 0.168893  0 0 
4 0.488632 0.231964 0.485343 0.266774 0.466797 0.280751 0.460256 0.250661  0 0 
4 0.485343 0.266774 0.510407 0.305888 0.477743 0.33111 0.466797 0.280751  0 0 
4 0.510407 0.305888 0.533305 0.322883 0.480351 0.343106 0.477743 0.33111  0 0 
4 0.533305 0.322883 0.540412 0.348823 0.484036 0.360057 0.480351 0.343106  0 0 
4 0.540412 0.348823 0.513846 0.367316 0.476178 0.385324 0.484036 0.360057  0 0 
4 0.513846 0.367316 0.51563 0.389697 0.469868 0.405615 0.476178 0.385324  0 0 
4 0.51563 0.389697 0.493807 0.42418 0.463973 0.424569 0.469868 0.405615  0 0 
4 0.493807 0.42418 0.488294 0.466489 0.453284 0.458936 0.463973 0.424569  0 0 
4 0.488294 0.466489 0.475857 0.493809 0.461457 0.48593 0.453284 0.458936  0 0 
4 0.475857 0.493809 0.500297 0.565802 0.483051 0.557254 0.461457 0.48593  0 0 
4 0.500297 0.565802 0.526104 0.639817 0.497251 0.604158 0.483051 0.557254  0 0 
4 0.526104 0.639817 0.526751 0.673086 0.51574 0.665228 0.497251 0.604158  0 0 
4 0.526751 0.673086 0.497008 0.684508 0.495875 0.672472 0.51574 0.665228  0 0 
4 0.497008 0.684508 0.486151 0.691597 0.468862 0.682323 0.495875 0.672472  0 0 
4 0.486151 0.691597 0.462982 0.695808 0.424501 0.698501 0.468862 0.682323  0 0 
4 0.462982 0.695808 0.446434 0.709386 0.408706 0.704261 0.424501 0.698501  0 0 
4 0.446434 0.709386 0.462327 0.719185 0.412515 0.712471 0.408706 0.704261  0 0 
4 0.462327 0.719185 0.470249 0.729316 0.41545 0.718797 0.412515 0.712471  0 0 
4 0.470249 0.729316 0.445207 0.735855 0.428417 0.746745 0.41545 0.718797  0 0 
4 0.445207 0.735855 0.447304 0.765211 0.43505 0.761042 0.428417 0.746745  0 0 
4 0.447304 0.765211 0.421081 0.785111 0.408726 0.790226 0.43505 0.761042  0 0 
4 0.421081 0.785111 0.397087 0.818701 0.393798 0.806777 0.408726 0.790226  0 0 
4 0.397087 0.818701 0.363664 0.859521 0.34368 0.862342 0.393798 0.806777  0 0 
4 0.363664 0.859521 0.32687 0.888787 0.317827 0.891005 0.34368 0.862342  0 0 
4 0.32687 0.888787 0.319811 0.933763 0.310331 0.909766 0.317827 0.891005  0 0 
4 0.319811 0.933763 0.3109 0.947281 0.299967 0.935708 0.310331 0.909766  0 0 
4 0.3109 0.947281 0.303933 0.968499 0.292397 0.954656 0.299967 0.935708  0 0 
4 0.303933 0.968499 0.282397 1 0.274281 1 0.292397 0.954656  0 0 
4 0.598877 0 0.569779 0.0526169 0.542373 0.0563591 0.567326 0  0 0 
4 0.569779 0.0526169 0.530111 0.124346 0.524249 0.0935346 0.542373 0.0563591  0 0 
4 0.530111 0.124346 0.505475 0.168893 0.498285 0.129006 0.524249 0.0935346  0 0 
4 0.505475 0.168893 0.460256 0.250661 0.454877 0.223144 0.498285 0.129006  0 0 
4 0.460256 0.250661 0.466797 0.280751 0.455261 0.292968 0.454877 0.223144  0 0 
4 0.466797 0.280751 0.477743 0.33111 0.445121 0.315567 0.455261 0.292968  0 0 
4 0.477743 0.33111 0.480351 0.343106 0.439907 0.331649 0.445121 0.315567  0 0 
4 0.480351 0.343106 0.484036 0.360057 0.462782 0.364293 0.439907 0.331649  0 0 
4 0.484036 0.360057 0.476178 0.385324 0.452505 0.389647 0.462782 0.364293  0 0 
4 0.476178 0.385324 0.469868 0.405615 0.447971 0.416275 0.452505 0.389647  0 0 
4 0.469868 0.405615 0.463973 0.424569 0.443519 0.451871 0.447971 0.416275  0 0 
4 0.463973 0.424569 0.453284 0.458936 0.445636 0.465296 0.443519 0.451871  0 0 
4 0.453284 0.458936 0.461457 0.48593 0.445813 0.518998 0.445636 0.465296  0 0 
4 0.461457 0.48593 0.483051 0.557254 0.453762 0.540253 0.445813 0.518998  0 0 
4 0.483051 0.557254 0.497251 0.604158 0.475022 0.599171 0.453762 0.540253  0 0 
4 0.497251 0.604158 0.51574 0.665228 0.50295 0.656098 0.475022 0.599171  0 0 
4 0.51574 0.665228 0.495875 0.672472 0.481459 0.656802 0.50295 0.656098  0 0 
4 0.495875 0.672472 0.468862 0.682323 0.447013 0.674909 0.481459 0.656802  0 0 
4 0.468862 0.682323 0.424501 0.698501 0.409071 0.687131 0.447013 0.674909  0 0 
4 0.424501 0.698501 0.408706 0.704261 0.387173 0.693645 0.409071 0.687131  0 0 
4 0.408706 0.704261 0.412515 0.712471 0.389516 0.707781 0.387173 0.693645  0 0 
4 0.412515 0.712471 0.41545 0.718797 0.392736 0.718259 0.389516 0.707781  0 0 
4 0.41545 0.718797 0.428417 0.746745 0.386355 0.729993 0.392736 0.718259  0 0 
4 0.428417 0.746745 0.43505 0.761042 0.391869 0.746351 0.386355 0.729993  0 0 
4 0.43505 0.761042 0.408726 0.790226 0.348192 0.764159 0.391869 0.746351  0 0 
4 0.408726 0.790226 0.393798 0.806777 0.356342 0.81073 0.348192 0.764159  0 0 
4 0.393798 0.806777 0.34368 0.862342 0.337121 0.856207 0.356342 0.81073  0 0 
4 0.34368 0.862342 0.317827 0.891005 0.301389 0.890835 0.337121 0.856207  0 0 
4 0.317827 0.891005 0.310331 0.909766 0.281903 0.931099 0.301389 0.890835  0 0 
4 0.310331 0.909766 0.299967 0.935708 0.271641 0.952951 0.281903 0.931099  0 0 
4 0.299967 0.935708 0.292397 0.954656 0.274496 0.966949 0.271641 0.952951  0 0 
4 0.292397 0.954656 0.274281 1 0.262222 1 0.274496 0.966949  0 0 
4 0.567326 0 0.542373 0.0563591 0.531361 0.0254627 0.542369 0  0 0 
4 0.542373 0.0563591 0.524249 0.0935346 0.517429 0.0576915 0.531361 0.0254627  0 0 
4 0.524249 0.0935346 0.498285 0.129006 0.475237 0.145584 0.517429 0.0576915  0 0 
4 0.498285 0.129006 0.454877 0.223144 0.449995 0.198166 0.475237 0.145584  0 0 
4 0.454877 0.223144 0.455261 0.292968 0.445721 0.226892 0.449995 0.198166  0 0 
4 0.455261 0.292968 0.445121 0.315567 0.43336 0.309964 0.445721 0.226892  0 0 
4 0.445121 0.315567 0.439907 0.331649 0.422007 0.33323 0.43336 0.309964  0 0 
4 0.439907 0.331649 0.462782 0.364293 0.400828 0.376638 0.422007 0.33323  0 0 
4 0.462782 0.364293 0.452505 0.389647 0.412225 0.417462 0.400828 0.376638  0 0 
4 0.452505 0.389647 0.447971 0.416275 0.41621 0.431738 0.412225 0.417462  0 0 
4 0.447971 0.416275 0.443519 0.451871 0.419782 0.446601 0.41621 0.431738  0 0 
4 0.443519 0.451871 0.445636 0.465296 0.427832 0.480101 0.419782 0.446601  0 0 
4 0.445636 0.465296 0.445813 0.518998 0.434736 0.513023 0.427832 0.480101  0 0 
4 0.445813 0.518998 0.453762 0.540253 0.438601 0.531454 0.434736 0.513023  0 0 
4 0.453762 0.540253 0.475022 0.599171 0.452512 0.576157 0.438601 0.531454  0 0 
4 0.475022 0.599171 0.50295 0.656098 0.470089 0.632642 0.452512 0.576157  0 0 
4 0.50295 0.656098 0.481459 0.656802 0.449451 0.638556 0.470089 0.632642  0 0 
4 0.481459 0.656802 0.447013 0.674909 0.390042 0.655579 0.449451 0.638556  0 0 
4 0.447013 0.674909 0.409071 0.687131 0.383313 0.666734 0.390042 0.655579  0 0 
4 0.409071 0.687131 0.387173 0.693645 0.371685 0.68601 0.383313 0.666734  0 0 
4 0.387173 0.693645 0.389516 0.707781 0.36467 0.704966 0.371685 0.68601  0 0 
4 0.389516 0.707781 0.392736 0.718259 0.360038 0.717485 0.36467 0.704966  0 0 
4 0.392736 0.718259 0.386355 0.729993 0.341993 0.719439 0.360038 0.717485  0 0 
4 0.386355 0.729993 0.391869 0.746351 0.319821 0.721839 0.341993 0.719439  0 0 
4 0.391869 0.746351 0.348192 0.764159 0.318982 0.764425 0.319821 0.721839  0 0 
4 0.348192 0.764159 0.356342 0.81073 0.317991 0.814777 0.318982 0.764425  0 0 
4 0.356342 0.81073 0.337121 0.856207 0.310719 0.833905 0.317991 0.814777  0 0 
4 0.337121 0.856207 0.301389 0.890835 0.289126 0.890707 0.310719 0.833905  0 0 
4 0.301389 0.890835 0.281903 0.931099 0.275828 0.91463 0.289126 0.890707  0 0 
4 0.281903 0.931099 0.271641 0.952951 0.24577 0.9687 0.275828 0.91463  0 0 
4 0.271641 0.952951 0.274496 0.966949 0.251447 0.990209 0.24577 0.9687  0 0 
4 0.274496 0.966949 0.262222 1 0.254032 1 0.251447 0.990209  0 0 
4 0.542369 0 0.531361 0.0254627 0.511875 0.0205172 0.511312 0  0 0 
4 0.531361 0.0254627 0.517429 0.0576915 0.49478 0.0560926 0.511875 0.0205172  0 0 
4 0.517429 0.0576915 0.475237 0.145584 0.471793 0.096344 0.49478 0.0560926  0 0 
4 0.475237 0.145584 0.449995 0.198166 0.439785 0.145927 0.471793 0.096344  0 0 
4 0.449995 0.198166 0.445721 0.226892 0.431654 0.21143 0.439785 0.145927  0 0 
4 0.445721 0.226892 0.43336 0.309964 0.415432 0.236967 0.431654 0.21143  0 0 
4 0.43336 0.309964 0.422007 0.33323 0.396448 0.282787 0.415432 0.236967  0 0 
4 0.422007 0.33323 0.400828 0.376638 0.363215 0.384134 0.396448 0.282787  0 0 
4 0.400828 0.376638 0.412225 0.417462 0.377514 0.438533 0.363215 0.384134  0 0 
4 0.412225 0.417462 0.41621 0.431738 0.404303 0.445779 0.377514 0.438533  0 0 
4 0.41621 0.431738 0.419782 0.446601 0.39225 0.475865 0.404303 0.445779  0 0 
4 0.419782 0.446601 0.427832 0.480101 0.406674 0.497695 0.39225 0.475865  0 0 
4 0.427832 0.480101 0.434736 0.513023 0.411548 0.510327 0.406674 0.497695  0 0 
4 0.434736 0.513023 0.438601 0.531454 0.406169 0.536128 0.411548 0.510327  0 0 
4 0.438601 0.531454 0.452512 0.576157 0.428413 0.582825 0.406169 0.536128  0 0 
4 0.452512 0.576157 0.470089 0.632642 0.432492 0.605806 0.428413 0.582825  0 0 
4 0.470089 0.632642 0.449451 0.638556 0.404751 0.631689 0.432492 0.605806  0 0 
4 0.449451 0.638556 0.390042 0.655579 0.38818 0.644206 0.404751 0.631689  0 0 
4 0.390042 0.655579 0.383313 0.666734 0.367263 0.657243 0.38818 0.644206  0 0 
4 0.383313 0.666734 0.371685 0.68601 0.340485 0.670628 0.367263 0.657243  0 0 
4 0.371685 0.68601 0.36467 0.704966 0.345691 0.681938 0.340485 0.670628  0 0 
4 0.36467 0.704966 0.360038 0.717485 0.343898 0.703868 0.345691 0.681938  0 0 
4 0.360038 0.717485 0.341993 0.719439 0.335356 0.709551 0.343898 0.703868  0 0 
4 0.341993 0.719439 0.319821 0.721839 0.296842 0.714022 0.335356 0.709551  0 0 
4 0.319821 0.721839 0.318982 0.764425 0.294233 0.732501 0.296842 0.714022  0 0 
4 0.318982 0.764425 0.317991 0.814777 0.296696 0.788568 0.294233 0.732501  0 0 
4 0.317991 0.814777 0.310719 0.833905 0.288335 0.823116 0.296696 0.788568  0 0 
4 0.310719 0.833905 0.289126 0.890707 0.27212 0.890531 0.288335 0.823116  0 0 
4 0.289126 0.890707 0.275828 0.91463 0.254551 0.93668 0.27212 0.890531  0 0 
4 0.275828 0.91463 0.24577 0.9687 0.240009 0.968922 0.254551 0.93668  0 0 
4 0.24577 0.9687 0.251447 0.990209 0.239437 0.987121 0.240009 0.968922  0 0 
4 0.251447 0.990209 0.254032 1 0.246412 1 0.239437 0.987121  0 0 
4 0.511312 0 0.511875 0.0205172 0.45276 0.0393581 0.465325 0  0 0 
4 0.511875 0.0205172 0.49478 0.0560926 0.448461 0.0528226 0.45276 0.0393581  0 0 
4 0.49478 0.0560926 0.471793 0.096344 0.436315 0.0908669 0.448461 0.0528226  0 0 
4 0.471793 0.096344 0.439785 0.145927 0.431792 0.105033 0.436315 0.0908669  0 0 
4 0.439785 0.145927 0.431654 0.21143 0.414212 0.160098 0.431792 0.105033  0 0 
4 0.431654 0.21143 0.415432 0.236967 0.404232 0.191361 0.414212 0.160098  0 0 
4 0.415432 0.236967 0.396448 0.282787 0.376655 0.277737 0.404232 0.191361  0 0 
4 0.396448 0.282787 0.363215 0.384134 0.341292 0.388502 0.376655 0.277737  0 0 
4 0.363215 0.384134 0.377514 0.438533 0.353317 0.422551 0.341292 0.388502  0 0 
4 0.377514 0.438533 0.404303 0.445779 0.374099 0.481394 0.353317 0.422551  0 0 
4 0.404303 0.445779 0.39225 0.475865 0.382396 0.504886 0.374099 0.481394  0 0 
4 0.39225 0.475865 0.406674 0.497695 0.385944 0.514933 0.382396 0.504886  0 0 
4 0.406674 0.497695 0.411548 0.510327 0.39162 0.531003 0.385944 0.514933  0 0 
4 0.411548 0.510327 0.406169 0.536128 0.394047 0.537875 0.39162 0.531003  0 0 
4 0.406169 0.536128 0.428413 0.582825 0.405405 0.570035 0.394047 0.537875  0 0 
4 0.428413 0.582825 0.432492 0.605806 0.413167 0.592013 0.405405 0.570035  0 0 
4 0.432492 0.605806 0.404751 0.631689 0.398618 0.60451 0.413167 0.592013  0 0 
4 0.404751 0.631689 0.38818 0.644206 0.383771 0.617263 0.398618 0.60451  0 0 
4 0.38818 0.644206 0.367263 0.657243 0.353126 0.643584 0.383771 0.617263  0 0 
4 0.367263 0.657243 0.340485 0.670628 0.328512 0.664725 0.353126 0.643584  0 0 
4 0.340485 0.670628 0.345691 0.681938 0.324652 0.668041 0.328512 0.664725  0 0 
4 0.345691 0.681938 0.343898 0.703868 0.313146 0.677924 0.324652 0.668041  0 0 
4 0.343898 0.703868 0.335356 0.709551 0.289488 0.698244 0.313146 0.677924  0 0 
4 0.335356 0.709551 0.296842 0.714022 0.278417 0.707753 0.289488 0.698244  0 0 
4 0.296842 0.714022 0.294233 0.732501 0.274984 0.726458 0.278417 0.707753  0 0 
4 0.294233 0.732501 0.296696 0.788568 0.269686 0.755322 0.274984 0.726458  0 0 
4 0.296696 0.788568 0.288335 0.823116 0.252656 0.8481 0.269686 0.755322  0 0 
4 0.288335 0.823116 0.27212 0.890531 0.244919 0.890249 0.252656 0.8481  0 0 
4 0.27212 0.890531 0.254551 0.93668 0.236927 0.93379 0.244919 0.890249  0 0 
4 0.254551 0.93668 0.240009 0.968922 0.230411 0.969291 0.236927 0.93379  0 0 
4 0.240009 0.968922 0.239437 0.987121 0.227739 0.983843 0.230411 0.969291  0 0 
4 0.239437 0.987121 0.246412 1 0.224774 1 0.227739 0.983843  0 0 
4 0.465325 0 0.45276 0.0393581 0.422829 0.0262624 0.431795 0  0 0 
4 0.45276 0.0393581 0.448461 0.0528226 0.430148 0.0523456 0.422829 0.0262624  0 0 
4 0.448461 0.0528226 0.436315 0.0908669 0.413345 0.0749451 0.430148 0.0523456  0 0 
4 0.436315 0.0908669 0.431792 0.105033 0.417823 0.112286 0.413345 0.0749451  0 0 
4 0.431792 0.105033 0.414212 0.160098 0.368571 0.163078 0.417823 0.112286  0 0 
4 0.414212 0.160098 0.404232 0.191361 0.384193 0.191394 0.368571 0.163078  0 0 
4 0.404232 0.191361 0.376655 0.277737 0.334119 0.255002 0.384193 0.191394  0 0 
4 0.376655 0.277737 0.341292 0.388502 0.299778 0.354035 0.334119 0.255002  0 0 
4 0.341292 0.388502 0.353317 0.422551 0.323687 0.415261 0.299778 0.354035  0 0 
4 0.353317 0.422551 0.374099 0.481394 0.323985 0.430384 0.323687 0.415261  0 0 
4 0.374099 0.481394 0.382396 0.504886 0.317496 0.43495 0.323985 0.430384  0 0 
4 0.382396 0.504886 0.385944 0.514933 0.345415 0.479493 0.317496 0.43495  0 0 
4 0.385944 0.514933 0.39162 0.531003 0.352978 0.504948 0.345415 0.479493  0 0 
4 0.39162 0.531003 0.394047 0.537875 0.326559 0.49757 0.352978 0.504948  0 0 
4 0.394047 0.537875 0.405405 0.570035 0.354795 0.535362 0.326559 0.49757  0 0 
4 0.405405 0.570035 0.413167 0.592013 0.338841 0.538961 0.354795 0.535362  0 0 
4 0.413167 0.592013 0.398618 0.60451 0.353152 0.569257 0.338841 0.538961  0 0 
4 0.398618 0.60451 0.383771 0.617263 0.343009 0.606151 0.353152 0.569257  0 0 
4 0.383771 0.617263 0.353126 0.643584 0.328355 0.640157 0.343009 0.606151  0 0 
4 0.353126 0.643584 0.328512 0.664725 0.303823 0.637652 0.328355 0.640157  0 0 
4 0.328512 0.664725 0.324652 0.668041 0.292645 0.645135 0.303823 0.637652  0 0 
4 0.324652 0.668041 0.313146 0.677924 0.250385 0.629826 0.292645 0.645135  0 0 
4 0.313146 0.677924 0.289488 0.698244 0.258732 0.657341 0.250385 0.629826  0 0 
4 0.289488 0.698244 0.278417 0.707753 0.222638 0.67131 0.258732 0.657341  0 0 
4 0.278417 0.707753 0.274984 0.726458 0.25012 0.722817 0.222638 0.67131  0 0 
4 0.274984 0.726458 0.269686 0.755322 0.207504 0.784252 0.25012 0.722817  0 0 
4 0.269686 0.755322 0.252656 0.8481 0.202767 0.83053 0.207504 0.784252  0 0 
4 0.252656 0.8481 0.244919 0.890249 0.208194 0.866092 0.202767 0.83053  0 0 
4 0.244919 0.890249 0.236927 0.93379 0.182076 0.907917 0.208194 0.866092  0 0 
4 0.236927 0.93379 0.230411 0.969291 0.177215 0.946309 0.182076 0.907917  0 0 
4 0.230411 0.969291 0.227739 0.983843 0.162486 0.958271 0.177215 0.946309  0 0 
4 0.227739 0.983843 0.224774 1 0.193176 1 0.162486 0.958271  0 0 
4 0.431795 0 0.422829 0.0262624 0.394881 0.0293611 0.389165 0  0 0 
4 0.422829 0.0262624 0.430148 0.0523456 0.399198 0.0515395 0.394881 0.0293611  0 0 
4 0.430148 0.0523456 0.413345 0.0749451 0.390988 0.0841538 0.399198 0.0515395  0 0 
4 0.413345 0.0749451 0.417823 0.112286 0.378806 0.132543 0.390988 0.0841538  0 0 
4 0.417823 0.112286 0.368571 0.163078 0.360544 0.154968 0.378806 0.132543  0 0 
4 0.368571 0.163078 0.384193 0.191394 0.330808 0.191483 0.360544 0.154968  0 0 
4 0.384193 0.191394 0.334119 0.255002 0.306669 0.250284 0.330808 0.191483  0 0 
4 0.334119 0.255002 0.299778 0.354035 0.273153 0.331929 0.306669 0.250284  0 0 
4 0.299778 0.354035 0.323687 0.415261 0.269096 0.348247 0.273153 0.331929  0 0 
4 0.323687 0.415261 0.323985 0.430384 0.263885 0.369208 0.269096 0.348247  0 0 
4 0.323985 0.430384 0.317496 0.43495 0.289651 0.414183 0.263885 0.369208  0 0 
4 0.317496 0.43495 0.345415 0.479493 0.308648 0.447342 0.289651 0.414183  0 0 
4 0.345415 0.479493 0.352978 0.504948 0.30048 0.45519 0.308648 0.447342  0 0 
4 0.352978 0.504948 0.326559 0.49757 0.283274 0.47172 0.30048 0.45519  0 0 
4 0.326559 0.49757 0.354795 0.535362 0.29014 0.485767 0.283274 0.47172  0 0 
4 0.354795 0.535362 0.338841 0.538961 0.303976 0.514075 0.29014 0.485767  0 0 
4 0.338841 0.538961 0.353152 0.569257 0.30327 0.54211 0.303976 0.514075  0 0 
4 0.353152 0.569257 0.343009 0.606151 0.301939 0.594955 0.30327 0.54211  0 0 
4 0.343009 0.606151 0.328355 0.640157 0.290224 0.605408 0.301939 0.594955  0 0 
4 0.328355 0.640157 0.303823 0.637652 0.281509 0.613184 0.290224 0.605408  0 0 
4 0.303823 0.637652 0.292645 0.645135 0.264611 0.610905 0.281509 0.613184  0 0 
4 0.292645 0.645135 0.250385 0.629826 0.217386 0.604537 0.264611 0.610905  0 0 
4 0.250385 0.629826 0.258732 0.657341 0.202161 0.620714 0.217386 0.604537  0 0 
4 0.258732 0.657341 0.222638 0.67131 0.180471 0.643761 0.202161 0.620714  0 0 
4 0.222638 0.67131 0.25012 0.722817 0.181504 0.756608 0.180471 0.643761  0 0 
4 0.25012 0.722817 0.207504 0.784252 0.181866 0.79618 0.181504 0.756608  0 0 
4 0.207504 0.784252 0.202767 0.83053 0.179371 0.827904 0.181866 0.79618  0 0 
4 0.202767 0.83053 0.208194 0.866092 0.177933 0.846187 0.179371 0.827904  0 0 
4 0.208194 0.866092 0.182076 0.907917 0.153969 0.898211 0.177933 0.846187  0 0 
4 0.182076 0.907917 0.177215 0.946309 0.139349 0.92995 0.153969 0.898211  0 0 
4 0.177215 0.946309 0.162486 0.958271 0.127502 0.978227 0.139349 0.92995  0 0 
4 0.162486 0.958271 0.193176 1 0.122159 1 0.127502 0.978227  0 0 
4 0.389165 0 0.394881 0.0293611 0.357825 0.0287881 0.345384 0  0 0 
4 0.394881 0.0293611 0.399198 0.0515395 0.333849 0.0971334 0.357825 0.0287881  0 0 
4 0.399198 0.0515395 0.390988 0.0841538 0.352526 0.128349 0.333849 0.0971334  0 0 
4 0.390988 0.0841538 0.378806 0.132543 0.337127 0.154182 0.352526 0.128349  0 0 
4 0.378806 0.132543 0.360544 0.154968 0.288789 0.186922 0.337127 0.154182  0 0 
4 0.360544 0.154968 0.330808 0.191483 0.243521 0.220736 0.288789 0.186922  0 0 
4 0.330808 0.191483 0.306669 0.250284 0.243057 0.271528 0.243521 0.220736  0 0 
4 0.306669 0.250284 0.273153 0.331929 0.243902 0.307644 0.243057 0.271528  0 0 
4 0.273153 0.331929 0.269096 0.348247 0.212591 0.29993 0.243902 0.307644  0 0 
4 0.269096 0.348247 0.263885 0.369208 0.232132 0.338961 0.212591 0.29993  0 0 
4 0.263885 0.369208 0.289651 0.414183 0.248436 0.375402 0.232132 0.338961  0 0 
4 0.289651 0.414183 0.308648 0.447342 0.252312 0.39808 0.248436 0.375402  0 0 
4 0.308648 0.447342 0.30048 0.45519 0.223899 0.386043 0.252312 0.39808  0 0 
4 0.30048 0.45519 0.283274 0.47172 0.242618 0.426664 0.223899 0.386043  0 0 
4 0.283274 0.47172 0.29014 0.485767 0.262635 0.469258 0.242618 0.426664  0 0 
4 0.29014 0.485767 0.303976 0.514075 0.284789 0.50038 0.262635 0.469258  0 0 
4 0.303976 0.514075 0.30327 0.54211 0.282446 0.523423 0.284789 0.50038  0 0 
4 0.30327 0.54211 0.301939 0.594955 0.255096 0.539708 0.282446 0.523423  0 0 
4 0.301939 0.594955 0.290224 0.605408 0.22755 0.52981 0.255096 0.539708  0 0 
4 0.290224 0.605408 0.281509 0.613184 0.217561 0.543061 0.22755 0.52981  0 0 
4 0.281509 0.613184 0.264611 0.610905 0.218809 0.588354 0.217561 0.543061  0 0 
4 0.264611 0.610905 0.217386 0.604537 0.192033 0.588326 0.218809 0.588354  0 0 
4 0.217386 0.604537 0.202161 0.620714 0.163408 0.589173 0.192033 0.588326  0 0 
4 0.202161 0.620714 0.180471 0.643761 0.149263 0.623371 0.163408 0.589173  0 0 
4 0.180471 0.643761 0.181504 0.756608 0.145409 0.679642 0.149263 0.623371  0 0 
4 0.181504 0.756608 0.181866 0.79618 0.14386 0.741584 0.145409 0.679642  0 0 
4 0.181866 0.79618 0.179371 0.827904 0.153344 0.78959 0.14386 0.741584  0 0 
4 0.179371 0.827904 0.177933 0.846187 0.154801 0.830971 0.153344 0.78959  0 0 
4 0.177933 0.846187 0.153969 0.898211 0.153084 0.859768 0.154801 0.830971  0 0 
4 0.153969 0.898211 0.139349 0.92995 0.133258 0.911511 0.153084 0.859768  0 0 
4 0.139349 0.92995 0.127502 0.978227 0.125049 0.935059 0.133258 0.911511  0 0 
4 0.127502 0.978227 0.122159 1 0.0988692 1 0.125049 0.935059  0 0 
4 0.345384 0 0.357825 0.0287881 0.292684 0.0946447 0.309634 0  0 0 
4 0.357825 0.0287881 0.333849 0.0971334 0.286296 0.130311 0.292684 0.0946447  0 0 
4 0.333849 0.0971334 0.352526 0.128349 0.281557 0.156774 0.286296 0.130311  0 0 
4 0.352526 0.128349 0.337127 0.154182 0.276372 0.185725 0.281557 0.156774  0 0 
4 0.337127 0.154182 0.288789 0.186922 0.237106 0.213241 0.276372 0.185725  0 0 
4 0.288789 0.186922 0.243521 0.220736 0.210728 0.231726 0.237106 0.213241  0 0 
4 0.243521 0.220736 0.243057 0.271528 0.198433 0.240342 0.210728 0.231726  0 0 
4 0.243057 0.271528 0.243902 0.307644 0.179131 0.253868 0.198433 0.240342  0 0 
4 0.243902 0.307644 0.212591 0.29993 0.177395 0.262202 0.179131 0.253868  0 0 
4 0.212591 0.29993 0.232132 0.338961 0.173115 0.282742 0.177395 0.262202  0 0 
4 0.232132 0.338961 0.248436 0.375402 0.171022 0.292784 0.173115 0.282742  0 0 
4 0.248436 0.375402 0.252312 0.39808 0.164992 0.321725 0.171022 0.292784  0 0 
4 0.252312 0.39808 0.223899 0.386043 0.181314 0.349548 0.164992 0.321725  0 0 
4 0.223899 0.386043 0.242618 0.426664 0.196705 0.375784 0.181314 0.349548  0 0 
4 0.242618 0.426664 0.262635 0.469258 0.227731 0.428671 0.196705 0.375784  0 0 
4 0.262635 0.469258 0.284789 0.50038 0.259 0.481972 0.227731 0.428671  0 0 
4 0.284789 0.50038 0.282446 0.523423 0.238809 0.49009 0.259 0.481972  0 0 
4 0.282446 0.523423 0.255096 0.539708 0.219581 0.497821 0.238809 0.49009  0 0 
4 0.255096 0.539708 0.22755 0.52981 0.206416 0.503114 0.219581 0.497821  0 0 
4 0.22755 0.52981 0.217561 0.543061 0.187915 0.510552 0.206416 0.503114  0 0 
4 0.217561 0.543061 0.218809 0.588354 0.151351 0.532227 0.187915 0.510552  0 0 
4 0.218809 0.588354 0.192033 0.588326 0.126934 0.546701 0.151351 0.532227  0 0 
4 0.192033 0.588326 0.163408 0.589173 0.109517 0.557025 0.126934 0.546701  0 0 
4 0.163408 0.589173 0.149263 0.623371 0.0771147 0.576234 0.109517 0.557025  0 0 
4 0.149263 0.623371 0.145409 0.679642 0.0840152 0.605468 0.0771147 0.576234  0 0 
4 0.145409 0.679642 0.14386 0.741584 0.101925 0.681342 0.0840152 0.605468  0 0 
4 0.14386 0.741584 0.153344 0.78959 0.125579 0.781552 0.101925 0.681342  0 0 
4 0.153344 0.78959 0.154801 0.830971 0.134017 0.8173 0.125579 0.781552  0 0 
4 0.154801 0.830971 0.153084 0.859768 0.124821 0.843874 0.134017 0.8173  0 0 
4 0.153084 0.859768 0.133258 0.911511 0.117707 0.864431 0.124821 0.843874  0 0 
4 0.133258 0.911511 0.125049 0.935059 0.0912602 0.940856 0.117707 0.864431  0 0 
4 0.125049 0.935059 0.0988692 1 0.0707932 1 0.0912602 0.940856  0 0 
4 0.309634 0 0.292684 0.0946447 0.231073 0.028259 0.225835 0  0 0 
4 0.292684 0.0946447 0.286296 0.130311 0.257292 0.093326 0.231073 0.028259  0 0 
4 0.286296 0.130311 0.281557 0.156774 0.241578 0.12965 0.257292 0.093326  0 0 
4 0.281557 0.156774 0.276372 0.185725 0.230967 0.163112 0.241578 0.12965  0 0 
4 0.276372 0.185725 0.237106 0.213241 0.219632 0.175204 0.230967 0.163112  0 0 
4 0.237106 0.213241 0.210728 0.231726 0.143267 0.178833 0.219632 0.175204  0 0 
4 0.210728 0.231726 0.198433 0.240342 0.144262 0.20798 0.143267 0.178833  0 0 
4 0.198433 0.240342 0.179131 0.253868 0.141208 0.222382 0.144262 0.20798  0 0 
4 0.179131 0.253868 0.177395 0.262202 0.152929 0.246066 0.141208 0.222382  0 0 
4 0.177395 0.262202 0.173115 0.282742 0.144542 0.254558 0.152929 0.246066  0 0 
4 0.173115 0.282742 0.171022 0.292784 0.148404 0.283797 0.144542 0.254558  0 0 
4 0.171022 0.292784 0.164992 0.321725 0.133935 0.294378 0.148404 0.283797  0 0 
4 0.164992 0.321725 0.181314 0.349548 0.154626 0.322913 0.133935 0.294378  0 0 
4 0.181314 0.349548 0.196705 0.375784 0.174448 0.362109 0.154626 0.322913  0 0 
4 0.196705 0.375784 0.227731 0.428671 0.200184 0.421728 0.174448 0.362109  0 0 
4 0.227731 0.428671 0.259 0.481972 0.216232 0.451445 0.200184 0.421728  0 0 
4 0.259 0.481972 0.238809 0.49009 0.183817 0.466576 0.216232 0.451445  0 0 
4 0.238809 0.49009 0.219581 0.497821 0.12877 0.462589 0.183817 0.466576  0 0 
4 0.219581 0.497821 0.206416 0.503114 0.140873 0.482408 0.12877 0.462589  0 0 
4 0.206416 0.503114 0.187915 0.510552 0.161547 0.503457 0.140873 0.482408  0 0 
4 0.187915 0.510552 0.151351 0.532227 0.12228 0.513512 0.161547 0.503457  0 0 
4 0.151351 0.532227 0.126934 0.546701 0.0967334 0.532605 0.12228 0.513512  0 0 
4 0.126934 0.546701 0.109517 0.557025 0.0807085 0.540216 0.0967334 0.532605  0 0 
4 0.109517 0.557025 0.0771147 0.576234 0.0503793 0.558766 0.0807085 0.540216  0 0 
4 0.0771147 0.576234 0.0840152 0.605468 0.0663038 0.616483 0.0503793 0.558766  0 0 
4 0.0840152 0.605468 0.101925 0.681342 0.0543765 0.650718 0.0663038 0.616483  0 0 
4 0.101925 0.681342 0.125579 0.781552 0.1005 0.74223 0.0543765 0.650718  0 0 
4 0.125579 0.781552 0.134017 0.8173 0.0955205 0.772125 0.1005 0.74223  0 0 
4 0.134017 0.8173 0.124821 0.843874 0.088316 0.804507 0.0955205 0.772125  0 0 
4 0.124821 0.843874 0.117707 0.864431 0.071179 0.829791 0.088316 0.804507  0 0 
4 0.117707 0.864431 0.0912602 0.940856 0.0671435 0.91443 0.071179 0.829791  0 0 
4 0.0912602 0.940856 0.0707932 1 0.0606633 1 0.0671435 0.91443  0 0 
4 0.225835 0 0.231073 0.028259 0.178988 0.0277343 0.108081 0  0 0 
4 0.231073 0.028259 0.257292 0.093326 0.21774 0.0428917 0.178988 0.0277343  0 0 
4 0.257292 0.093326 0.241578 0.12965 0.175364 0.0691207 0.21774 0.0428917  0 0 
4 0.241578 0.12965 0.230967 0.163112 0.116006 0.105861 0.175364 0.0691207  0 0 
4 0.230967 0.163112 0.219632 0.175204 0.104908 0.116335 0.116006 0.105861  0 0 
4 0.219632 0.175204 0.143267 0.178833 0.0861413 0.134044 0.104908 0.116335  0 0 
4 0.143267 0.178833 0.144262 0.20798 0.0940031 0.154121 0.0861413 0.134044  0 0 
4 0.144262 0.20798 0.141208 0.222382 0.11087 0.197194 0.0940031 0.154121  0 0 
4 0.141208 0.222382 0.152929 0.246066 0.100011 0.195124 0.11087 0.197194  0 0 
4 0.152929 0.246066 0.144542 0.254558 0.0805213 0.191409 0.100011 0.195124  0 0 
4 0.144542 0.254558 0.148404 0.283797 0.0978676 0.231886 0.0805213 0.191409  0 0 
4 0.148404 0.283797 0.133935 0.294378 0.11902 0.281244 0.0978676 0.231886  0 0 
4 0.133935 0.294378 0.154626 0.322913 0.121309 0.312944 0.11902 0.281244  0 0 
4 0.154626 0.322913 0.174448 0.362109 0.122557 0.330227 0.121309 0.312944  0 0 
4 0.174448 0.362109 0.200184 0.421728 0.142596 0.377553 0.122557 0.330227  0 0 
4 0.200184 0.421728 0.216232 0.451445 0.155542 0.408126 0.142596 0.377553  0 0 
4 0.216232 0.451445 0.183817 0.466576 0.109509 0.425696 0.155542 0.408126  0 0 
4 0.183817 0.466576 0.12877 0.462589 0.071284 0.440285 0.109509 0.425696  0 0 
4 0.12877 0.462589 0.140873 0.482408 0.0828529 0.455137 0.071284 0.440285  0 0 
4 0.140873 0.482408 0.161547 0.503457 0.109604 0.489481 0.0828529 0.455137  0 0 
4 0.161547 0.503457 0.12228 0.513512 0.0800484 0.495466 0.109604 0.489481  0 0 
4 0.12228 0.513512 0.0967334 0.532605 0.0361916 0.504347 0.0800484 0.495466  0 0 
4 0.0967334 0.532605 0.0807085 0.540216 0.030137 0.526893 0.0361916 0.504347  0 0 
4 0.0807085 0.540216 0.0503793 0.558766 0.0258766 0.542758 0.030137 0.526893  0 0 
4 0.0503793 0.558766 0.0663038 0.616483 0.0304946 0.580639 0.0258766 0.542758  0 0 
4 0.0663038 0.616483 0.0543765 0.650718 0.0377305 0.639997 0.0304946 0.580639  0 0 
4 0.0543765 0.650718 0.1005 0.74223 0.0593003 0.699464 0.0377305 0.639997  0 0 
4 0.1005 0.74223 0.0955205 0.772125 0.0783446 0.751969 0.0593003 0.699464  0 0 
4 0.0955205 0.772125 0.088316 0.804507 0.0526132 0.784942 0.0783446 0.751969  0 0 
4 0.088316 0.804507 0.071179 0.829791 0.0372982 0.804566 0.0526132 0.784942  0 0 
4 0.071179 0.829791 0.0671435 0.91443 0.0444026 0.896233 0.0372982 0.804566  0 0 
4 0.0671435 0.91443 0.0606633 1 0.0524449 1 0.0444026 0.896233  0 0 
4 0.108081 0 0.178988 0.0277343 0.065127 0.0109115 0.0625533 0  0 0 
4 0.178988 0.0277343 0.21774 0.0428917 0.133077 0.0356599 0.065127 0.0109115  0 0 
4 0.21774 0.0428917 0.175364 0.0691207 0.0437533 0.0532681 0.133077 0.0356599  0 0 
4 0.175364 0.0691207 0.116006 0.105861 0.0325088 0.0642791 0.0437533 0.0532681  0 0 
4 0.116006 0.105861 0.104908 0.116335 0.0260112 0.0810806 0.0325088 0.0642791  0 0 
4 0.104908 0.116335 0.0861413 0.134044 0.0345309 0.107283 0.0260112 0.0810806  0 0 
4 0.0861413 0.134044 0.0940031 0.154121 0.0531991 0.128275 0.0345309 0.107283  0 0 
4 0.0940031 0.154121 0.11087 0.197194 0.0358394 0.1349 0.0531991 0.128275  0 0 
4 0.11087 0.197194 0.100011 0.195124 0.0722289 0.176028 0.0358394 0.1349  0 0 
4 0.100011 0.195124 0.0805213 0.191409 0.0431127 0.1671 0.0722289 0.176028  0 0 
4 0.0805213 0.191409 0.0978676 0.231886 0.0464668 0.194547 0.0431127 0.1671  0 0 
4 0.0978676 0.231886 0.11902 0.281244 0.049434 0.219968 0.0464668 0.194547  0 0 
4 0.11902 0.281244 0.121309 0.312944 0.0341325 0.240986 0.049434 0.219968  0 0 
4 0.121309 0.312944 0.122557 0.330227 0.0850387 0.305284 0.0341325 0.240986  0 0 
4 0.122557 0.330227 0.142596 0.377553 0.0744884 0.316188 0.0850387 0.305284  0 0 
4 0.142596 0.377553 0.155542 0.408126 0.069569 0.346761 0.0744884 0.316188  0 0 
4 0.155542 0.408126 0.109509 0.425696 0.0356591 0.368881 0.069569 0.346761  0 0 
4 0.109509 0.425696 0.071284 0.440285 0.0510077 0.418135 0.0356591 0.368881  0 0 
4 0.071284 0.440285 0.0828529 0.455137 0.0443108 0.434011 0.0510077 0.418135  0 0 
4 0.0828529 0.455137 0.109604 0.489481 0.0599185 0.476111 0.0443108 0.434011  0 0 
4 0.109604 0.489481 0.0800484 0.495466 0.0249958 0.47867 0.0599185 0.476111  0 0 
4 0.0800484 0.495466 0.0361916 0.504347 0.0186729 0.49086 0.0249958 0.47867  0 0 
4 0.0361916 0.504347 0.030137 0.526893 0.0179443 0.50948 0.0186729 0.49086  0 0 
4 0.030137 0.526893 0.0258766 0.542758 0.0189683 0.538244 0.0179443 0.50948  0 0 
4 0.0258766 0.542758 0.0304946 0.580639 0.0160011 0.567383 0.0189683 0.538244  0 0 
4 0.0304946 0.580639 0.0377305 0.639997 0.0159769 0.598096 0.0160011 0.567383  0 0 
4 0.0377305 0.639997 0.0593003 0.699464 0.0355639 0.666679 0.0159769 0.598096  0 0 
4 0.0593003 0.699464 0.0783446 0.751969 0.0416032 0.708854 0.0355639 0.666679  0 0 
4 0.0783446 0.751969 0.0526132 0.784942 0.02446 0.764045 0.0416032 0.708854  0 0 
4 0.0526132 0.784942 0.0372982 0.804566 0.0229642 0.816913 0.02446 0.764045  0 0 
4 0.0372982 0.804566 0.0444026 0.896233 0.0280177 0.914817 0.0229642 0.816913  0 0 
4 0.0444026 0.896233 0.0524449 1 0.0334482 1 0.0280177 0.914817  0 0 
4 0.0625533 0 0.065127 0.0109115 0 0.00666938 0 0  0 0 
4 0.065127 0.0109115 0.133077 0.0356599 0 0.0242927 0 0.00666938  0 0 
4 0.133077 0.0356599 0.0437533 0.0532681 0 0.0405419 0 0.0242927  0 0 
4 0.0437533 0.0532681 0.0325088 0.0642791 0 0.0480895 0 0.0405419  0 0 
4 0.0325088 0.0642791 0.0260112 0.0810806 0 0.0723624 0 0.0480895  0 0 
4 0.0260112 0.0810806 0.0345309 0.107283 0 0.0893777 0 0.0723624  0 0 
4 0.0345309 0.107283 0.0531991 0.128275 0 0.100451 0 0.0893777  0 0 
4 0.0531991 0.128275 0.0358394 0.1349 0 0.105144 0 0.100451  0 0 
4 0.0358394 0.1349 0.0722289 0.176028 0 0.114067 0 0.105144  0 0 
4 0.0722289 0.176028 0.0431127 0.1671 0 0.139085 0 0.114067  0 0 
4 0.0431127 0.1671 0.0464668 0.194547 0 0.157473 0 0.139085  0 0 
4 0.0464668 0.194547 0.049434 0.219968 0 0.176438 0 0.157473  0 0 
4 0.049434 0.219968 0.0341325 0.240986 0 0.228103 0 0.176438  0 0 
4 0.0341325 0.240986 0.0850387 0.305284 0 0.24875 0 0.228103  0 0 
4 0.0850387 0.305284 0.0744884 0.316188 0 0.26503 0 0.24875  0 0 
4 0.0744884 0.316188 0.069569 0.346761 0 0.297104 0 0.26503  0 0 
4 0.069569 0.346761 0.0356591 0.368881 0 0.317146 0 0.297104  0 0 
4 0.0356591 0.368881 0.0510077 0.418135 0 0.362412 0 0.317146  0 0 
4 0.0510077 0.418135 0.0443108 0.434011 0 0.391789 0 0.362412  0 0 
4 0.0443108 0.434011 0.0599185 0.476111 0 0.459989 0 0.391789  0 0 
4 0.0599185 0.476111 0.0249958 0.47867 0 0.465602 0 0.459989  0 0 
4 0.0249958 0.47867 0.0186729 0.49086 0 0.476485 0 0.465602  0 0 
4 0.0186729 0.49086 0.0179443 0.50948 0 0.502947 0 0.476485  0 0 
4 0.0179443 0.50948 0.0189683 0.538244 0 0.525851 0 0.502947  0 0 
4 0.0189683 0.538244 0.0160011 0.567383 0 0.542022 0 0.525851  0 0 
4 0.0160011 0.567383 0.0159769 0.598096 0 0.567322 0 0.542022  0 0 
4 0.0159769 0.598096 0.0355639 0.666679 0 0.629601 0 0.567322  0 0 
4 0.0355639 0.666679 0.0416032 0.708854 0 0.660033 0 0.629601  0 0 
4 0.0416032 0.708854 0.02446 0.764045 0 0.71866 0 0.660033  0 0 
4 0.02446 0.764045 0.0229642 0.816913 0 0.836692 0 0.71866  0 0 
4 0.0229642 0.816913 0.0280177 0.914817 0 0.927623 0 0.836692  0 0 
4 0.0280177 0.914817 0.0334482 1 0 1 0 0.927623  0 0 
