# Date: 8/4/2013   Time: 10:12
# dimensions 
1 1 
# connectivity 
64
4 1 2 3 4 1 1 
4 5 6 7 8 1 1 
4 9 10 11 12 1 1 
4 13 14 15 16 1 1 
4 17 18 19 20 1 1 
4 21 22 23 24 1 1 
4 25 26 27 28 1 1 
4 29 30 31 32 1 1 
4 33 34 35 36 1 1 
4 37 38 39 40 1 1 
4 41 42 43 44 1 1 
4 45 46 47 48 1 1 
4 49 50 51 52 1 1 
4 53 54 55 56 1 1 
4 57 58 59 60 1 1 
4 61 62 63 64 1 1 
4 65 66 67 68 1 1 
4 69 70 71 72 1 1 
4 73 74 75 76 1 1 
4 77 78 79 80 1 1 
4 81 82 83 84 1 1 
4 85 86 87 88 1 1 
4 89 90 91 92 1 1 
4 93 94 95 96 1 1 
4 97 98 99 100 1 1 
4 101 102 103 104 1 1 
4 105 106 107 108 1 1 
4 109 110 111 112 1 1 
4 113 114 115 116 1 1 
4 117 118 119 120 1 1 
4 121 122 123 124 1 1 
4 125 126 127 128 1 1 
4 129 130 131 132 1 1 
4 133 134 135 136 1 1 
4 137 138 139 140 1 1 
4 141 142 143 144 1 1 
4 145 146 147 148 1 1 
4 149 150 151 152 1 1 
4 153 154 155 156 1 1 
4 157 158 159 160 1 1 
4 161 162 163 164 1 1 
4 165 166 167 168 1 1 
4 169 170 171 172 1 1 
4 173 174 175 176 1 1 
4 177 178 179 180 1 1 
4 181 182 183 184 1 1 
4 185 186 187 188 1 1 
4 189 190 191 192 1 1 
4 193 194 195 196 1 1 
4 197 198 199 200 1 1 
4 201 202 203 204 1 1 
4 205 206 207 208 1 1 
4 209 210 211 212 1 1 
4 213 214 215 216 1 1 
4 217 218 219 220 1 1 
4 221 222 223 224 1 1 
4 225 226 227 228 1 1 
4 229 230 231 232 1 1 
4 233 234 235 236 1 1 
4 237 238 239 240 1 1 
4 241 242 243 244 1 1 
4 245 246 247 248 1 1 
4 249 250 251 252 1 1 
4 253 254 255 256 1 1 
# DG vertices (counter-clockwise) 
256
 1 0 
 1 0.275468 
 0.652249 0.277492 
 0.868474 0 
 1 0.275468 
 1 0.386786 
 0.616505 0.382883 
 0.652249 0.277492 
 1 0.386786 
 1 0.577635 
 0.757851 0.512414 
 0.616505 0.382883 
 1 0.577635 
 1 0.744004 
 0.741151 0.709069 
 0.757851 0.512414 
 1 0.744004 
 1 0.803128 
 0.751891 0.746345 
 0.741151 0.709069 
 1 0.803128 
 1 0.819963 
 0.916342 0.801701 
 0.751891 0.746345 
 1 0.819963 
 1 0.970112 
 0.842473 0.885303 
 0.916342 0.801701 
 1 0.970112 
 1 1 
 0.895898 1 
 0.842473 0.885303 
 0.868474 0 
 0.652249 0.277492 
 0.725684 0.116729 
 0.832904 0 
 0.652249 0.277492 
 0.616505 0.382883 
 0.482463 0.381519 
 0.725684 0.116729 
 0.616505 0.382883 
 0.757851 0.512414 
 0.605009 0.645343 
 0.482463 0.381519 
 0.757851 0.512414 
 0.741151 0.709069 
 0.627483 0.693728 
 0.605009 0.645343 
 0.741151 0.709069 
 0.751891 0.746345 
 0.641314 0.724456 
 0.627483 0.693728 
 0.751891 0.746345 
 0.916342 0.801701 
 0.649904 0.743542 
 0.641314 0.724456 
 0.916342 0.801701 
 0.842473 0.885303 
 0.743629 0.900634 
 0.649904 0.743542 
 0.842473 0.885303 
 0.895898 1 
 0.802913 1 
 0.743629 0.900634 
 0.832904 0 
 0.725684 0.116729 
 0.404399 0.116456 
 0.330147 0 
 0.725684 0.116729 
 0.482463 0.381519 
 0.365409 0.296925 
 0.404399 0.116456 
 0.482463 0.381519 
 0.605009 0.645343 
 0.511077 0.579697 
 0.365409 0.296925 
 0.605009 0.645343 
 0.627483 0.693728 
 0.570351 0.686017 
 0.511077 0.579697 
 0.627483 0.693728 
 0.641314 0.724456 
 0.58076 0.729234 
 0.570351 0.686017 
 0.641314 0.724456 
 0.649904 0.743542 
 0.594101 0.769896 
 0.58076 0.729234 
 0.649904 0.743542 
 0.743629 0.900634 
 0.716747 0.956403 
 0.594101 0.769896 
 0.743629 0.900634 
 0.802913 1 
 0.674201 1 
 0.716747 0.956403 
 0.330147 0 
 0.404399 0.116456 
 0.248016 0.128759 
 0.176077 0 
 0.404399 0.116456 
 0.365409 0.296925 
 0.3261 0.268516 
 0.248016 0.128759 
 0.365409 0.296925 
 0.511077 0.579697 
 0.522764 0.620514 
 0.3261 0.268516 
 0.511077 0.579697 
 0.570351 0.686017 
 0.558465 0.684413 
 0.522764 0.620514 
 0.570351 0.686017 
 0.58076 0.729234 
 0.568236 0.759368 
 0.558465 0.684413 
 0.58076 0.729234 
 0.594101 0.769896 
 0.571029 0.780792 
 0.568236 0.759368 
 0.594101 0.769896 
 0.716747 0.956403 
 0.576979 0.826435 
 0.571029 0.780792 
 0.716747 0.956403 
 0.674201 1 
 0.599605 1 
 0.576979 0.826435 
 0.176077 0 
 0.248016 0.128759 
 0.213392 0.176 
 0.147018 0 
 0.248016 0.128759 
 0.3261 0.268516 
 0.274911 0.322095 
 0.213392 0.176 
 0.3261 0.268516 
 0.522764 0.620514 
 0.417067 0.534183 
 0.274911 0.322095 
 0.522764 0.620514 
 0.558465 0.684413 
 0.359707 0.504719 
 0.417067 0.534183 
 0.558465 0.684413 
 0.568236 0.759368 
 0.40968 0.741307 
 0.359707 0.504719 
 0.568236 0.759368 
 0.571029 0.780792 
 0.482616 0.800755 
 0.40968 0.741307 
 0.571029 0.780792 
 0.576979 0.826435 
 0.501315 0.876674 
 0.482616 0.800755 
 0.576979 0.826435 
 0.599605 1 
 0.467367 1 
 0.501315 0.876674 
 0.147018 0 
 0.213392 0.176 
 0.136504 0.0673528 
 0.107963 0 
 0.213392 0.176 
 0.274911 0.322095 
 0.253811 0.34418 
 0.136504 0.0673528 
 0.274911 0.322095 
 0.417067 0.534183 
 0.256221 0.361717 
 0.253811 0.34418 
 0.417067 0.534183 
 0.359707 0.504719 
 0.263982 0.418175 
 0.256221 0.361717 
 0.359707 0.504719 
 0.40968 0.741307 
 0.261268 0.54452 
 0.263982 0.418175 
 0.40968 0.741307 
 0.482616 0.800755 
 0.254661 0.852224 
 0.261268 0.54452 
 0.482616 0.800755 
 0.501315 0.876674 
 0.356153 0.936151 
 0.254661 0.852224 
 0.501315 0.876674 
 0.467367 1 
 0.433366 1 
 0.356153 0.936151 
 0.107963 0 
 0.136504 0.0673528 
 0.0417862 0.106652 
 0.0738338 0 
 0.136504 0.0673528 
 0.253811 0.34418 
 0.147598 0.261449 
 0.0417862 0.106652 
 0.253811 0.34418 
 0.256221 0.361717 
 0.118641 0.26381 
 0.147598 0.261449 
 0.256221 0.361717 
 0.263982 0.418175 
 0.0806338 0.252413 
 0.118641 0.26381 
 0.263982 0.418175 
 0.261268 0.54452 
 0.106638 0.521782 
 0.0806338 0.252413 
 0.261268 0.54452 
 0.254661 0.852224 
 0.0382987 0.459319 
 0.106638 0.521782 
 0.254661 0.852224 
 0.356153 0.936151 
 0.160511 0.873349 
 0.0382987 0.459319 
 0.356153 0.936151 
 0.433366 1 
 0.314645 1 
 0.160511 0.873349 
 0.0738338 0 
 0.0417862 0.106652 
 0 0.112394 
 0 0 
 0.0417862 0.106652 
 0.147598 0.261449 
 0 0.146482 
 0 0.112394 
 0.147598 0.261449 
 0.118641 0.26381 
 0 0.161882 
 0 0.146482 
 0.118641 0.26381 
 0.0806338 0.252413 
 0 0.179514 
 0 0.161882 
 0.0806338 0.252413 
 0.106638 0.521782 
 0 0.336819 
 0 0.179514 
 0.106638 0.521782 
 0.0382987 0.459319 
 0 0.38977 
 0 0.336819 
 0.0382987 0.459319 
 0.160511 0.873349 
 0 0.792031 
 0 0.38977 
 0.160511 0.873349 
 0.314645 1 
 0 1 
 0 0.792031 
# grid vertices (counter-clockwise) 
81
1 0 
1 0.275468 
1 0.386786 
1 0.577635 
1 0.744004 
1 0.803128 
1 0.819963 
1 0.970112 
1 1 
0.868474 0 
0.652249 0.277492 
0.616505 0.382883 
0.757851 0.512414 
0.741151 0.709069 
0.751891 0.746345 
0.916342 0.801701 
0.842473 0.885303 
0.895898 1 
0.832904 0 
0.725684 0.116729 
0.482463 0.381519 
0.605009 0.645343 
0.627483 0.693728 
0.641314 0.724456 
0.649904 0.743542 
0.743629 0.900634 
0.802913 1 
0.330147 0 
0.404399 0.116456 
0.365409 0.296925 
0.511077 0.579697 
0.570351 0.686017 
0.58076 0.729234 
0.594101 0.769896 
0.716747 0.956403 
0.674201 1 
0.176077 0 
0.248016 0.128759 
0.3261 0.268516 
0.522764 0.620514 
0.558465 0.684413 
0.568236 0.759368 
0.571029 0.780792 
0.576979 0.826435 
0.599605 1 
0.147018 0 
0.213392 0.176 
0.274911 0.322095 
0.417067 0.534183 
0.359707 0.504719 
0.40968 0.741307 
0.482616 0.800755 
0.501315 0.876674 
0.467367 1 
0.107963 0 
0.136504 0.0673528 
0.253811 0.34418 
0.256221 0.361717 
0.263982 0.418175 
0.261268 0.54452 
0.254661 0.852224 
0.356153 0.936151 
0.433366 1 
0.0738338 0 
0.0417862 0.106652 
0.147598 0.261449 
0.118641 0.26381 
0.0806338 0.252413 
0.106638 0.521782 
0.0382987 0.459319 
0.160511 0.873349 
0.314645 1 
0 0 
0 0.112394 
0 0.146482 
0 0.161882 
0 0.179514 
0 0.336819 
0 0.38977 
0 0.792031 
0 1 
