polygon
16
4 1 0 1 0.125754 0.863994 0.267809 0.933655 0  0 0 
4 1 0.125754 1 0.271084 0.868991 0.395482 0.863994 0.267809  0 0 
4 1 0.271084 1 0.78239 0.866857 0.598664 0.868991 0.395482  0 0 
4 1 0.78239 1 1 0.785444 1 0.866857 0.598664  0 0 
4 0.933655 0 0.863994 0.267809 0.607621 0.416345 0.746146 0  0 0 
4 0.863994 0.267809 0.868991 0.395482 0.497059 0.748645 0.607621 0.416345  0 0 
4 0.868991 0.395482 0.866857 0.598664 0.567535 0.850735 0.497059 0.748645  0 0 
4 0.866857 0.598664 0.785444 1 0.670577 1 0.567535 0.850735  0 0 
4 0.746146 0 0.607621 0.416345 0.335211 0.451085 0.40529 0  0 0 
4 0.607621 0.416345 0.497059 0.748645 0.218619 0.574502 0.335211 0.451085  0 0 
4 0.497059 0.748645 0.567535 0.850735 0.192409 0.678624 0.218619 0.574502  0 0 
4 0.567535 0.850735 0.670577 1 0.473663 1 0.192409 0.678624  0 0 
4 0.40529 0 0.335211 0.451085 0 0.230936 0 0  0 0 
4 0.335211 0.451085 0.218619 0.574502 0 0.437772 0 0.230936  0 0 
4 0.218619 0.574502 0.192409 0.678624 0 0.736597 0 0.437772  0 0 
4 0.192409 0.678624 0.473663 1 0 1 0 0.736597  0 0 
