# Date: 7/13/2013   Time: 1:59
# dimensions 
1 1 
# connectivity 
289
4  1  2  3  4    1 1 
6  5  6  7  8  9  10    1 1 
3  11  12  13    1 1 
5  14  15  16  17  18    1 1 
6  19  20  21  22  23  24    1 1 
7  25  26  27  28  29  30  31    1 1 
5  32  33  34  35  36    1 1 
5  37  38  39  40  41    1 1 
5  42  43  44  45  46    1 1 
4  47  48  49  50    1 1 
7  51  52  53  54  55  56  57    1 1 
7  58  59  60  61  62  63  64    1 1 
4  65  66  67  68    1 1 
5  69  70  71  72  73    1 1 
4  74  75  76  77    1 1 
5  78  79  80  81  82    1 1 
4  83  84  85  86    1 1 
7  87  88  89  90  91  92  93    1 1 
4  94  95  96  97    1 1 
6  98  99  100  101  102  103    1 1 
5  104  105  106  107  108    1 1 
5  109  110  111  112  113    1 1 
4  114  115  116  117    1 1 
6  118  119  120  121  122  123    1 1 
7  124  125  126  127  128  129  130    1 1 
5  131  132  133  134  135    1 1 
7  136  137  138  139  140  141  142    1 1 
4  143  144  145  146    1 1 
7  147  148  149  150  151  152  153    1 1 
4  154  155  156  157    1 1 
9  158  159  160  161  162  163  164  165  166    1 1 
7  167  168  169  170  171  172  173    1 1 
7  174  175  176  177  178  179  180    1 1 
4  181  182  183  184    1 1 
5  185  186  187  188  189    1 1 
5  190  191  192  193  194    1 1 
7  195  196  197  198  199  200  201    1 1 
6  202  203  204  205  206  207    1 1 
4  208  209  210  211    1 1 
6  212  213  214  215  216  217    1 1 
5  218  219  220  221  222    1 1 
5  223  224  225  226  227    1 1 
8  228  229  230  231  232  233  234  235    1 1 
6  236  237  238  239  240  241    1 1 
7  242  243  244  245  246  247  248    1 1 
6  249  250  251  252  253  254    1 1 
5  255  256  257  258  259    1 1 
7  260  261  262  263  264  265  266    1 1 
5  267  268  269  270  271    1 1 
5  272  273  274  275  276    1 1 
5  277  278  279  280  281    1 1 
4  282  283  284  285    1 1 
7  286  287  288  289  290  291  292    1 1 
6  293  294  295  296  297  298    1 1 
8  299  300  301  302  303  304  305  306    1 1 
6  307  308  309  310  311  312    1 1 
6  313  314  315  316  317  318    1 1 
5  319  320  321  322  323    1 1 
5  324  325  326  327  328    1 1 
4  329  330  331  332    1 1 
4  333  334  335  336    1 1 
7  337  338  339  340  341  342  343    1 1 
4  344  345  346  347    1 1 
5  348  349  350  351  352    1 1 
6  353  354  355  356  357  358    1 1 
5  359  360  361  362  363    1 1 
5  364  365  366  367  368    1 1 
4  369  370  371  372    1 1 
5  373  374  375  376  377    1 1 
6  378  379  380  381  382  383    1 1 
7  384  385  386  387  388  389  390    1 1 
6  391  392  393  394  395  396    1 1 
5  397  398  399  400  401    1 1 
7  402  403  404  405  406  407  408    1 1 
6  409  410  411  412  413  414    1 1 
6  415  416  417  418  419  420    1 1 
6  421  422  423  424  425  426    1 1 
6  427  428  429  430  431  432    1 1 
5  433  434  435  436  437    1 1 
8  438  439  440  441  442  443  444  445    1 1 
6  446  447  448  449  450  451    1 1 
6  452  453  454  455  456  457    1 1 
4  458  459  460  461    1 1 
7  462  463  464  465  466  467  468    1 1 
5  469  470  471  472  473    1 1 
4  474  475  476  477    1 1 
9  478  479  480  481  482  483  484  485  486    1 1 
9  487  488  489  490  491  492  493  494  495    1 1 
4  496  497  498  499    1 1 
6  500  501  502  503  504  505    1 1 
8  506  507  508  509  510  511  512  513    1 1 
8  514  515  516  517  518  519  520  521    1 1 
5  522  523  524  525  526    1 1 
6  527  528  529  530  531  532    1 1 
8  533  534  535  536  537  538  539  540    1 1 
6  541  542  543  544  545  546    1 1 
10  547  548  549  550  551  552  553  554  555  556    1 1 
4  557  558  559  560    1 1 
6  561  562  563  564  565  566    1 1 
5  567  568  569  570  571    1 1 
7  572  573  574  575  576  577  578    1 1 
7  579  580  581  582  583  584  585    1 1 
6  586  587  588  589  590  591    1 1 
4  592  593  594  595    1 1 
6  596  597  598  599  600  601    1 1 
5  602  603  604  605  606    1 1 
5  607  608  609  610  611    1 1 
5  612  613  614  615  616    1 1 
7  617  618  619  620  621  622  623    1 1 
7  624  625  626  627  628  629  630    1 1 
3  631  632  633    1 1 
5  634  635  636  637  638    1 1 
5  639  640  641  642  643    1 1 
5  644  645  646  647  648    1 1 
4  649  650  651  652    1 1 
7  653  654  655  656  657  658  659    1 1 
5  660  661  662  663  664    1 1 
6  665  666  667  668  669  670    1 1 
4  671  672  673  674    1 1 
4  675  676  677  678    1 1 
5  679  680  681  682  683    1 1 
6  684  685  686  687  688  689    1 1 
4  690  691  692  693    1 1 
6  694  695  696  697  698  699    1 1 
8  700  701  702  703  704  705  706  707    1 1 
5  708  709  710  711  712    1 1 
5  713  714  715  716  717    1 1 
6  718  719  720  721  722  723    1 1 
9  724  725  726  727  728  729  730  731  732    1 1 
6  733  734  735  736  737  738    1 1 
7  739  740  741  742  743  744  745    1 1 
8  746  747  748  749  750  751  752  753    1 1 
7  754  755  756  757  758  759  760    1 1 
6  761  762  763  764  765  766    1 1 
6  767  768  769  770  771  772    1 1 
4  773  774  775  776    1 1 
4  777  778  779  780    1 1 
7  781  782  783  784  785  786  787    1 1 
6  788  789  790  791  792  793    1 1 
7  794  795  796  797  798  799  800    1 1 
4  801  802  803  804    1 1 
4  805  806  807  808    1 1 
7  809  810  811  812  813  814  815    1 1 
5  816  817  818  819  820    1 1 
4  821  822  823  824    1 1 
5  825  826  827  828  829    1 1 
5  830  831  832  833  834    1 1 
6  835  836  837  838  839  840    1 1 
5  841  842  843  844  845    1 1 
5  846  847  848  849  850    1 1 
6  851  852  853  854  855  856    1 1 
6  857  858  859  860  861  862    1 1 
4  863  864  865  866    1 1 
5  867  868  869  870  871    1 1 
7  872  873  874  875  876  877  878    1 1 
8  879  880  881  882  883  884  885  886    1 1 
7  887  888  889  890  891  892  893    1 1 
7  894  895  896  897  898  899  900    1 1 
6  901  902  903  904  905  906    1 1 
5  907  908  909  910  911    1 1 
7  912  913  914  915  916  917  918    1 1 
4  919  920  921  922    1 1 
7  923  924  925  926  927  928  929    1 1 
6  930  931  932  933  934  935    1 1 
8  936  937  938  939  940  941  942  943    1 1 
7  944  945  946  947  948  949  950    1 1 
7  951  952  953  954  955  956  957    1 1 
4  958  959  960  961    1 1 
7  962  963  964  965  966  967  968    1 1 
5  969  970  971  972  973    1 1 
4  974  975  976  977    1 1 
8  978  979  980  981  982  983  984  985    1 1 
4  986  987  988  989    1 1 
5  990  991  992  993  994    1 1 
7  995  996  997  998  999  1000  1001    1 1 
4  1002  1003  1004  1005    1 1 
8  1006  1007  1008  1009  1010  1011  1012  1013    1 1 
6  1014  1015  1016  1017  1018  1019    1 1 
6  1020  1021  1022  1023  1024  1025    1 1 
6  1026  1027  1028  1029  1030  1031    1 1 
4  1032  1033  1034  1035    1 1 
7  1036  1037  1038  1039  1040  1041  1042    1 1 
6  1043  1044  1045  1046  1047  1048    1 1 
6  1049  1050  1051  1052  1053  1054    1 1 
6  1055  1056  1057  1058  1059  1060    1 1 
4  1061  1062  1063  1064    1 1 
4  1065  1066  1067  1068    1 1 
4  1069  1070  1071  1072    1 1 
7  1073  1074  1075  1076  1077  1078  1079    1 1 
6  1080  1081  1082  1083  1084  1085    1 1 
5  1086  1087  1088  1089  1090    1 1 
8  1091  1092  1093  1094  1095  1096  1097  1098    1 1 
5  1099  1100  1101  1102  1103    1 1 
6  1104  1105  1106  1107  1108  1109    1 1 
5  1110  1111  1112  1113  1114    1 1 
7  1115  1116  1117  1118  1119  1120  1121    1 1 
6  1122  1123  1124  1125  1126  1127    1 1 
6  1128  1129  1130  1131  1132  1133    1 1 
8  1134  1135  1136  1137  1138  1139  1140  1141    1 1 
5  1142  1143  1144  1145  1146    1 1 
6  1147  1148  1149  1150  1151  1152    1 1 
5  1153  1154  1155  1156  1157    1 1 
6  1158  1159  1160  1161  1162  1163    1 1 
3  1164  1165  1166    1 1 
5  1167  1168  1169  1170  1171    1 1 
4  1172  1173  1174  1175    1 1 
4  1176  1177  1178  1179    1 1 
4  1180  1181  1182  1183    1 1 
3  1184  1185  1186    1 1 
5  1187  1188  1189  1190  1191    1 1 
7  1192  1193  1194  1195  1196  1197  1198    1 1 
7  1199  1200  1201  1202  1203  1204  1205    1 1 
9  1206  1207  1208  1209  1210  1211  1212  1213  1214    1 1 
4  1215  1216  1217  1218    1 1 
4  1219  1220  1221  1222    1 1 
5  1223  1224  1225  1226  1227    1 1 
5  1228  1229  1230  1231  1232    1 1 
7  1233  1234  1235  1236  1237  1238  1239    1 1 
5  1240  1241  1242  1243  1244    1 1 
6  1245  1246  1247  1248  1249  1250    1 1 
6  1251  1252  1253  1254  1255  1256    1 1 
4  1257  1258  1259  1260    1 1 
7  1261  1262  1263  1264  1265  1266  1267    1 1 
7  1268  1269  1270  1271  1272  1273  1274    1 1 
7  1275  1276  1277  1278  1279  1280  1281    1 1 
4  1282  1283  1284  1285    1 1 
5  1286  1287  1288  1289  1290    1 1 
7  1291  1292  1293  1294  1295  1296  1297    1 1 
6  1298  1299  1300  1301  1302  1303    1 1 
5  1304  1305  1306  1307  1308    1 1 
6  1309  1310  1311  1312  1313  1314    1 1 
8  1315  1316  1317  1318  1319  1320  1321  1322    1 1 
7  1323  1324  1325  1326  1327  1328  1329    1 1 
5  1330  1331  1332  1333  1334    1 1 
6  1335  1336  1337  1338  1339  1340    1 1 
4  1341  1342  1343  1344    1 1 
5  1345  1346  1347  1348  1349    1 1 
6  1350  1351  1352  1353  1354  1355    1 1 
3  1356  1357  1358    1 1 
5  1359  1360  1361  1362  1363    1 1 
5  1364  1365  1366  1367  1368    1 1 
8  1369  1370  1371  1372  1373  1374  1375  1376    1 1 
8  1377  1378  1379  1380  1381  1382  1383  1384    1 1 
6  1385  1386  1387  1388  1389  1390    1 1 
10  1391  1392  1393  1394  1395  1396  1397  1398  1399  1400    1 1 
10  1401  1402  1403  1404  1405  1406  1407  1408  1409  1410    1 1 
6  1411  1412  1413  1414  1415  1416    1 1 
10  1417  1418  1419  1420  1421  1422  1423  1424  1425  1426    1 1 
5  1427  1428  1429  1430  1431    1 1 
12  1432  1433  1434  1435  1436  1437  1438  1439  1440  1441  1442  1443    1 1 
4  1444  1445  1446  1447    1 1 
6  1448  1449  1450  1451  1452  1453    1 1 
4  1454  1455  1456  1457    1 1 
9  1458  1459  1460  1461  1462  1463  1464  1465  1466    1 1 
5  1467  1468  1469  1470  1471    1 1 
5  1472  1473  1474  1475  1476    1 1 
9  1477  1478  1479  1480  1481  1482  1483  1484  1485    1 1 
6  1486  1487  1488  1489  1490  1491    1 1 
4  1492  1493  1494  1495    1 1 
9  1496  1497  1498  1499  1500  1501  1502  1503  1504    1 1 
6  1505  1506  1507  1508  1509  1510    1 1 
4  1511  1512  1513  1514    1 1 
5  1515  1516  1517  1518  1519    1 1 
7  1520  1521  1522  1523  1524  1525  1526    1 1 
5  1527  1528  1529  1530  1531    1 1 
4  1532  1533  1534  1535    1 1 
5  1536  1537  1538  1539  1540    1 1 
5  1541  1542  1543  1544  1545    1 1 
7  1546  1547  1548  1549  1550  1551  1552    1 1 
7  1553  1554  1555  1556  1557  1558  1559    1 1 
5  1560  1561  1562  1563  1564    1 1 
4  1565  1566  1567  1568    1 1 
4  1569  1570  1571  1572    1 1 
4  1573  1574  1575  1576    1 1 
7  1577  1578  1579  1580  1581  1582  1583    1 1 
4  1584  1585  1586  1587    1 1 
4  1588  1589  1590  1591    1 1 
4  1592  1593  1594  1595    1 1 
4  1596  1597  1598  1599    1 1 
5  1600  1601  1602  1603  1604    1 1 
3  1605  1606  1607    1 1 
4  1608  1609  1610  1611    1 1 
5  1612  1613  1614  1615  1616    1 1 
6  1617  1618  1619  1620  1621  1622    1 1 
5  1623  1624  1625  1626  1627    1 1 
4  1628  1629  1630  1631    1 1 
5  1632  1633  1634  1635  1636    1 1 
5  1637  1638  1639  1640  1641    1 1 
4  1642  1643  1644  1645    1 1 
# DG vertices (counter-clockwise) 
1645
0.984916  0  
1  0  
1  0.0587446  
0.984916  0.0587446  
0.918026  0.015708  
0.915803  0  
0.984916  0  
0.984916  0.0587446  
0.965672  0.0636858  
0.924994  0.028434  
0.849263  0  
0.881901  0  
0.849263  0.0118084  
0.821531  0  
0.849263  0  
0.849263  0.0118084  
0.844447  0.0194683  
0.821531  0.0137934  
0.784892  0  
0.821531  0  
0.821531  0.0137934  
0.802001  0.029847  
0.800848  0.0300389  
0.792501  0.0178005  
0.688873  0.0150558  
0.688873  0  
0.759493  0  
0.752621  0.0164006  
0.737485  0.0386327  
0.710333  0.028696  
0.69431  0.0194294  
0.630002  0  
0.688873  0  
0.688873  0.0150558  
0.664138  0.0324469  
0.630002  0.0251899  
0.602409  0  
0.630002  0  
0.630002  0.0251899  
0.613839  0.0259578  
0.602409  0.0221465  
0.548406  0  
0.602409  0  
0.602409  0.0221465  
0.591293  0.0273306  
0.591013  0.0273451  
0.498915  0  
0.547316  0  
0.533449  0.0223271  
0.517136  0.0362471  
0.379433  0  
0.459331  0  
0.44771  0.0618288  
0.414242  0.0678641  
0.40358  0.069201  
0.401925  0.0684249  
0.379433  0.0529041  
0.285794  0.0286398  
0.285794  0  
0.379433  0  
0.379433  0.0529041  
0.3658  0.0545742  
0.298678  0.0504807  
0.291868  0.0427602  
0.185064  0  
0.285794  0  
0.285794  0.0286398  
0.187855  0.014429  
0.0296902  0  
0.0897446  0  
0.0826459  0.0333288  
0.0413863  0.031085  
0.0296902  0.0183014  
0.0170201  0  
0.0296902  0  
0.0296902  0.0183014  
0.0170201  0.0143118  
0.00747207  0.00368387  
0.00747207  0  
0.0170201  0  
0.0170201  0.0143118  
0.0123368  0.0135512  
0  0  
0.00747207  0  
0.00747207  0.00368387  
0  0.00368387  
0.953689  0.0922295  
0.965672  0.0636858  
0.984916  0.0587446  
1  0.0587446  
1  0.152636  
0.969805  0.152636  
0.946024  0.111844  
0.924994  0.028434  
0.965672  0.0636858  
0.953689  0.0922295  
0.881776  0.0722752  
0.849263  0.0118084  
0.881901  0  
0.915803  0  
0.918026  0.015708  
0.855809  0.038218  
0.844447  0.0194683  
0.802001  0.029847  
0.821531  0.0137934  
0.844447  0.0194683  
0.855809  0.038218  
0.845971  0.0656998  
0.752621  0.0164006  
0.792501  0.0178005  
0.800848  0.0300389  
0.76474  0.0699484  
0.737485  0.0386327  
0.759493  0  
0.784892  0  
0.792501  0.0178005  
0.752621  0.0164006  
0.613839  0.0259578  
0.630002  0.0251899  
0.664138  0.0324469  
0.654878  0.0623788  
0.649523  0.0647618  
0.616319  0.057703  
0.591293  0.0273306  
0.602409  0.0221465  
0.613839  0.0259578  
0.616319  0.057703  
0.607007  0.0676134  
0.599423  0.0656905  
0.594995  0.053245  
0.547316  0  
0.548406  0  
0.591013  0.0273451  
0.56987  0.0457022  
0.533449  0.0223271  
0.459331  0  
0.498915  0  
0.517136  0.0362471  
0.512419  0.0450924  
0.487547  0.0591249  
0.467012  0.0686441  
0.44771  0.0618288  
0.298678  0.0504807  
0.3658  0.0545742  
0.325841  0.129993  
0.28526  0.0911155  
0.17148  0.0834754  
0.172187  0.08213  
0.291868  0.0427602  
0.298678  0.0504807  
0.28526  0.0911155  
0.253954  0.123932  
0.199369  0.123882  
0.187855  0.014429  
0.285794  0.0286398  
0.291868  0.0427602  
0.172187  0.08213  
0.0826459  0.0333288  
0.0897446  0  
0.185064  0  
0.187855  0.014429  
0.172187  0.08213  
0.17148  0.0834754  
0.117753  0.0856867  
0.112501  0.083807  
0.0945576  0.0613122  
0.0207963  0.0481501  
0.0212506  0.0464317  
0.0413863  0.031085  
0.0826459  0.0333288  
0.0945576  0.0613122  
0.0370937  0.0778676  
0.0332329  0.0767475  
0  0.0200859  
0.0123368  0.0135512  
0.0170201  0.0143118  
0.0296902  0.0183014  
0.0413863  0.031085  
0.0212506  0.0464317  
0  0.0374431  
0  0.00368387  
0.00747207  0.00368387  
0.0123368  0.0135512  
0  0.0200859  
0.963556  0.17069  
0.969805  0.152636  
1  0.152636  
1  0.194569  
0.968519  0.194569  
0.860692  0.0912382  
0.881776  0.0722752  
0.953689  0.0922295  
0.946024  0.111844  
0.881115  0.129077  
0.855809  0.038218  
0.918026  0.015708  
0.924994  0.028434  
0.881776  0.0722752  
0.860692  0.0912382  
0.84771  0.0819851  
0.845971  0.0656998  
0.800848  0.0300389  
0.802001  0.029847  
0.845971  0.0656998  
0.84771  0.0819851  
0.768849  0.101348  
0.76474  0.0699484  
0.69431  0.0194294  
0.710333  0.028696  
0.706453  0.0997712  
0.692838  0.0798087  
0.664138  0.0324469  
0.688873  0.0150558  
0.69431  0.0194294  
0.692838  0.0798087  
0.657848  0.0678832  
0.654878  0.0623788  
0.607007  0.0676134  
0.616319  0.057703  
0.649523  0.0647618  
0.620915  0.0907914  
0.618355  0.0886357  
0.591013  0.0273451  
0.591293  0.0273306  
0.594995  0.053245  
0.562917  0.0672192  
0.56987  0.0457022  
0.512419  0.0450924  
0.517136  0.0362471  
0.533449  0.0223271  
0.56987  0.0457022  
0.562917  0.0672192  
0.561646  0.0702112  
0.559573  0.07118  
0.547779  0.0677865  
0.3658  0.0545742  
0.379433  0.0529041  
0.401925  0.0684249  
0.382916  0.0910445  
0.32869  0.138327  
0.325841  0.129993  
0.253954  0.123932  
0.28526  0.0911155  
0.325841  0.129993  
0.32869  0.138327  
0.332713  0.166144  
0.311495  0.175287  
0.263857  0.138295  
0.19682  0.136792  
0.199369  0.123882  
0.253954  0.123932  
0.263857  0.138295  
0.248648  0.199338  
0.241012  0.200885  
0.188952  0.149632  
0.19682  0.136792  
0.241012  0.200885  
0.240536  0.201497  
0.17626  0.192171  
0.117753  0.0856867  
0.17148  0.0834754  
0.199369  0.123882  
0.19682  0.136792  
0.188952  0.149632  
0.120164  0.16785  
0.114334  0.159186  
0.0370937  0.0778676  
0.0945576  0.0613122  
0.112501  0.083807  
0.0451485  0.136963  
0.0364412  0.129162  
0.01386  0.0561526  
0.0207963  0.0481501  
0.0332329  0.0767475  
0.00510986  0.0876793  
0.000428873  0.0854352  
0  0.0374431  
0.0212506  0.0464317  
0.0207963  0.0481501  
0.01386  0.0561526  
0  0.0561526  
0.968519  0.194569  
1  0.194569  
1  0.212093  
0.96839  0.212093  
0.881115  0.129077  
0.946024  0.111844  
0.969805  0.152636  
0.963556  0.17069  
0.870028  0.200675  
0.861503  0.195471  
0.862977  0.170865  
0.76804  0.103198  
0.768849  0.101348  
0.84771  0.0819851  
0.860692  0.0912382  
0.881115  0.129077  
0.862977  0.170865  
0.710333  0.028696  
0.737485  0.0386327  
0.76474  0.0699484  
0.768849  0.101348  
0.76804  0.103198  
0.739478  0.133115  
0.707031  0.101312  
0.706453  0.0997712  
0.661719  0.0853157  
0.657848  0.0678832  
0.692838  0.0798087  
0.706453  0.0997712  
0.707031  0.101312  
0.668568  0.0953574  
0.649523  0.0647618  
0.654878  0.0623788  
0.657848  0.0678832  
0.661719  0.0853157  
0.623592  0.118977  
0.620915  0.0907914  
0.581363  0.0767169  
0.599423  0.0656905  
0.607007  0.0676134  
0.618355  0.0886357  
0.587429  0.087955  
0.594995  0.053245  
0.599423  0.0656905  
0.581363  0.0767169  
0.561646  0.0702112  
0.562917  0.0672192  
0.487547  0.0591249  
0.512419  0.0450924  
0.547779  0.0677865  
0.532489  0.0879686  
0.32869  0.138327  
0.382916  0.0910445  
0.333947  0.166388  
0.332713  0.166144  
0.382916  0.0910445  
0.401925  0.0684249  
0.40358  0.069201  
0.404059  0.166601  
0.403812  0.16689  
0.348174  0.171403  
0.333947  0.166388  
0.263857  0.138295  
0.311495  0.175287  
0.29369  0.208122  
0.248648  0.199338  
0.174528  0.196158  
0.17626  0.192171  
0.240536  0.201497  
0.223343  0.231203  
0.196428  0.227298  
0.120164  0.16785  
0.188952  0.149632  
0.17626  0.192171  
0.174528  0.196158  
0.171193  0.197362  
0.122596  0.189268  
0.112501  0.083807  
0.117753  0.0856867  
0.114334  0.159186  
0.0431458  0.172948  
0.0451485  0.136963  
0.00510986  0.0876793  
0.0332329  0.0767475  
0.0370937  0.0778676  
0.0364412  0.129162  
0.0315879  0.126459  
0  0.0561526  
0.01386  0.0561526  
0.000428873  0.0854352  
0  0.0854352  
0.96839  0.212093  
1  0.212093  
1  0.238824  
0.975582  0.238824  
0.963639  0.225745  
0.870028  0.200675  
0.963556  0.17069  
0.968519  0.194569  
0.96839  0.212093  
0.963639  0.225745  
0.907727  0.244598  
0.738093  0.137094  
0.739478  0.133115  
0.76804  0.103198  
0.862977  0.170865  
0.861503  0.195471  
0.825046  0.213921  
0.785883  0.201297  
0.668568  0.0953574  
0.707031  0.101312  
0.739478  0.133115  
0.738093  0.137094  
0.699309  0.161632  
0.647983  0.154517  
0.623592  0.118977  
0.661719  0.0853157  
0.668568  0.0953574  
0.647983  0.154517  
0.619265  0.157327  
0.585722  0.103089  
0.587429  0.087955  
0.618355  0.0886357  
0.620915  0.0907914  
0.623592  0.118977  
0.619265  0.157327  
0.603113  0.166941  
0.559573  0.07118  
0.561646  0.0702112  
0.581363  0.0767169  
0.587429  0.087955  
0.585722  0.103089  
0.557167  0.0925037  
0.547779  0.0677865  
0.559573  0.07118  
0.557167  0.0925037  
0.550911  0.106478  
0.531477  0.0969351  
0.532489  0.0879686  
0.468988  0.0724373  
0.467012  0.0686441  
0.487547  0.0591249  
0.532489  0.0879686  
0.531477  0.0969351  
0.514245  0.101483  
0.414242  0.0678641  
0.44771  0.0618288  
0.467012  0.0686441  
0.468988  0.0724373  
0.480929  0.139838  
0.454622  0.145372  
0.40358  0.069201  
0.414242  0.0678641  
0.454622  0.145372  
0.405081  0.166562  
0.404059  0.166601  
0.240536  0.201497  
0.241012  0.200885  
0.248648  0.199338  
0.29369  0.208122  
0.298054  0.232149  
0.264805  0.263932  
0.240505  0.264144  
0.223343  0.231203  
0.196428  0.227298  
0.223343  0.231203  
0.240505  0.264144  
0.236351  0.269306  
0.179541  0.264272  
0.173737  0.25881  
0.171193  0.197362  
0.174528  0.196158  
0.196428  0.227298  
0.173737  0.25881  
0.156436  0.260468  
0.139769  0.241004  
0.122596  0.189268  
0.171193  0.197362  
0.139769  0.241004  
0.0940246  0.228947  
0.0431458  0.172948  
0.114334  0.159186  
0.120164  0.16785  
0.122596  0.189268  
0.0940246  0.228947  
0.0607674  0.24044  
0.0216905  0.227956  
0  0.0854352  
0.000428873  0.0854352  
0.00510986  0.0876793  
0.0315879  0.126459  
0  0.126459  
0.975582  0.238824  
1  0.238824  
1  0.299263  
0.985347  0.299263  
0.907727  0.244598  
0.963639  0.225745  
0.975582  0.238824  
0.985347  0.299263  
0.981297  0.301365  
0.977147  0.301756  
0.928951  0.291581  
0.912955  0.278318  
0.909258  0.273517  
0.825046  0.213921  
0.861503  0.195471  
0.870028  0.200675  
0.907727  0.244598  
0.909258  0.273517  
0.893804  0.281338  
0.836288  0.265335  
0.81931  0.24896  
0.818469  0.247145  
0.836288  0.265335  
0.893804  0.281338  
0.873667  0.295207  
0.858596  0.298257  
0.699309  0.161632  
0.738093  0.137094  
0.785883  0.201297  
0.755034  0.226267  
0.71128  0.226878  
0.699594  0.203497  
0.60302  0.167025  
0.603113  0.166941  
0.619265  0.157327  
0.647983  0.154517  
0.699309  0.161632  
0.699594  0.203497  
0.646336  0.232193  
0.625119  0.205712  
0.550911  0.106478  
0.557167  0.0925037  
0.585722  0.103089  
0.603113  0.166941  
0.60302  0.167025  
0.598232  0.168229  
0.580155  0.166017  
0.556737  0.157337  
0.514245  0.101483  
0.531477  0.0969351  
0.550911  0.106478  
0.556737  0.157337  
0.53523  0.15777  
0.468988  0.0724373  
0.514245  0.101483  
0.53523  0.15777  
0.523811  0.161084  
0.493661  0.153156  
0.480929  0.139838  
0.454622  0.145372  
0.480929  0.139838  
0.493661  0.153156  
0.483999  0.163985  
0.453163  0.176278  
0.444421  0.179056  
0.442849  0.179038  
0.405081  0.166562  
0.348174  0.171403  
0.403812  0.16689  
0.405656  0.181978  
0.40612  0.194618  
0.388323  0.222972  
0.355325  0.223412  
0.311495  0.175287  
0.332713  0.166144  
0.333947  0.166388  
0.348174  0.171403  
0.355325  0.223412  
0.349127  0.232481  
0.325857  0.244587  
0.30439  0.235849  
0.298054  0.232149  
0.29369  0.208122  
0.179541  0.264272  
0.236351  0.269306  
0.231831  0.280024  
0.184108  0.275795  
0.0698133  0.255385  
0.0607674  0.24044  
0.0940246  0.228947  
0.139769  0.241004  
0.156436  0.260468  
0.132969  0.314497  
0.0694274  0.306365  
0.0698133  0.255385  
0.132969  0.314497  
0.140007  0.340956  
0.137663  0.344667  
0  0.234917  
0.0216905  0.227956  
0.0607674  0.24044  
0.0698133  0.255385  
0.0694274  0.306365  
0.0586772  0.34736  
0  0.338886  
0  0.126459  
0.0315879  0.126459  
0.0364412  0.129162  
0.0451485  0.136963  
0.0431458  0.172948  
0.0216905  0.227956  
0  0.234917  
0.981297  0.301365  
0.985347  0.299263  
1  0.299263  
1  0.350409  
0.992568  0.350409  
0.982351  0.335016  
0.928951  0.291581  
0.977147  0.301756  
0.958437  0.330875  
0.919108  0.362017  
0.893804  0.281338  
0.909258  0.273517  
0.912955  0.278318  
0.900371  0.308619  
0.876981  0.330745  
0.873667  0.295207  
0.81931  0.24896  
0.836288  0.265335  
0.858596  0.298257  
0.840029  0.315316  
0.822498  0.288805  
0.755034  0.226267  
0.785883  0.201297  
0.825046  0.213921  
0.818469  0.247145  
0.753375  0.299836  
0.699594  0.203497  
0.71128  0.226878  
0.704155  0.253405  
0.64751  0.239784  
0.646336  0.232193  
0.517599  0.177871  
0.523811  0.161084  
0.53523  0.15777  
0.556737  0.157337  
0.580155  0.166017  
0.525044  0.243254  
0.513946  0.234659  
0.483999  0.163985  
0.493661  0.153156  
0.523811  0.161084  
0.517599  0.177871  
0.481323  0.207627  
0.472862  0.195245  
0.474404  0.18991  
0.453163  0.176278  
0.483999  0.163985  
0.474404  0.18991  
0.349127  0.232481  
0.355325  0.223412  
0.388323  0.222972  
0.393389  0.255387  
0.389245  0.268002  
0.30439  0.235849  
0.325857  0.244587  
0.349519  0.299598  
0.335445  0.305247  
0.306699  0.296937  
0.264805  0.263932  
0.298054  0.232149  
0.30439  0.235849  
0.306699  0.296937  
0.283588  0.295879  
0.184108  0.275795  
0.231831  0.280024  
0.212702  0.329427  
0.201463  0.328431  
0.156436  0.260468  
0.173737  0.25881  
0.179541  0.264272  
0.184108  0.275795  
0.201463  0.328431  
0.140007  0.340956  
0.132969  0.314497  
0.0694274  0.306365  
0.137663  0.344667  
0.135801  0.348069  
0.101778  0.372461  
0.0586772  0.34736  
0  0.338886  
0.0586772  0.34736  
0.101778  0.372461  
0.093572  0.402589  
0.0320781  0.425012  
0  0.40633  
0  0.40633  
0.0320781  0.425012  
0.0356718  0.468633  
0  0.477355  
0.992568  0.350409  
1  0.350409  
1  0.358393  
0.991381  0.358393  
0.977147  0.301756  
0.981297  0.301365  
0.982351  0.335016  
0.963429  0.370001  
0.958437  0.330875  
0.900371  0.308619  
0.912955  0.278318  
0.928951  0.291581  
0.919108  0.362017  
0.894832  0.420466  
0.884933  0.408071  
0.876981  0.330745  
0.900371  0.308619  
0.884933  0.408071  
0.867405  0.389467  
0.818469  0.247145  
0.81931  0.24896  
0.822498  0.288805  
0.78826  0.316519  
0.748548  0.307706  
0.753375  0.299836  
0.707934  0.275312  
0.704155  0.253405  
0.71128  0.226878  
0.755034  0.226267  
0.753375  0.299836  
0.748548  0.307706  
0.742535  0.311247  
0.736017  0.31193  
0.598232  0.168229  
0.60302  0.167025  
0.625119  0.205712  
0.586011  0.298577  
0.566296  0.283012  
0.481323  0.207627  
0.517599  0.177871  
0.513946  0.234659  
0.484972  0.231124  
0.481556  0.214265  
0.444421  0.179056  
0.453163  0.176278  
0.474404  0.18991  
0.472862  0.195245  
0.472601  0.195247  
0.46422  0.191763  
0.405656  0.181978  
0.403812  0.16689  
0.404059  0.166601  
0.405081  0.166562  
0.442849  0.179038  
0.451843  0.198537  
0.453434  0.205737  
0.452764  0.207427  
0.452604  0.207626  
0.325857  0.244587  
0.349127  0.232481  
0.389245  0.268002  
0.389266  0.283069  
0.369172  0.303411  
0.349519  0.299598  
0.231831  0.280024  
0.236351  0.269306  
0.240505  0.264144  
0.264805  0.263932  
0.283588  0.295879  
0.253142  0.363534  
0.212702  0.329427  
0.135801  0.348069  
0.137663  0.344667  
0.140007  0.340956  
0.201463  0.328431  
0.212702  0.329427  
0.253142  0.363534  
0.272418  0.398643  
0.165907  0.389204  
0.101778  0.372461  
0.135801  0.348069  
0.165907  0.389204  
0.168847  0.414576  
0.146373  0.448418  
0.103135  0.420871  
0.093572  0.402589  
0.0320781  0.425012  
0.093572  0.402589  
0.103135  0.420871  
0.0833576  0.478443  
0.0401419  0.474512  
0.0356718  0.468633  
0  0.477355  
0.0356718  0.468633  
0.0401419  0.474512  
0.0345433  0.517261  
0.0073245  0.519636  
0  0.51812  
0  0.51812  
0.0073245  0.519636  
0.00674403  0.547898  
0  0.547898  
0.991381  0.358393  
1  0.358393  
1  0.467055  
0.960053  0.461283  
0.963429  0.370001  
0.982351  0.335016  
0.992568  0.350409  
0.991381  0.358393  
0.960053  0.461283  
0.957457  0.461116  
0.939464  0.44871  
0.919108  0.362017  
0.958437  0.330875  
0.963429  0.370001  
0.939464  0.44871  
0.897909  0.428059  
0.894832  0.420466  
0.840029  0.315316  
0.858596  0.298257  
0.873667  0.295207  
0.876981  0.330745  
0.867405  0.389467  
0.846146  0.373819  
0.832719  0.339324  
0.822498  0.288805  
0.840029  0.315316  
0.832719  0.339324  
0.78826  0.316519  
0.64751  0.239784  
0.704155  0.253405  
0.707934  0.275312  
0.635001  0.280865  
0.625119  0.205712  
0.646336  0.232193  
0.64751  0.239784  
0.635001  0.280865  
0.629924  0.286469  
0.593074  0.305321  
0.586011  0.298577  
0.580155  0.166017  
0.598232  0.168229  
0.566296  0.283012  
0.543875  0.277814  
0.525044  0.243254  
0.442849  0.179038  
0.444421  0.179056  
0.46422  0.191763  
0.451843  0.198537  
0.40612  0.194618  
0.405656  0.181978  
0.452604  0.207626  
0.444387  0.231431  
0.431925  0.227435  
0.388323  0.222972  
0.40612  0.194618  
0.431925  0.227435  
0.418273  0.241223  
0.393389  0.255387  
0.283588  0.295879  
0.306699  0.296937  
0.335445  0.305247  
0.275165  0.402136  
0.272418  0.398643  
0.253142  0.363534  
0.165907  0.389204  
0.272418  0.398643  
0.275165  0.402136  
0.293031  0.44673  
0.168847  0.414576  
0.103135  0.420871  
0.146373  0.448418  
0.168872  0.49613  
0.114576  0.518144  
0.0833576  0.478443  
0.0345433  0.517261  
0.0401419  0.474512  
0.0833576  0.478443  
0.114576  0.518144  
0.0903198  0.55576  
0.075977  0.569954  
0.00674403  0.547898  
0.0073245  0.519636  
0.0345433  0.517261  
0.075977  0.569954  
0.0741119  0.575996  
0.0427532  0.593692  
0  0.547898  
0.00674403  0.547898  
0.0427532  0.593692  
0  0.627065  
0.955138  0.636072  
1  0.624377  
1  0.735015  
0.948287  0.735015  
0.944432  0.733095  
0.957457  0.461116  
0.960053  0.461283  
1  0.467055  
1  0.624377  
0.955138  0.636072  
0.950228  0.632851  
0.912954  0.558642  
0.87864  0.569956  
0.884919  0.565382  
0.912954  0.558642  
0.950228  0.632851  
0.915347  0.639347  
0.868611  0.627516  
0.856626  0.618542  
0.851121  0.613786  
0.829537  0.468541  
0.897909  0.428059  
0.939464  0.44871  
0.957457  0.461116  
0.912954  0.558642  
0.884919  0.565382  
0.808888  0.49034  
0.761748  0.525742  
0.76295  0.518394  
0.808888  0.49034  
0.884919  0.565382  
0.87864  0.569956  
0.771023  0.552346  
0.770537  0.551777  
0.742535  0.311247  
0.748548  0.307706  
0.78826  0.316519  
0.832719  0.339324  
0.846146  0.373819  
0.783354  0.379144  
0.629924  0.286469  
0.635001  0.280865  
0.707934  0.275312  
0.736017  0.31193  
0.709359  0.337634  
0.709359  0.337634  
0.736017  0.31193  
0.742535  0.311247  
0.783354  0.379144  
0.767606  0.401328  
0.714451  0.421765  
0.681525  0.388768  
0.46422  0.191763  
0.472601  0.195247  
0.453434  0.205737  
0.451843  0.198537  
0.418273  0.241223  
0.431925  0.227435  
0.444387  0.231431  
0.461095  0.246707  
0.458971  0.262509  
0.458069  0.263156  
0.43502  0.271751  
0.393389  0.255387  
0.418273  0.241223  
0.43502  0.271751  
0.413217  0.284162  
0.389266  0.283069  
0.389245  0.268002  
0.335445  0.305247  
0.349519  0.299598  
0.369172  0.303411  
0.398906  0.382239  
0.363028  0.458387  
0.294781  0.44987  
0.293031  0.44673  
0.275165  0.402136  
0.146373  0.448418  
0.168847  0.414576  
0.293031  0.44673  
0.294781  0.44987  
0.23466  0.510176  
0.231078  0.512237  
0.168872  0.49613  
0  0.640902  
0  0.627065  
0.0427532  0.593692  
0.0741119  0.575996  
0.149186  0.661803  
0.160735  0.699392  
0.0952492  0.691273  
0  0.640902  
0.0952492  0.691273  
0.0097535  0.736461  
0  0.73543  
0  0.78091  
0.0416258  0.810899  
0.0449862  0.814447  
0.043312  0.820782  
0.0391944  0.823985  
0.0169574  0.83833  
0  0.832112  
0  0.832112  
0.0169574  0.83833  
0.0224882  0.8516  
0.00870557  0.877037  
0  0.877037  
0.948287  0.735015  
1  0.735015  
1  0.836759  
0.985098  0.833805  
0.880727  0.671369  
0.915347  0.639347  
0.950228  0.632851  
0.955138  0.636072  
0.944432  0.733095  
0.933164  0.736612  
0.931197  0.736311  
0.917681  0.729366  
0.868611  0.627516  
0.915347  0.639347  
0.880727  0.671369  
0.867671  0.670813  
0.856626  0.618542  
0.868611  0.627516  
0.867671  0.670813  
0.860793  0.673938  
0.855417  0.674248  
0.806809  0.629302  
0.80856  0.623295  
0.851121  0.613786  
0.856626  0.618542  
0.855417  0.674248  
0.818639  0.679999  
0.805227  0.646485  
0.771023  0.552346  
0.87864  0.569956  
0.851121  0.613786  
0.80856  0.623295  
0.767606  0.401328  
0.783354  0.379144  
0.846146  0.373819  
0.867405  0.389467  
0.884933  0.408071  
0.894832  0.420466  
0.897909  0.428059  
0.829537  0.468541  
0.594537  0.329114  
0.593074  0.305321  
0.629924  0.286469  
0.709359  0.337634  
0.681525  0.388768  
0.645349  0.391228  
0.472601  0.195247  
0.472862  0.195245  
0.481323  0.207627  
0.481556  0.214265  
0.452764  0.207427  
0.453434  0.205737  
0.452604  0.207626  
0.452764  0.207427  
0.481556  0.214265  
0.484972  0.231124  
0.461095  0.246707  
0.444387  0.231431  
0.413217  0.284162  
0.43502  0.271751  
0.458069  0.263156  
0.446175  0.320683  
0.369172  0.303411  
0.389266  0.283069  
0.413217  0.284162  
0.446175  0.320683  
0.447124  0.32279  
0.399127  0.382122  
0.398906  0.382239  
0.114576  0.518144  
0.168872  0.49613  
0.231078  0.512237  
0.229125  0.51885  
0.178639  0.578628  
0.0903198  0.55576  
0.0952492  0.691273  
0.160735  0.699392  
0.168065  0.70771  
0.068944  0.761297  
0.0605639  0.762477  
0.0097535  0.736461  
0  0.73543  
0.0097535  0.736461  
0.0605639  0.762477  
0.0538136  0.782533  
0.0311378  0.787672  
0  0.777415  
0  0.78091  
0  0.777415  
0.0311378  0.787672  
0.0416258  0.810899  
0  0.877037  
0.00870557  0.877037  
0.013339  0.889949  
0  0.899284  
0.991186  0.888273  
1  0.870255  
1  0.899567  
0.991238  0.899567  
0.920343  0.772496  
0.933164  0.736612  
0.944432  0.733095  
0.948287  0.735015  
0.985098  0.833805  
0.976064  0.83815  
0.928743  0.839759  
0.860793  0.673938  
0.867671  0.670813  
0.880727  0.671369  
0.917681  0.729366  
0.88054  0.72107  
0.87879  0.720206  
0.818639  0.679999  
0.855417  0.674248  
0.860793  0.673938  
0.87879  0.720206  
0.814065  0.708966  
0.88054  0.72107  
0.917681  0.729366  
0.931197  0.736311  
0.919248  0.742437  
0.889839  0.752413  
0.880679  0.754497  
0.84401  0.75843  
0.842998  0.756267  
0.807676  0.718722  
0.814065  0.708966  
0.87879  0.720206  
0.88054  0.72107  
0.842998  0.756267  
0.714451  0.421765  
0.767606  0.401328  
0.829537  0.468541  
0.808888  0.49034  
0.76295  0.518394  
0.726846  0.47921  
0.645349  0.391228  
0.681525  0.388768  
0.714451  0.421765  
0.726846  0.47921  
0.556146  0.509997  
0.461095  0.246707  
0.484972  0.231124  
0.513946  0.234659  
0.525044  0.243254  
0.543875  0.277814  
0.502207  0.300619  
0.458971  0.262509  
0.458069  0.263156  
0.458971  0.262509  
0.502207  0.300619  
0.491687  0.322106  
0.447124  0.32279  
0.446175  0.320683  
0.447124  0.32279  
0.491687  0.322106  
0.494718  0.333999  
0.470973  0.368667  
0.439284  0.378618  
0.399127  0.382122  
0.178639  0.578628  
0.229125  0.51885  
0.24887  0.671749  
0.246118  0.68127  
0.171712  0.710003  
0.168065  0.70771  
0.160735  0.699392  
0.149186  0.661803  
0.0741119  0.575996  
0.075977  0.569954  
0.0903198  0.55576  
0.178639  0.578628  
0.149186  0.661803  
0.0538136  0.782533  
0.0605639  0.762477  
0.068944  0.761297  
0.0829406  0.796427  
0.0813075  0.805761  
0.0527954  0.804775  
0.0311378  0.787672  
0.0538136  0.782533  
0.0527954  0.804775  
0.0449862  0.814447  
0.0416258  0.810899  
0.00870557  0.877037  
0.0224882  0.8516  
0.0450685  0.871058  
0.0496388  0.888213  
0.0136619  0.890079  
0.013339  0.889949  
0  0.906512  
0.0172348  0.919965  
0  0.919965  
0.991238  0.899567  
1  0.899567  
1  0.914967  
0.991019  0.914967  
0.987559  0.908852  
0.920343  0.772496  
0.928743  0.839759  
0.912168  0.848752  
0.871846  0.821955  
0.889839  0.752413  
0.919248  0.742437  
0.841885  0.811232  
0.843732  0.797439  
0.880679  0.754497  
0.889839  0.752413  
0.843732  0.797439  
0.844179  0.790142  
0.84401  0.75843  
0.880679  0.754497  
0.844179  0.790142  
0.770537  0.551777  
0.771023  0.552346  
0.80856  0.623295  
0.806809  0.629302  
0.715308  0.634598  
0.537805  0.524101  
0.556146  0.509997  
0.726846  0.47921  
0.76295  0.518394  
0.761748  0.525742  
0.563032  0.618022  
0.517379  0.561036  
0.52552  0.421694  
0.536  0.374131  
0.594537  0.329114  
0.645349  0.391228  
0.556146  0.509997  
0.537805  0.524101  
0.525619  0.431204  
0.502207  0.300619  
0.543875  0.277814  
0.566296  0.283012  
0.586011  0.298577  
0.593074  0.305321  
0.594537  0.329114  
0.536  0.374131  
0.494718  0.333999  
0.491687  0.322106  
0.470973  0.368667  
0.494718  0.333999  
0.536  0.374131  
0.52552  0.421694  
0.439284  0.378618  
0.470973  0.368667  
0.52552  0.421694  
0.525619  0.431204  
0.229125  0.51885  
0.231078  0.512237  
0.23466  0.510176  
0.312934  0.601396  
0.24887  0.671749  
0.168065  0.70771  
0.171712  0.710003  
0.176125  0.752338  
0.0829406  0.796427  
0.068944  0.761297  
0.0449862  0.814447  
0.0527954  0.804775  
0.0813075  0.805761  
0.0841327  0.80976  
0.0824024  0.841729  
0.0798127  0.841757  
0.043312  0.820782  
0.0169574  0.83833  
0.0391944  0.823985  
0.0582106  0.857718  
0.0450685  0.871058  
0.0224882  0.8516  
0  0.899284  
0.013339  0.889949  
0.0136619  0.890079  
0.0240496  0.924484  
0.0172348  0.919965  
0  0.906512  
0  0.919965  
0.0172348  0.919965  
0.0240496  0.924484  
0.032819  0.933952  
0.0310428  0.94841  
0  0.94841  
0.991019  0.914967  
1  0.914967  
1  0.932027  
0.985176  0.928459  
0.976064  0.83815  
0.985098  0.833805  
1  0.836759  
1  0.870255  
0.991186  0.888273  
0.959404  0.897155  
0.955982  0.894926  
0.919248  0.742437  
0.931197  0.736311  
0.933164  0.736612  
0.920343  0.772496  
0.871846  0.821955  
0.839767  0.818116  
0.841885  0.811232  
0.912168  0.848752  
0.928743  0.839759  
0.976064  0.83815  
0.955982  0.894926  
0.929618  0.902959  
0.905486  0.888613  
0.905592  0.88476  
0.932385  0.917683  
0.944372  0.939127  
0.902292  0.952482  
0.901283  0.949261  
0.713401  0.636364  
0.715308  0.634598  
0.806809  0.629302  
0.805227  0.646485  
0.748636  0.669162  
0.748636  0.669162  
0.805227  0.646485  
0.818639  0.679999  
0.814065  0.708966  
0.807676  0.718722  
0.756512  0.748868  
0.743629  0.735023  
0.761748  0.525742  
0.770537  0.551777  
0.715308  0.634598  
0.713401  0.636364  
0.578556  0.653698  
0.563032  0.618022  
0.58031  0.670104  
0.578556  0.653698  
0.713401  0.636364  
0.748636  0.669162  
0.743629  0.735023  
0.564945  0.743101  
0.58031  0.670104  
0.743629  0.735023  
0.756512  0.748868  
0.752585  0.848527  
0.750119  0.851862  
0.363028  0.458387  
0.398906  0.382239  
0.399127  0.382122  
0.439284  0.378618  
0.525619  0.431204  
0.537805  0.524101  
0.517379  0.561036  
0.465626  0.557285  
0.23466  0.510176  
0.294781  0.44987  
0.363028  0.458387  
0.465626  0.557285  
0.460785  0.561634  
0.380647  0.592046  
0.312934  0.601396  
0.118227  0.806519  
0.176569  0.754751  
0.202473  0.81384  
0.104304  0.85882  
0.100121  0.852651  
0.176125  0.752338  
0.176569  0.754751  
0.118227  0.806519  
0.0841327  0.80976  
0.0813075  0.805761  
0.0829406  0.796427  
0.0391944  0.823985  
0.043312  0.820782  
0.0798127  0.841757  
0.0582106  0.857718  
0.0136619  0.890079  
0.0496388  0.888213  
0.0565039  0.897642  
0.032819  0.933952  
0.0240496  0.924484  
0  0.94841  
0.0310428  0.94841  
0.0384918  0.959401  
0.0347312  0.966796  
0.022807  0.977181  
0  0.977181  
0.989073  0.943436  
1  0.939336  
1  0.962556  
0.979409  0.934611  
0.985176  0.928459  
1  0.932027  
1  0.939336  
0.989073  0.943436  
0.959404  0.897155  
0.991186  0.888273  
0.991238  0.899567  
0.987559  0.908852  
0.963614  0.901539  
0.929618  0.902959  
0.955982  0.894926  
0.959404  0.897155  
0.963614  0.901539  
0.970278  0.936351  
0.95403  0.949182  
0.944372  0.939127  
0.932385  0.917683  
0.902292  0.952482  
0.944372  0.939127  
0.95403  0.949182  
0.954017  0.949874  
0.920709  0.967369  
0.908757  0.971162  
0.903131  0.966608  
0.902838  0.965296  
0.817853  0.830261  
0.839767  0.818116  
0.871846  0.821955  
0.912168  0.848752  
0.905592  0.88476  
0.835186  0.845626  
0.756512  0.748868  
0.807676  0.718722  
0.842998  0.756267  
0.84401  0.75843  
0.844179  0.790142  
0.843732  0.797439  
0.841885  0.811232  
0.839767  0.818116  
0.817853  0.830261  
0.752585  0.848527  
0.746906  0.869254  
0.750119  0.851862  
0.752585  0.848527  
0.817853  0.830261  
0.835186  0.845626  
0.88434  0.903643  
0.87427  0.91566  
0.812561  0.937451  
0.811757  0.937675  
0.759434  0.904508  
0.811757  0.937675  
0.812561  0.937451  
0.902838  0.965296  
0.903131  0.966608  
0.876111  0.981396  
0.825817  0.973463  
0.460785  0.561634  
0.465626  0.557285  
0.517379  0.561036  
0.563032  0.618022  
0.578556  0.653698  
0.58031  0.670104  
0.564945  0.743101  
0.489217  0.854451  
0.402024  0.881672  
0.36002  0.75269  
0.312934  0.601396  
0.380647  0.592046  
0.293742  0.702104  
0.246118  0.68127  
0.24887  0.671749  
0.176569  0.754751  
0.176125  0.752338  
0.171712  0.710003  
0.246118  0.68127  
0.293742  0.702104  
0.36002  0.75269  
0.402024  0.881672  
0.394739  0.890026  
0.331503  0.886851  
0.280025  0.8667  
0.224033  0.842204  
0.202473  0.81384  
0.224033  0.842204  
0.280025  0.8667  
0.187936  0.937242  
0.137131  0.923518  
0.104304  0.85882  
0.202473  0.81384  
0.224033  0.842204  
0.137131  0.923518  
0.131621  0.926608  
0.106089  0.898934  
0.0841327  0.80976  
0.118227  0.806519  
0.100121  0.852651  
0.0824024  0.841729  
0.0582106  0.857718  
0.0798127  0.841757  
0.0824024  0.841729  
0.100121  0.852651  
0.104304  0.85882  
0.106089  0.898934  
0.0565039  0.897642  
0.0496388  0.888213  
0.0450685  0.871058  
0  0.977181  
0.022807  0.977181  
0.0161851  0.983854  
0.0130536  0.984736  
0  0.984736  
0.973496  0.981215  
0.973443  0.980759  
1  0.969966  
1  0.99711  
0.998136  0.99711  
0.954017  0.949874  
0.95403  0.949182  
0.970278  0.936351  
0.979409  0.934611  
0.989073  0.943436  
1  0.962556  
1  0.969966  
0.973443  0.980759  
0.964925  0.974946  
0.963614  0.901539  
0.987559  0.908852  
0.991019  0.914967  
0.985176  0.928459  
0.979409  0.934611  
0.970278  0.936351  
0.920709  0.967369  
0.954017  0.949874  
0.964925  0.974946  
0.948799  0.98362  
0.910951  0.97797  
0.908757  0.971162  
0.920709  0.967369  
0.948799  0.98362  
0.948437  0.983906  
0.943218  0.986954  
0.936877  0.988967  
0.929686  0.989024  
0.916551  0.98461  
0.88434  0.903643  
0.905486  0.888613  
0.929618  0.902959  
0.932385  0.917683  
0.901283  0.949261  
0.87427  0.91566  
0.835186  0.845626  
0.905592  0.88476  
0.905486  0.888613  
0.88434  0.903643  
0.812561  0.937451  
0.87427  0.91566  
0.901283  0.949261  
0.902292  0.952482  
0.902838  0.965296  
0.876111  0.981396  
0.903131  0.966608  
0.908757  0.971162  
0.910951  0.97797  
0.902464  0.991579  
0.887079  1  
0.883769  1  
0.564945  0.743101  
0.750119  0.851862  
0.746906  0.869254  
0.581741  0.917577  
0.489217  0.854451  
0.380647  0.592046  
0.460785  0.561634  
0.36002  0.75269  
0.293742  0.702104  
0.581741  0.917577  
0.746906  0.869254  
0.759434  0.904508  
0.713752  1  
0.61297  1  
0.280025  0.8667  
0.331503  0.886851  
0.238451  0.958132  
0.229049  0.960795  
0.187936  0.937242  
0.131621  0.926608  
0.137131  0.923518  
0.187936  0.937242  
0.229049  0.960795  
0.17084  1  
0.126948  1  
0.121078  0.982381  
0.032819  0.933952  
0.0565039  0.897642  
0.106089  0.898934  
0.131621  0.926608  
0.121078  0.982381  
0.0384918  0.959401  
0.0310428  0.94841  
0.0130536  0.984736  
0.0161851  0.983854  
0.0127951  1  
0.003673  1  
0.000451758  0.995314  
0  0.984736  
0.0130536  0.984736  
0.000451758  0.995314  
0  0.995314  
0.998136  0.99711  
1  0.99711  
1  1  
0.998136  1  
0.973496  0.981215  
0.998136  0.99711  
0.998136  1  
0.973496  1  
0.948437  0.983906  
0.948799  0.98362  
0.964925  0.974946  
0.973443  0.980759  
0.973496  0.981215  
0.973496  1  
0.948437  1  
0.943218  0.986954  
0.948437  0.983906  
0.948437  1  
0.943218  1  
0.936877  0.988967  
0.943218  0.986954  
0.943218  1  
0.936877  1  
0.929686  0.989024  
0.936877  0.988967  
0.936877  1  
0.929686  1  
0.916551  0.98461  
0.929686  0.989024  
0.929686  1  
0.916551  1  
0.910951  0.97797  
0.916551  0.98461  
0.916551  1  
0.902464  1  
0.902464  0.991579  
0.902464  0.991579  
0.902464  1  
0.887079  1  
0.825817  0.973463  
0.876111  0.981396  
0.883769  1  
0.825817  1  
0.759434  0.904508  
0.811757  0.937675  
0.825817  0.973463  
0.825817  1  
0.713752  1  
0.394739  0.890026  
0.402024  0.881672  
0.489217  0.854451  
0.581741  0.917577  
0.61297  1  
0.394739  1  
0.331503  0.886851  
0.394739  0.890026  
0.394739  1  
0.238451  1  
0.238451  0.958132  
0.229049  0.960795  
0.238451  0.958132  
0.238451  1  
0.17084  1  
0.0347312  0.966796  
0.0384918  0.959401  
0.121078  0.982381  
0.126948  1  
0.0347312  1  
0.0161851  0.983854  
0.022807  0.977181  
0.0347312  0.966796  
0.0347312  1  
0.0127951  1  
0  0.995314  
0.000451758  0.995314  
0.003673  1  
0  1  
# grid vertices 
669
Inf Inf 
0.836288 0.265335 
0.918026 0.015708 
0.174528 0.196158 
0.517136 0.0362471 
0.17626 0.192171 
0.0296902 0.0183014 
0.355325 0.223412 
0.172187 0.08213 
0.470105 -0.0573154 
0.547779 0.0677865 
0.0216905 0.227956 
0.0945576 0.0613122 
-0.109933 0.723808 
0.223343 0.231203 
0.564945 0.743101 
0.525619 0.431204 
0.817853 0.830261 
0.444387 0.231431 
0.825817 0.973463 
0.0431458 0.172948 
0.811757 0.937675 
0.903131 0.966608 
0.748636 0.669162 
0.750119 0.851862 
0.594537 0.329114 
0.912168 0.848752 
0.818639 0.679999 
0.894832 0.420466 
0.873667 0.295207 
0.0364412 0.129162 
0.0413863 0.031085 
0.0170201 0.0143118 
0.298054 0.232149 
0.30439 0.235849 
0.311495 0.175287 
0.40358 0.069201 
0.17148 0.0834754 
0.414242 0.0678641 
0.349519 0.299598 
0.556146 0.509997 
0.325841 0.129993 
0.389266 0.283069 
0.404059 0.166601 
0.452604 0.207626 
0.0607674 0.24044 
0.149186 0.661803 
0.231831 0.280024 
0.140007 0.340956 
0.184108 0.275795 
0.253142 0.363534 
0.171193 0.197362 
0.241012 0.200885 
0.0605639 0.762477 
0.0694274 0.306365 
0.275165 0.402136 
-0.228052 0.700975 
0.231078 0.512237 
0.331503 0.886851 
0.0347312 0.966796 
0.0123368 0.0135512 
-0.00893596 0.774472 
0.0169574 0.83833 
0.171712 0.710003 
0.043312 0.820782 
0.246118 0.68127 
0.0416258 0.810899 
0.168065 0.70771 
0.293031 0.44673 
0.394739 0.890026 
0.380647 0.592046 
0.294781 0.44987 
0.137663 0.344667 
0.446175 0.320683 
0.212702 0.329427 
0.146373 0.448418 
0.272418 0.398643 
0.283588 0.295879 
0.363028 0.458387 
0.335445 0.305247 
0.465626 0.557285 
0.543875 0.277814 
0.738093 0.137094 
0.829537 0.468541 
0.884919 0.565382 
0.783354 0.379144 
0.537805 0.524101 
0.52552 0.421694 
0.868611 0.627516 
0.771023 0.552346 
0.807676 0.718722 
0.87864 0.569956 
0.987559 0.908852 
0.908757 0.971162 
0.948799 0.98362 
0.897909 0.428059 
0.969805 0.152636 
0.841885 0.811232 
0.812561 0.937451 
0.933164 0.736612 
0.912954 0.558642 
0.931197 0.736311 
0.991186 0.888273 
0.832719 0.339324 
0.645349 0.391228 
0.858596 0.298257 
0.742535 0.311247 
0.963556 0.17069 
0.900371 0.308619 
0.431925 0.227435 
0.484972 0.231124 
0.401925 0.0684249 
0.472601 0.195247 
0.461095 0.246707 
0.472862 0.195245 
0.647983 0.154517 
0.699309 0.161632 
0.44771 0.0618288 
0.444421 0.179056 
0.467012 0.0686441 
0.532489 0.0879686 
0.646336 0.232193 
0.706453 0.0997712 
0.81931 0.24896 
0.752621 0.0164006 
0.907727 0.244598 
0.855809 0.038218 
0.860692 0.0912382 
0.01386 0.0561526 
0.0207963 0.0481501 
-0.0182193 0.0297366 
0.000428873 0.0854352 
0.0315879 0.126459 
-0.20084 0.299369 
0.00510986 0.0876793 
0.0212506 0.0464317 
0.0451485 0.136963 
0.0332329 0.0767475 
0.112501 0.083807 
0.199369 0.123882 
0.00747207 0.00368387 
0.0826459 0.0333288 
0.0370937 0.0778676 
0.187855 0.014429 
0.117753 0.0856867 
0.298678 0.0504807 
0.248648 0.199338 
0.285794 0.0286398 
0.139699 -0.234539 
0.291868 0.0427602 
0.263857 0.138295 
0.487547 0.0591249 
0.531477 0.0969351 
0.468988 0.0724373 
0.512419 0.0450924 
0.620915 0.0907914 
0.557167 0.0925037 
0.474404 0.18991 
0.547627 -0.000500157 
0.618355 0.0886357 
0.405081 0.166562 
0.454622 0.145372 
0.514245 0.101483 
0.480929 0.139838 
0.559573 0.07118 
0.517599 0.177871 
0.28526 0.0911155 
0.379433 0.0529041 
0.32869 0.138327 
0.3658 0.0545742 
0.333947 0.166388 
0.332713 0.166144 
0.40612 0.194618 
0.382916 0.0910445 
0.453434 0.205737 
0.405656 0.181978 
0.451843 0.198537 
0.442849 0.179038 
0.46422 0.191763 
0.53523 0.15777 
0.453163 0.176278 
0.493661 0.153156 
0.523811 0.161084 
0.483999 0.163985 
0.513946 0.234659 
0.481556 0.214265 
0.491687 0.322106 
0.43502 0.271751 
0.603113 0.166941 
0.525044 0.243254 
0.556737 0.157337 
0.566296 0.283012 
0.389245 0.268002 
0.403812 0.16689 
0.458971 0.262509 
0.418273 0.241223 
0.502207 0.300619 
0.458069 0.263156 
0.481323 0.207627 
0.452764 0.207427 
0.196428 0.227298 
0.29369 0.208122 
0.306699 0.296937 
0.240505 0.264144 
0.413217 0.284162 
0.325857 0.244587 
0.19682 0.136792 
0.253954 0.123932 
0.264805 0.263932 
0.240536 0.201497 
0.388323 0.222972 
0.348174 0.171403 
0.393389 0.255387 
0.349127 0.232481 
0.114334 0.159186 
0.0940246 0.228947 
0.120164 0.16785 
0.0698133 0.255385 
0.122596 0.189268 
0.188952 0.149632 
0.132969 0.314497 
0.165907 0.389204 
0.139769 0.241004 
0.173737 0.25881 
0.156436 0.260468 
0.201463 0.328431 
0.179541 0.264272 
0.236351 0.269306 
0.0356718 0.468633 
0.0073245 0.519636 
-0.332005 0.710366 
0.0345433 0.517261 
-0.0902749 0.499429 
0.075977 0.569954 
0.00674403 0.547898 
0.0320781 0.425012 
-0.153991 0.316647 
0.0496388 0.888213 
0.0391944 0.823985 
0.0952492 0.691273 
0.160735 0.699392 
0.0829406 0.796427 
0.0824024 0.841729 
0.0311378 0.787672 
0.0449862 0.814447 
0.0538136 0.782533 
0.0527954 0.804775 
0.0427532 0.593692 
0.0097535 0.736461 
0.0240496 0.924484 
0.032819 0.933952 
0.0224882 0.8516 
0.00870557 0.877037 
-0.00488268 0.9027 
0.0310428 0.94841 
0.022807 0.977181 
0.0161851 0.983854 
0.0130536 0.984736 
0.0106608 1.01017 
0.000451758 0.995314 
0.121078 0.982381 
0.104304 0.85882 
0.0172348 0.919965 
0.0582106 0.857718 
0.013339 0.889949 
0.0136619 0.890079 
0.0450685 0.871058 
0.106089 0.898934 
0.0384918 0.959401 
0.176125 0.752338 
0.068944 0.761297 
0.118227 0.806519 
0.0813075 0.805761 
0.100121 0.852651 
0.0841327 0.80976 
0.0565039 0.897642 
0.0798127 0.841757 
0.176569 0.754751 
0.131621 0.926608 
0.187936 0.937242 
0.134991 1.02414 
0.238451 0.958132 
0.137131 0.923518 
0.229049 0.960795 
0.657512 1.11756 
0.202473 0.81384 
0.280025 0.8667 
0.224033 0.842204 
0.293742 0.702104 
0.460785 0.561634 
0.36002 0.75269 
0.58031 0.670104 
0.402024 0.881672 
0.178639 0.578628 
0.114576 0.518144 
0.24887 0.671749 
0.229125 0.51885 
0.312934 0.601396 
0.23466 0.510176 
0.0401419 0.474512 
0.168847 0.414576 
-0.0105671 0.635314 
0.0741119 0.575996 
0.0833576 0.478443 
0.093572 0.402589 
0.0903198 0.55576 
0.168872 0.49613 
0.135801 0.348069 
0.0586772 0.34736 
0.103135 0.420871 
0.101778 0.372461 
0.398906 0.382239 
0.369172 0.303411 
0.399127 0.382122 
0.447124 0.32279 
0.470973 0.368667 
0.439284 0.378618 
0.494718 0.333999 
0.714451 0.421765 
0.629924 0.286469 
0.808888 0.49034 
0.536 0.374131 
0.586011 0.298577 
0.770537 0.551777 
0.578556 0.653698 
0.563032 0.618022 
0.517379 0.561036 
0.709359 0.337634 
0.846146 0.373819 
0.76295 0.518394 
0.726846 0.47921 
0.767606 0.401328 
0.867405 0.389467 
0.867671 0.670813 
0.851121 0.613786 
0.880727 0.671369 
0.856626 0.618542 
0.915347 0.639347 
0.963429 0.370001 
0.761748 0.525742 
0.715308 0.634598 
0.713401 0.636364 
0.80856 0.623295 
0.805227 0.646485 
0.843732 0.797439 
0.806809 0.629302 
0.855417 0.674248 
0.743629 0.735023 
0.489217 0.854451 
0.860793 0.673938 
0.814065 0.708966 
0.880679 0.754497 
0.87879 0.720206 
0.752585 0.848527 
0.581741 0.917577 
0.759434 0.904508 
0.756512 0.748868 
0.842998 0.756267 
0.746906 0.869254 
0.901283 0.949261 
0.835186 0.845626 
0.928743 0.839759 
0.876111 0.981396 
0.87427 0.91566 
0.902292 0.952482 
0.844179 0.790142 
0.84401 0.75843 
0.889839 0.752413 
0.839767 0.818116 
0.917681 0.729366 
0.88054 0.72107 
0.919248 0.742437 
0.871846 0.821955 
0.902838 0.965296 
0.884377 1.00148 
0.944372 0.939127 
0.920709 0.967369 
0.936877 0.988967 
0.910951 0.97797 
0.902464 0.991579 
0.916551 0.98461 
0.929686 0.989024 
0.943218 0.986954 
0.948437 0.983906 
0.973443 0.980759 
0.979409 0.934611 
0.973496 0.981215 
0.954017 0.949874 
0.964925 0.974946 
0.989073 0.943436 
0.932385 0.917683 
0.998136 0.99711 
1.00344 0.968569 
0.95403 0.949182 
1.01187 0.934883 
0.970278 0.936351 
0.88434 0.903643 
0.905592 0.88476 
0.905486 0.888613 
0.985176 0.928459 
0.963614 0.901539 
0.991019 0.914967 
0.991238 0.899567 
0.929618 0.902959 
0.920343 0.772496 
0.955138 0.636072 
0.976064 0.83815 
0.955982 0.894926 
0.944432 0.733095 
0.950228 0.632851 
0.959404 0.897155 
0.985098 0.833805 
0.957457 0.461116 
1.38828 0.523157 
1.01494 0.839721 
0.948287 0.735015 
0.958437 0.330875 
0.991381 0.358393 
0.982351 0.335016 
0.968519 0.194569 
0.96839 0.212093 
0.975582 0.238824 
0.912955 0.278318 
0.884933 0.408071 
0.881115 0.129077 
0.946024 0.111844 
0.963639 0.225745 
0.985347 0.299263 
0.909258 0.273517 
0.919108 0.362017 
0.928951 0.291581 
0.981297 0.301365 
0.977147 0.301756 
0.992568 0.350409 
0.960053 0.461283 
0.939464 0.44871 
0.840029 0.315316 
0.699594 0.203497 
0.861503 0.195471 
0.870028 0.200675 
0.893804 0.281338 
0.876981 0.330745 
0.736017 0.31193 
0.681525 0.388768 
0.64751 0.239784 
0.71128 0.226878 
0.593074 0.305321 
0.704155 0.253405 
0.822498 0.288805 
0.78826 0.316519 
0.625119 0.205712 
0.635001 0.280865 
0.598232 0.168229 
0.739478 0.133115 
0.76804 0.103198 
0.580155 0.166017 
0.825046 0.213921 
0.707934 0.275312 
0.755034 0.226267 
0.748548 0.307706 
0.818469 0.247145 
0.753375 0.299836 
0.862977 0.170865 
0.785883 0.201297 
0.607007 0.0676134 
0.692838 0.0798087 
0.60302 0.167025 
0.661719 0.0853157 
0.707031 0.101312 
0.668568 0.0953574 
0.550911 0.106478 
0.619265 0.157327 
0.56987 0.0457022 
0.585722 0.103089 
0.562917 0.0672192 
0.623592 0.118977 
0.587429 0.087955 
0.654878 0.0623788 
0.533449 0.0223271 
0.581363 0.0767169 
0.591013 0.0273451 
0.630002 0.0251899 
0.561646 0.0702112 
0.591293 0.0273306 
0.599423 0.0656905 
0.594995 0.053245 
0.616319 0.057703 
0.649523 0.0647618 
0.602409 0.0221465 
0.613839 0.0259578 
0.664138 0.0324469 
0.76474 0.0699484 
0.772066 -0.0300055 
0.845971 0.0656998 
0.768849 0.101348 
0.657848 0.0678832 
0.688873 0.0150558 
0.69431 0.0194294 
0.710333 0.028696 
0.737485 0.0386327 
0.792501 0.0178005 
0.800848 0.0300389 
0.84771 0.0819851 
0.802001 0.029847 
0.821531 0.0137934 
0.914152 -0.0116684 
0.881776 0.0722752 
0.924994 0.028434 
0.953689 0.0922295 
0.844447 0.0194683 
0.849263 0.0118084 
0.965672 0.0636858 
0.984916 0.0587446 
3.05476 0.0587446 
0.984916 -2.0111 
0.914152 -2.08416 
0.849263 -2.00267 
0.821531 -1.98333 
0.772066 -2.03998 
0.688873 -1.91958 
0.630002 -1.88131 
0.602409 -1.88077 
0.547627 -1.91747 
0.470105 -2.02965 
0.379433 -1.82438 
0.285794 -1.90332 
0.139699 -2.4669 
0.0296902 -2.06913 
0.0170201 -2.08486 
0.00747207 -2.10975 
2.9683 0.152636 
-2.10596 0.00368387 
2.94202 0.194569 
-2.13222 0.0297366 
2.9324 0.212093 
-2.05863 0.0561526 
2.93237 0.238824 
-2.06297 0.0854352 
2.92478 0.299263 
-1.98174 0.126459 
2.92156 0.350409 
-2.34405 0.299369 
2.91697 0.358393 
-2.09476 0.499429 
3.69107 0.523157 
-1.90305 0.547898 
2.86866 0.735015 
-2.60441 0.710366 
3.04605 0.839721 
-2.0248 0.877037 
3.03867 0.899567 
-2.06491 0.9027 
3.04811 0.914967 
-2.03685 0.919965 
3.09774 0.934883 
-2.03201 0.94841 
3.1054 0.968569 
-2.06625 0.977181 
3.1161 0.99711 
-2.08824 0.984736 
0.998136 3.11507 
0.973496 3.07053 
0.948437 3.05786 
0.943218 3.05963 
0.936877 3.05889 
0.929686 3.05422 
0.916551 3.03785 
0.902464 3.04111 
0.884377 3.04754 
0.825817 2.96241 
0.657512 3.16911 
0.394739 2.70822 
0.238451 2.89988 
0.134991 3.07707 
0.0347312 3.04008 
0.0106608 3.13129 
-2.11724 0.995314 
1 0 
0.984916 0 
1 0.0587446 
0.915803 0 
0.881901 0 
0.849263 0 
0.821531 0 
0.784892 0 
0.759493 0 
0.688873 0 
0.630002 0 
0.602409 0 
0.548406 0 
0.547316 0 
0.498915 0 
0.459331 0 
0.379433 0 
0.285794 0 
0.185064 0 
0.0897446 0 
0.0296902 0 
0.0170201 0 
0.00747207 0 
0 0 
0 0.00368387 
1 0.152636 
0 0.0200859 
0 0.0374431 
1 0.194569 
0 0.0561526 
1 0.212093 
0 0.0854352 
1 0.238824 
0 0.126459 
1 0.299263 
0 0.234917 
0 0.338886 
1 0.350409 
0 0.40633 
0 0.477355 
1 0.358393 
0 0.51812 
0 0.547898 
1 0.467055 
0 0.627065 
1 0.624377 
1 0.735015 
0 0.640902 
0 0.73543 
0 0.78091 
0 0.832112 
0 0.877037 
1 0.836759 
0 0.777415 
0 0.899284 
1 0.870255 
1 0.899567 
0 0.906512 
0 0.919965 
1 0.914967 
0 0.94841 
1 0.932027 
1 0.836759 
0 0.977181 
1 0.939336 
1 0.962556 
0 0.984736 
1 0.969966 
1 0.99711 
0.883769 1 
0.887079 1 
0.61297 1 
0.713752 1 
0.126948 1 
0.17084 1 
0.003673 1 
0.0127951 1 
0 0.995314 
0.998136 1 
1 1 
0.973496 1 
0.948437 1 
0.943218 1 
0.936877 1 
0.929686 1 
0.916551 1 
0.902464 1 
0.825817 1 
0.394739 1 
0.238451 1 
0.0347312 1 
0 1 
