# Date: 7/13/2013   Time: 1:58
# dimensions 
1 1 
# connectivity 
25
4  1  2  3  4    1 1 
5  5  6  7  8  9    1 1 
6  10  11  12  13  14  15    1 1 
4  16  17  18  19    1 1 
5  20  21  22  23  24    1 1 
4  25  26  27  28    1 1 
7  29  30  31  32  33  34  35    1 1 
6  36  37  38  39  40  41    1 1 
7  42  43  44  45  46  47  48    1 1 
4  49  50  51  52    1 1 
5  53  54  55  56  57    1 1 
6  58  59  60  61  62  63    1 1 
4  64  65  66  67    1 1 
7  68  69  70  71  72  73  74    1 1 
5  75  76  77  78  79    1 1 
4  80  81  82  83    1 1 
6  84  85  86  87  88  89    1 1 
8  90  91  92  93  94  95  96  97    1 1 
5  98  99  100  101  102    1 1 
5  103  104  105  106  107    1 1 
5  108  109  110  111  112    1 1 
5  113  114  115  116  117    1 1 
4  118  119  120  121    1 1 
5  122  123  124  125  126    1 1 
5  127  128  129  130  131    1 1 
# DG vertices (counter-clockwise) 
131
0.884287  0  
1  0  
1  0.112375  
0.884287  0.112375  
0.69507  0  
0.884287  0  
0.884287  0.112375  
0.792108  0.207292  
0.69507  0.224981  
0.512046  0  
0.69507  0  
0.69507  0.224981  
0.617658  0.266879  
0.562089  0.265476  
0.512046  0.204674  
0.201263  0  
0.512046  0  
0.512046  0.204674  
0.201263  0.0766233  
0  0  
0.201263  0  
0.201263  0.0766233  
0.102344  0.181831  
0  0.181831  
0.884287  0.112375  
1  0.112375  
1  0.383644  
0.792108  0.207292  
0.617658  0.266879  
0.69507  0.224981  
0.792108  0.207292  
1  0.383644  
1  0.488764  
0.842645  0.585558  
0.770553  0.556675  
0.406276  0.455416  
0.562089  0.265476  
0.617658  0.266879  
0.770553  0.556675  
0.6467  0.634889  
0.468114  0.630378  
0.102344  0.181831  
0.201263  0.0766233  
0.512046  0.204674  
0.562089  0.265476  
0.406276  0.455416  
0.190517  0.46025  
0.189087  0.458774  
0  0.181831  
0.102344  0.181831  
0.189087  0.458774  
0  0.458774  
0.842645  0.585558  
1  0.488764  
1  0.753444  
0.896227  0.753444  
0.86321  0.702726  
0.6467  0.634889  
0.770553  0.556675  
0.842645  0.585558  
0.86321  0.702726  
0.684867  0.79505  
0.67173  0.777496  
0.468114  0.630378  
0.6467  0.634889  
0.67173  0.777496  
0.430992  0.754606  
0.190517  0.46025  
0.406276  0.455416  
0.468114  0.630378  
0.430992  0.754606  
0.413519  0.786296  
0.137427  0.646308  
0.136187  0.642065  
0  0.458774  
0.189087  0.458774  
0.190517  0.46025  
0.136187  0.642065  
0  0.642065  
0.896227  0.753444  
1  0.753444  
1  0.921241  
0.87394  0.921241  
0.684867  0.79505  
0.86321  0.702726  
0.896227  0.753444  
0.87394  0.921241  
0.845288  0.955921  
0.682274  0.884501  
0.410791  0.820633  
0.413519  0.786296  
0.430992  0.754606  
0.67173  0.777496  
0.684867  0.79505  
0.682274  0.884501  
0.634158  0.908083  
0.47009  0.892483  
0.137427  0.646308  
0.413519  0.786296  
0.410791  0.820633  
0.18122  0.957698  
0.0918878  0.865122  
0  0.642065  
0.136187  0.642065  
0.137427  0.646308  
0.0918878  0.865122  
0  0.865122  
0.845288  0.955921  
0.87394  0.921241  
1  0.921241  
1  1  
0.845288  1  
0.634158  0.908083  
0.682274  0.884501  
0.845288  0.955921  
0.845288  1  
0.634158  1  
0.47009  0.892483  
0.634158  0.908083  
0.634158  1  
0.47009  1  
0.410791  0.820633  
0.47009  0.892483  
0.47009  1  
0.18122  1  
0.18122  0.957698  
0  0.865122  
0.0918878  0.865122  
0.18122  0.957698  
0.18122  1  
0  1  
# grid vertices 
70
Inf Inf 
0.201263 0.0766233 
0.562089 0.265476 
0.413519 0.786296 
0.410791 0.820633 
0.67173 0.777496 
0.684867 0.79505 
0.190517 0.46025 
0.189087 0.458774 
0.136187 0.642065 
0.102344 0.181831 
0.617658 0.266879 
0.0918878 0.865122 
0.47009 0.892483 
0.406276 0.455416 
0.18122 0.957698 
0.137427 0.646308 
0.468114 0.630378 
0.430992 0.754606 
0.842645 0.585558 
0.634158 0.908083 
0.682274 0.884501 
0.845288 0.955921 
0.86321 0.702726 
0.87394 0.921241 
0.896227 0.753444 
1.07183 0.444578 
0.6467 0.634889 
0.512046 0.204674 
0.770553 0.556675 
0.69507 0.224981 
0.792108 0.207292 
0.884287 0.112375 
2.84433 0.112375 
0.884287 -1.84767 
0.69507 -1.52641 
0.512046 -1.50511 
0.201263 -1.85575 
3.06056 0.444578 
-1.82115 0.181831 
2.78079 0.753444 
-1.53876 0.458774 
2.85142 0.921241 
-1.66859 0.642065 
0.845288 2.94205 
0.634158 2.75187 
0.47009 2.70032 
0.18122 2.92968 
-1.86993 0.865122 
1 0 
0.884287 0 
1 0.112375 
0.69507 0 
0.512046 0 
0.201263 0 
0 0 
0 0.181831 
1 0.383644 
1 0.488764 
0 0.458774 
1 0.753444 
0 0.642065 
1 0.921241 
0 0.865122 
0.845288 1 
1 1 
0.634158 1 
0.47009 1 
0.18122 1 
0 1 
