polygon
1024
4 1 0 1 0.037718 0.983615 0.0395328 0.995383 0  0 0 
4 1 0.037718 1 0.069186 0.986733 0.0674436 0.983615 0.0395328  0 0 
4 1 0.069186 1 0.116803 0.984744 0.101803 0.986733 0.0674436  0 0 
4 1 0.116803 1 0.137305 0.965786 0.149356 0.984744 0.101803  0 0 
4 1 0.137305 1 0.217244 0.969807 0.171882 0.965786 0.149356  0 0 
4 1 0.217244 1 0.25844 0.983423 0.245803 0.969807 0.171882  0 0 
4 1 0.25844 1 0.326555 0.971366 0.325395 0.983423 0.245803  0 0 
4 1 0.326555 1 0.390433 0.974968 0.37099 0.971366 0.325395  0 0 
4 1 0.390433 1 0.423763 0.966746 0.40294 0.974968 0.37099  0 0 
4 1 0.423763 1 0.449285 0.9707 0.427593 0.966746 0.40294  0 0 
4 1 0.449285 1 0.47897 0.985303 0.459705 0.9707 0.427593  0 0 
4 1 0.47897 1 0.493545 0.985109 0.481594 0.985303 0.459705  0 0 
4 1 0.493545 1 0.515841 0.991592 0.514297 0.985109 0.481594  0 0 
4 1 0.515841 1 0.538071 0.991687 0.529129 0.991592 0.514297  0 0 
4 1 0.538071 1 0.588176 0.98672 0.584287 0.991687 0.529129  0 0 
4 1 0.588176 1 0.618864 0.975964 0.593427 0.98672 0.584287  0 0 
4 1 0.618864 1 0.624955 0.960226 0.591987 0.975964 0.593427  0 0 
4 1 0.624955 1 0.63782 0.967778 0.60703 0.960226 0.591987  0 0 
4 1 0.63782 1 0.655436 0.960443 0.618546 0.967778 0.60703  0 0 
4 1 0.655436 1 0.664032 0.959387 0.627475 0.960443 0.618546  0 0 
4 1 0.664032 1 0.714131 0.957221 0.649821 0.959387 0.627475  0 0 
4 1 0.714131 1 0.738063 0.978789 0.711157 0.957221 0.649821  0 0 
4 1 0.738063 1 0.762219 0.963311 0.708425 0.978789 0.711157  0 0 
4 1 0.762219 1 0.783385 0.975619 0.758233 0.963311 0.708425  0 0 
4 1 0.783385 1 0.792519 0.975282 0.771822 0.975619 0.758233  0 0 
4 1 0.792519 1 0.808818 0.984752 0.794796 0.975282 0.771822  0 0 
4 1 0.808818 1 0.829653 0.977053 0.803025 0.984752 0.794796  0 0 
4 1 0.829653 1 0.870891 0.989458 0.858433 0.977053 0.803025  0 0 
4 1 0.870891 1 0.891815 0.98752 0.882212 0.989458 0.858433  0 0 
4 1 0.891815 1 0.91332 0.982477 0.931557 0.98752 0.882212  0 0 
4 1 0.91332 1 0.973963 0.984517 0.967574 0.982477 0.931557  0 0 
4 1 0.973963 1 1 0.975125 1 0.984517 0.967574  0 0 
4 0.995383 0 0.983615 0.0395328 0.976926 0.0342347 0.984454 0  0 0 
4 0.983615 0.0395328 0.986733 0.0674436 0.970103 0.0652595 0.976926 0.0342347  0 0 
4 0.986733 0.0674436 0.984744 0.101803 0.94928 0.133962 0.970103 0.0652595  0 0 
4 0.984744 0.101803 0.965786 0.149356 0.942084 0.157705 0.94928 0.133962  0 0 
4 0.965786 0.149356 0.969807 0.171882 0.944605 0.179533 0.942084 0.157705  0 0 
4 0.969807 0.171882 0.983423 0.245803 0.94925 0.219752 0.944605 0.179533  0 0 
4 0.983423 0.245803 0.971366 0.325395 0.943907 0.292509 0.94925 0.219752  0 0 
4 0.971366 0.325395 0.974968 0.37099 0.940131 0.343931 0.943907 0.292509  0 0 
4 0.974968 0.37099 0.966746 0.40294 0.948889 0.387564 0.940131 0.343931  0 0 
4 0.966746 0.40294 0.9707 0.427593 0.954519 0.415613 0.948889 0.387564  0 0 
4 0.9707 0.427593 0.985303 0.459705 0.966498 0.447669 0.954519 0.415613  0 0 
4 0.985303 0.459705 0.985109 0.481594 0.976635 0.474794 0.966498 0.447669  0 0 
4 0.985109 0.481594 0.991592 0.514297 0.970889 0.494713 0.976635 0.474794  0 0 
4 0.991592 0.514297 0.991687 0.529129 0.968238 0.503903 0.970889 0.494713  0 0 
4 0.991687 0.529129 0.98672 0.584287 0.960296 0.535159 0.968238 0.503903  0 0 
4 0.98672 0.584287 0.975964 0.593427 0.951947 0.56801 0.960296 0.535159  0 0 
4 0.975964 0.593427 0.960226 0.591987 0.948886 0.572716 0.951947 0.56801  0 0 
4 0.960226 0.591987 0.967778 0.60703 0.942361 0.582743 0.948886 0.572716  0 0 
4 0.967778 0.60703 0.960443 0.618546 0.943385 0.597087 0.942361 0.582743  0 0 
4 0.960443 0.618546 0.959387 0.627475 0.944604 0.614168 0.943385 0.597087  0 0 
4 0.959387 0.627475 0.957221 0.649821 0.938187 0.637317 0.944604 0.614168  0 0 
4 0.957221 0.649821 0.978789 0.711157 0.933606 0.653843 0.938187 0.637317  0 0 
4 0.978789 0.711157 0.963311 0.708425 0.951344 0.711357 0.933606 0.653843  0 0 
4 0.963311 0.708425 0.975619 0.758233 0.96122 0.743378 0.951344 0.711357  0 0 
4 0.975619 0.758233 0.975282 0.771822 0.950515 0.752632 0.96122 0.743378  0 0 
4 0.975282 0.771822 0.984752 0.794796 0.944527 0.757808 0.950515 0.752632  0 0 
4 0.984752 0.794796 0.977053 0.803025 0.949068 0.779343 0.944527 0.757808  0 0 
4 0.977053 0.803025 0.989458 0.858433 0.957875 0.821111 0.949068 0.779343  0 0 
4 0.989458 0.858433 0.98752 0.882212 0.95763 0.916114 0.957875 0.821111  0 0 
4 0.98752 0.882212 0.982477 0.931557 0.957523 0.957528 0.95763 0.916114  0 0 
4 0.982477 0.931557 0.984517 0.967574 0.941855 0.983718 0.957523 0.957528  0 0 
4 0.984517 0.967574 0.975125 1 0.932114 1 0.941855 0.983718  0 0 
4 0.984454 0 0.976926 0.0342347 0.952532 0.0580222 0.972388 0  0 0 
4 0.976926 0.0342347 0.970103 0.0652595 0.953517 0.0830958 0.952532 0.0580222  0 0 
4 0.970103 0.0652595 0.94928 0.133962 0.938809 0.117816 0.953517 0.0830958  0 0 
4 0.94928 0.133962 0.942084 0.157705 0.931894 0.161294 0.938809 0.117816  0 0 
4 0.942084 0.157705 0.944605 0.179533 0.933804 0.209674 0.931894 0.161294  0 0 
4 0.944605 0.179533 0.94925 0.219752 0.929282 0.248571 0.933804 0.209674  0 0 
4 0.94925 0.219752 0.943907 0.292509 0.931773 0.285223 0.929282 0.248571  0 0 
4 0.943907 0.292509 0.940131 0.343931 0.923121 0.330718 0.931773 0.285223  0 0 
4 0.940131 0.343931 0.948889 0.387564 0.938172 0.366746 0.923121 0.330718  0 0 
4 0.948889 0.387564 0.954519 0.415613 0.940206 0.393828 0.938172 0.366746  0 0 
4 0.954519 0.415613 0.966498 0.447669 0.954636 0.439816 0.940206 0.393828  0 0 
4 0.966498 0.447669 0.976635 0.474794 0.968599 0.468345 0.954636 0.439816  0 0 
4 0.976635 0.474794 0.970889 0.494713 0.96437 0.4767 0.968599 0.468345  0 0 
4 0.970889 0.494713 0.968238 0.503903 0.959134 0.502719 0.96437 0.4767  0 0 
4 0.968238 0.503903 0.960296 0.535159 0.952524 0.526055 0.959134 0.502719  0 0 
4 0.960296 0.535159 0.951947 0.56801 0.946246 0.561977 0.952524 0.526055  0 0 
4 0.951947 0.56801 0.948886 0.572716 0.939756 0.563607 0.946246 0.561977  0 0 
4 0.948886 0.572716 0.942361 0.582743 0.934838 0.579945 0.939756 0.563607  0 0 
4 0.942361 0.582743 0.943385 0.597087 0.927062 0.592684 0.934838 0.579945  0 0 
4 0.943385 0.597087 0.944604 0.614168 0.921508 0.59338 0.927062 0.592684  0 0 
4 0.944604 0.614168 0.938187 0.637317 0.923362 0.621367 0.921508 0.59338  0 0 
4 0.938187 0.637317 0.933606 0.653843 0.919308 0.627813 0.923362 0.621367  0 0 
4 0.933606 0.653843 0.951344 0.711357 0.919311 0.67163 0.919308 0.627813  0 0 
4 0.951344 0.711357 0.96122 0.743378 0.94119 0.722714 0.919311 0.67163  0 0 
4 0.96122 0.743378 0.950515 0.752632 0.930203 0.729232 0.94119 0.722714  0 0 
4 0.950515 0.752632 0.944527 0.757808 0.931084 0.73896 0.930203 0.729232  0 0 
4 0.944527 0.757808 0.949068 0.779343 0.934835 0.758788 0.931084 0.73896  0 0 
4 0.949068 0.779343 0.957875 0.821111 0.953912 0.816427 0.934835 0.758788  0 0 
4 0.957875 0.821111 0.95763 0.916114 0.942986 0.861786 0.953912 0.816427  0 0 
4 0.95763 0.916114 0.957523 0.957528 0.940125 0.920591 0.942986 0.861786  0 0 
4 0.957523 0.957528 0.941855 0.983718 0.929447 0.956746 0.940125 0.920591  0 0 
4 0.941855 0.983718 0.932114 1 0.917427 1 0.929447 0.956746  0 0 
4 0.972388 0 0.952532 0.0580222 0.933033 0.0792627 0.945875 0  0 0 
4 0.952532 0.0580222 0.953517 0.0830958 0.927959 0.110581 0.933033 0.0792627  0 0 
4 0.953517 0.0830958 0.938809 0.117816 0.924934 0.129255 0.927959 0.110581  0 0 
4 0.938809 0.117816 0.931894 0.161294 0.919007 0.165833 0.924934 0.129255  0 0 
4 0.931894 0.161294 0.933804 0.209674 0.916036 0.221035 0.919007 0.165833  0 0 
4 0.933804 0.209674 0.929282 0.248571 0.913313 0.271618 0.916036 0.221035  0 0 
4 0.929282 0.248571 0.931773 0.285223 0.912445 0.287743 0.913313 0.271618  0 0 
4 0.931773 0.285223 0.923121 0.330718 0.910653 0.321033 0.912445 0.287743  0 0 
4 0.923121 0.330718 0.938172 0.366746 0.91582 0.336866 0.910653 0.321033  0 0 
4 0.938172 0.366746 0.940206 0.393828 0.928692 0.376305 0.91582 0.336866  0 0 
4 0.940206 0.393828 0.954636 0.439816 0.939396 0.409099 0.928692 0.376305  0 0 
4 0.954636 0.439816 0.968599 0.468345 0.95523 0.457616 0.939396 0.409099  0 0 
4 0.968599 0.468345 0.96437 0.4767 0.949948 0.47702 0.95523 0.457616  0 0 
4 0.96437 0.4767 0.959134 0.502719 0.943504 0.500688 0.949948 0.47702  0 0 
4 0.959134 0.502719 0.952524 0.526055 0.939563 0.515166 0.943504 0.500688  0 0 
4 0.952524 0.526055 0.946246 0.561977 0.931164 0.546015 0.939563 0.515166  0 0 
4 0.946246 0.561977 0.939756 0.563607 0.924644 0.557476 0.931164 0.546015  0 0 
4 0.939756 0.563607 0.934838 0.579945 0.915872 0.572893 0.924644 0.557476  0 0 
4 0.934838 0.579945 0.927062 0.592684 0.914032 0.576128 0.915872 0.572893  0 0 
4 0.927062 0.592684 0.921508 0.59338 0.910073 0.583087 0.914032 0.576128  0 0 
4 0.921508 0.59338 0.923362 0.621367 0.90956 0.596565 0.910073 0.583087  0 0 
4 0.923362 0.621367 0.919308 0.627813 0.90908 0.609191 0.90956 0.596565  0 0 
4 0.919308 0.627813 0.919311 0.67163 0.907292 0.656195 0.90908 0.609191  0 0 
4 0.919311 0.67163 0.94119 0.722714 0.906137 0.686551 0.907292 0.656195  0 0 
4 0.94119 0.722714 0.930203 0.729232 0.910021 0.698939 0.906137 0.686551  0 0 
4 0.930203 0.729232 0.931084 0.73896 0.915891 0.717658 0.910021 0.698939  0 0 
4 0.931084 0.73896 0.934835 0.758788 0.92299 0.740299 0.915891 0.717658  0 0 
4 0.934835 0.758788 0.953912 0.816427 0.942711 0.803191 0.92299 0.740299  0 0 
4 0.953912 0.816427 0.942986 0.861786 0.933826 0.854918 0.942711 0.803191  0 0 
4 0.942986 0.861786 0.940125 0.920591 0.927243 0.893242 0.933826 0.854918  0 0 
4 0.940125 0.920591 0.929447 0.956746 0.915511 0.961538 0.927243 0.893242  0 0 
4 0.929447 0.956746 0.917427 1 0.908905 1 0.915511 0.961538  0 0 
4 0.945875 0 0.933033 0.0792627 0.916697 0.0509322 0.930728 0  0 0 
4 0.933033 0.0792627 0.927959 0.110581 0.912853 0.0700463 0.916697 0.0509322  0 0 
4 0.927959 0.110581 0.924934 0.129255 0.899475 0.118958 0.912853 0.0700463  0 0 
4 0.924934 0.129255 0.919007 0.165833 0.895872 0.159106 0.899475 0.118958  0 0 
4 0.919007 0.165833 0.916036 0.221035 0.88357 0.197683 0.895872 0.159106  0 0 
4 0.916036 0.221035 0.913313 0.271618 0.887923 0.231998 0.88357 0.197683  0 0 
4 0.913313 0.271618 0.912445 0.287743 0.897657 0.283775 0.887923 0.231998  0 0 
4 0.912445 0.287743 0.910653 0.321033 0.87264 0.291507 0.897657 0.283775  0 0 
4 0.910653 0.321033 0.91582 0.336866 0.910289 0.352721 0.87264 0.291507  0 0 
4 0.91582 0.336866 0.928692 0.376305 0.902636 0.364162 0.910289 0.352721  0 0 
4 0.928692 0.376305 0.939396 0.409099 0.921532 0.408219 0.902636 0.364162  0 0 
4 0.939396 0.409099 0.95523 0.457616 0.917003 0.416133 0.921532 0.408219  0 0 
4 0.95523 0.457616 0.949948 0.47702 0.913221 0.455615 0.917003 0.416133  0 0 
4 0.949948 0.47702 0.943504 0.500688 0.918268 0.477475 0.913221 0.455615  0 0 
4 0.943504 0.500688 0.939563 0.515166 0.919485 0.494796 0.918268 0.477475  0 0 
4 0.939563 0.515166 0.931164 0.546015 0.917318 0.531362 0.919485 0.494796  0 0 
4 0.931164 0.546015 0.924644 0.557476 0.906393 0.540831 0.917318 0.531362  0 0 
4 0.924644 0.557476 0.915872 0.572893 0.89979 0.537586 0.906393 0.540831  0 0 
4 0.915872 0.572893 0.914032 0.576128 0.889636 0.548359 0.89979 0.537586  0 0 
4 0.914032 0.576128 0.910073 0.583087 0.875114 0.539865 0.889636 0.548359  0 0 
4 0.910073 0.583087 0.90956 0.596565 0.895376 0.579742 0.875114 0.539865  0 0 
4 0.90956 0.596565 0.90908 0.609191 0.889479 0.6036 0.895376 0.579742  0 0 
4 0.90908 0.609191 0.907292 0.656195 0.885045 0.628913 0.889479 0.6036  0 0 
4 0.907292 0.656195 0.906137 0.686551 0.887171 0.666985 0.885045 0.628913  0 0 
4 0.906137 0.686551 0.910021 0.698939 0.89447 0.697107 0.887171 0.666985  0 0 
4 0.910021 0.698939 0.915891 0.717658 0.900404 0.720681 0.89447 0.697107  0 0 
4 0.915891 0.717658 0.92299 0.740299 0.885155 0.761619 0.900404 0.720681  0 0 
4 0.92299 0.740299 0.942711 0.803191 0.901629 0.816371 0.885155 0.761619  0 0 
4 0.942711 0.803191 0.933826 0.854918 0.917698 0.836042 0.901629 0.816371  0 0 
4 0.933826 0.854918 0.927243 0.893242 0.893909 0.884427 0.917698 0.836042  0 0 
4 0.927243 0.893242 0.915511 0.961538 0.885704 0.935732 0.893909 0.884427  0 0 
4 0.915511 0.961538 0.908905 1 0.804354 1 0.885704 0.935732  0 0 
4 0.930728 0 0.916697 0.0509322 0.909727 0.0282768 0.921264 0  0 0 
4 0.916697 0.0509322 0.912853 0.0700463 0.903226 0.0442116 0.909727 0.0282768  0 0 
4 0.912853 0.0700463 0.899475 0.118958 0.880381 0.106077 0.903226 0.0442116  0 0 
4 0.899475 0.118958 0.895872 0.159106 0.8642 0.149897 0.880381 0.106077  0 0 
4 0.895872 0.159106 0.88357 0.197683 0.873475 0.192573 0.8642 0.149897  0 0 
4 0.88357 0.197683 0.887923 0.231998 0.879026 0.218113 0.873475 0.192573  0 0 
4 0.887923 0.231998 0.897657 0.283775 0.869146 0.245008 0.879026 0.218113  0 0 
4 0.897657 0.283775 0.87264 0.291507 0.856633 0.279073 0.869146 0.245008  0 0 
4 0.87264 0.291507 0.910289 0.352721 0.877661 0.333963 0.856633 0.279073  0 0 
4 0.910289 0.352721 0.902636 0.364162 0.886316 0.356556 0.877661 0.333963  0 0 
4 0.902636 0.364162 0.921532 0.408219 0.890667 0.380265 0.886316 0.356556  0 0 
4 0.921532 0.408219 0.917003 0.416133 0.892338 0.389369 0.890667 0.380265  0 0 
4 0.917003 0.416133 0.913221 0.455615 0.893693 0.417848 0.892338 0.389369  0 0 
4 0.913221 0.455615 0.918268 0.477475 0.895534 0.456564 0.893693 0.417848  0 0 
4 0.918268 0.477475 0.919485 0.494796 0.899483 0.480189 0.895534 0.456564  0 0 
4 0.919485 0.494796 0.917318 0.531362 0.906044 0.519431 0.899483 0.480189  0 0 
4 0.917318 0.531362 0.906393 0.540831 0.897522 0.523393 0.906044 0.519431  0 0 
4 0.906393 0.540831 0.89979 0.537586 0.894059 0.525003 0.897522 0.523393  0 0 
4 0.89979 0.537586 0.889636 0.548359 0.879785 0.520776 0.894059 0.525003  0 0 
4 0.889636 0.548359 0.875114 0.539865 0.853339 0.512943 0.879785 0.520776  0 0 
4 0.875114 0.539865 0.895376 0.579742 0.857004 0.538213 0.853339 0.512943  0 0 
4 0.895376 0.579742 0.889479 0.6036 0.865495 0.596759 0.857004 0.538213  0 0 
4 0.889479 0.6036 0.885045 0.628913 0.869313 0.613904 0.865495 0.596759  0 0 
4 0.885045 0.628913 0.887171 0.666985 0.87933 0.658896 0.869313 0.613904  0 0 
4 0.887171 0.666985 0.89447 0.697107 0.864772 0.704838 0.87933 0.658896  0 0 
4 0.89447 0.697107 0.900404 0.720681 0.857071 0.729141 0.864772 0.704838  0 0 
4 0.900404 0.720681 0.885155 0.761619 0.860755 0.791096 0.857071 0.729141  0 0 
4 0.885155 0.761619 0.901629 0.816371 0.862994 0.828765 0.860755 0.791096  0 0 
4 0.901629 0.816371 0.917698 0.836042 0.870993 0.857731 0.862994 0.828765  0 0 
4 0.917698 0.836042 0.893909 0.884427 0.877141 0.879992 0.870993 0.857731  0 0 
4 0.893909 0.884427 0.885704 0.935732 0.800672 0.961 0.877141 0.879992  0 0 
4 0.885704 0.935732 0.804354 1 0.763856 1 0.800672 0.961  0 0 
4 0.921264 0 0.909727 0.0282768 0.87192 0.0282576 0.904167 0  0 0 
4 0.909727 0.0282768 0.903226 0.0442116 0.872944 0.0614112 0.87192 0.0282576  0 0 
4 0.903226 0.0442116 0.880381 0.106077 0.85904 0.119038 0.872944 0.0614112  0 0 
4 0.880381 0.106077 0.8642 0.149897 0.850738 0.145982 0.85904 0.119038  0 0 
4 0.8642 0.149897 0.873475 0.192573 0.860934 0.181607 0.850738 0.145982  0 0 
4 0.873475 0.192573 0.879026 0.218113 0.861343 0.20279 0.860934 0.181607  0 0 
4 0.879026 0.218113 0.869146 0.245008 0.855577 0.252569 0.861343 0.20279  0 0 
4 0.869146 0.245008 0.856633 0.279073 0.850058 0.273966 0.855577 0.252569  0 0 
4 0.856633 0.279073 0.877661 0.333963 0.858828 0.314606 0.850058 0.273966  0 0 
4 0.877661 0.333963 0.886316 0.356556 0.861348 0.327682 0.858828 0.314606  0 0 
4 0.886316 0.356556 0.890667 0.380265 0.857515 0.340742 0.861348 0.327682  0 0 
4 0.890667 0.380265 0.892338 0.389369 0.877378 0.373135 0.857515 0.340742  0 0 
4 0.892338 0.389369 0.893693 0.417848 0.878376 0.390882 0.877378 0.373135  0 0 
4 0.893693 0.417848 0.895534 0.456564 0.877423 0.428348 0.878376 0.390882  0 0 
4 0.895534 0.456564 0.899483 0.480189 0.860196 0.438865 0.877423 0.428348  0 0 
4 0.899483 0.480189 0.906044 0.519431 0.861455 0.472243 0.860196 0.438865  0 0 
4 0.906044 0.519431 0.897522 0.523393 0.866741 0.487356 0.861455 0.472243  0 0 
4 0.897522 0.523393 0.894059 0.525003 0.857949 0.494993 0.866741 0.487356  0 0 
4 0.894059 0.525003 0.879785 0.520776 0.853025 0.501611 0.857949 0.494993  0 0 
4 0.879785 0.520776 0.853339 0.512943 0.840614 0.49721 0.853025 0.501611  0 0 
4 0.853339 0.512943 0.857004 0.538213 0.838106 0.521323 0.840614 0.49721  0 0 
4 0.857004 0.538213 0.865495 0.596759 0.843825 0.555614 0.838106 0.521323  0 0 
4 0.865495 0.596759 0.869313 0.613904 0.844132 0.58336 0.843825 0.555614  0 0 
4 0.869313 0.613904 0.87933 0.658896 0.843301 0.621727 0.844132 0.58336  0 0 
4 0.87933 0.658896 0.864772 0.704838 0.835457 0.662872 0.843301 0.621727  0 0 
4 0.864772 0.704838 0.857071 0.729141 0.833098 0.735945 0.835457 0.662872  0 0 
4 0.857071 0.729141 0.860755 0.791096 0.800998 0.786049 0.833098 0.735945  0 0 
4 0.860755 0.791096 0.862994 0.828765 0.794405 0.850769 0.800998 0.786049  0 0 
4 0.862994 0.828765 0.870993 0.857731 0.82532 0.887681 0.794405 0.850769  0 0 
4 0.870993 0.857731 0.877141 0.879992 0.76824 0.932039 0.82532 0.887681  0 0 
4 0.877141 0.879992 0.800672 0.961 0.766875 0.954842 0.76824 0.932039  0 0 
4 0.800672 0.961 0.763856 1 0.723578 1 0.766875 0.954842  0 0 
4 0.904167 0 0.87192 0.0282576 0.852303 0.0237499 0.853914 0  0 0 
4 0.87192 0.0282576 0.872944 0.0614112 0.84882 0.0751132 0.852303 0.0237499  0 0 
4 0.872944 0.0614112 0.85904 0.119038 0.847064 0.100997 0.84882 0.0751132  0 0 
4 0.85904 0.119038 0.850738 0.145982 0.844144 0.144065 0.847064 0.100997  0 0 
4 0.850738 0.145982 0.860934 0.181607 0.842797 0.163925 0.844144 0.144065  0 0 
4 0.860934 0.181607 0.861343 0.20279 0.841337 0.185454 0.842797 0.163925  0 0 
4 0.861343 0.20279 0.855577 0.252569 0.837816 0.237372 0.841337 0.185454  0 0 
4 0.855577 0.252569 0.850058 0.273966 0.836071 0.263102 0.837816 0.237372  0 0 
4 0.850058 0.273966 0.858828 0.314606 0.836741 0.289433 0.836071 0.263102  0 0 
4 0.858828 0.314606 0.861348 0.327682 0.836998 0.299525 0.836741 0.289433  0 0 
4 0.861348 0.327682 0.857515 0.340742 0.837327 0.312411 0.836998 0.299525  0 0 
4 0.857515 0.340742 0.877378 0.373135 0.837779 0.330164 0.837327 0.312411  0 0 
4 0.877378 0.373135 0.878376 0.390882 0.838256 0.348921 0.837779 0.330164  0 0 
4 0.878376 0.390882 0.877423 0.428348 0.838744 0.368085 0.838256 0.348921  0 0 
4 0.877423 0.428348 0.860196 0.438865 0.839785 0.408958 0.838744 0.368085  0 0 
4 0.860196 0.438865 0.861455 0.472243 0.840841 0.450428 0.839785 0.408958  0 0 
4 0.861455 0.472243 0.866741 0.487356 0.839122 0.460183 0.840841 0.450428  0 0 
4 0.866741 0.487356 0.857949 0.494993 0.836176 0.476898 0.839122 0.460183  0 0 
4 0.857949 0.494993 0.853025 0.501611 0.834651 0.485549 0.836176 0.476898  0 0 
4 0.853025 0.501611 0.840614 0.49721 0.83403 0.48907 0.834651 0.485549  0 0 
4 0.840614 0.49721 0.838106 0.521323 0.830922 0.506706 0.83403 0.48907  0 0 
4 0.838106 0.521323 0.843825 0.555614 0.827698 0.524995 0.830922 0.506706  0 0 
4 0.843825 0.555614 0.844132 0.58336 0.820629 0.565108 0.827698 0.524995  0 0 
4 0.844132 0.58336 0.843301 0.621727 0.815673 0.593225 0.820629 0.565108  0 0 
4 0.843301 0.621727 0.835457 0.662872 0.791656 0.676265 0.815673 0.593225  0 0 
4 0.835457 0.662872 0.833098 0.735945 0.769146 0.754096 0.791656 0.676265  0 0 
4 0.833098 0.735945 0.800998 0.786049 0.744688 0.838664 0.769146 0.754096  0 0 
4 0.800998 0.786049 0.794405 0.850769 0.735744 0.869588 0.744688 0.838664  0 0 
4 0.794405 0.850769 0.82532 0.887681 0.717868 0.931395 0.735744 0.869588  0 0 
4 0.82532 0.887681 0.76824 0.932039 0.709573 0.960077 0.717868 0.931395  0 0 
4 0.76824 0.932039 0.766875 0.954842 0.701566 0.98776 0.709573 0.960077  0 0 
4 0.766875 0.954842 0.723578 1 0.698026 1 0.701566 0.98776  0 0 
4 0.853914 0 0.852303 0.0237499 0.843885 0.0215971 0.840195 0  0 0 
4 0.852303 0.0237499 0.84882 0.0751132 0.830109 0.0843747 0.843885 0.0215971  0 0 
4 0.84882 0.0751132 0.847064 0.100997 0.836358 0.106155 0.830109 0.0843747  0 0 
4 0.847064 0.100997 0.844144 0.144065 0.829825 0.132247 0.836358 0.106155  0 0 
4 0.844144 0.144065 0.842797 0.163925 0.82253 0.174338 0.829825 0.132247  0 0 
4 0.842797 0.163925 0.841337 0.185454 0.83006 0.188452 0.82253 0.174338  0 0 
4 0.841337 0.185454 0.837816 0.237372 0.824221 0.207832 0.83006 0.188452  0 0 
4 0.837816 0.237372 0.836071 0.263102 0.821407 0.258161 0.824221 0.207832  0 0 
4 0.836071 0.263102 0.836741 0.289433 0.825225 0.284258 0.821407 0.258161  0 0 
4 0.836741 0.289433 0.836998 0.299525 0.827385 0.299473 0.825225 0.284258  0 0 
4 0.836998 0.299525 0.837327 0.312411 0.824375 0.31633 0.827385 0.299473  0 0 
4 0.837327 0.312411 0.837779 0.330164 0.831969 0.333606 0.824375 0.31633  0 0 
4 0.837779 0.330164 0.838256 0.348921 0.827804 0.353863 0.831969 0.333606  0 0 
4 0.838256 0.348921 0.838744 0.368085 0.827466 0.374252 0.827804 0.353863  0 0 
4 0.838744 0.368085 0.839785 0.408958 0.826477 0.411233 0.827466 0.374252  0 0 
4 0.839785 0.408958 0.840841 0.450428 0.82196 0.430446 0.826477 0.411233  0 0 
4 0.840841 0.450428 0.839122 0.460183 0.827638 0.450708 0.82196 0.430446  0 0 
4 0.839122 0.460183 0.836176 0.476898 0.82478 0.462039 0.827638 0.450708  0 0 
4 0.836176 0.476898 0.834651 0.485549 0.827662 0.476117 0.82478 0.462039  0 0 
4 0.834651 0.485549 0.83403 0.48907 0.824552 0.490457 0.827662 0.476117  0 0 
4 0.83403 0.48907 0.830922 0.506706 0.821019 0.513967 0.824552 0.490457  0 0 
4 0.830922 0.506706 0.827698 0.524995 0.8118 0.535932 0.821019 0.513967  0 0 
4 0.827698 0.524995 0.820629 0.565108 0.806733 0.565085 0.8118 0.535932  0 0 
4 0.820629 0.565108 0.815673 0.593225 0.806129 0.589366 0.806733 0.565085  0 0 
4 0.815673 0.593225 0.791656 0.676265 0.786136 0.624686 0.806129 0.589366  0 0 
4 0.791656 0.676265 0.769146 0.754096 0.749296 0.730298 0.786136 0.624686  0 0 
4 0.769146 0.754096 0.744688 0.838664 0.736479 0.768911 0.749296 0.730298  0 0 
4 0.744688 0.838664 0.735744 0.869588 0.720451 0.853422 0.736479 0.768911  0 0 
4 0.735744 0.869588 0.717868 0.931395 0.716263 0.881563 0.720451 0.853422  0 0 
4 0.717868 0.931395 0.709573 0.960077 0.710907 0.915388 0.716263 0.881563  0 0 
4 0.709573 0.960077 0.701566 0.98776 0.695521 0.973719 0.710907 0.915388  0 0 
4 0.701566 0.98776 0.698026 1 0.684853 1 0.695521 0.973719  0 0 
4 0.840195 0 0.843885 0.0215971 0.818638 0.0301353 0.816472 0  0 0 
4 0.843885 0.0215971 0.830109 0.0843747 0.822797 0.0879939 0.818638 0.0301353  0 0 
4 0.830109 0.0843747 0.836358 0.106155 0.821384 0.111087 0.822797 0.0879939  0 0 
4 0.836358 0.106155 0.829825 0.132247 0.820557 0.124598 0.821384 0.111087  0 0 
4 0.829825 0.132247 0.82253 0.174338 0.804711 0.174883 0.820557 0.124598  0 0 
4 0.82253 0.174338 0.83006 0.188452 0.797726 0.19705 0.804711 0.174883  0 0 
4 0.83006 0.188452 0.824221 0.207832 0.806396 0.228215 0.797726 0.19705  0 0 
4 0.824221 0.207832 0.821407 0.258161 0.814035 0.255678 0.806396 0.228215  0 0 
4 0.821407 0.258161 0.825225 0.284258 0.815325 0.273052 0.814035 0.255678  0 0 
4 0.825225 0.284258 0.827385 0.299473 0.817283 0.299418 0.815325 0.273052  0 0 
4 0.827385 0.299473 0.824375 0.31633 0.817618 0.328426 0.817283 0.299418  0 0 
4 0.824375 0.31633 0.831969 0.333606 0.817774 0.342018 0.817618 0.328426  0 0 
4 0.831969 0.333606 0.827804 0.353863 0.815353 0.361942 0.817774 0.342018  0 0 
4 0.827804 0.353863 0.827466 0.374252 0.812889 0.382221 0.815353 0.361942  0 0 
4 0.827466 0.374252 0.826477 0.411233 0.807708 0.392471 0.812889 0.382221  0 0 
4 0.826477 0.411233 0.82196 0.430446 0.800169 0.407384 0.807708 0.392471  0 0 
4 0.82196 0.430446 0.827638 0.450708 0.808061 0.427448 0.800169 0.407384  0 0 
4 0.827638 0.450708 0.82478 0.462039 0.818388 0.453705 0.808061 0.427448  0 0 
4 0.82478 0.462039 0.827662 0.476117 0.817688 0.463377 0.818388 0.453705  0 0 
4 0.827662 0.476117 0.824552 0.490457 0.815633 0.491762 0.817688 0.463377  0 0 
4 0.824552 0.490457 0.821019 0.513967 0.809987 0.51674 0.815633 0.491762  0 0 
4 0.821019 0.513967 0.8118 0.535932 0.804517 0.540942 0.809987 0.51674  0 0 
4 0.8118 0.535932 0.806733 0.565085 0.797719 0.568503 0.804517 0.540942  0 0 
4 0.806733 0.565085 0.806129 0.589366 0.793802 0.584383 0.797719 0.568503  0 0 
4 0.806129 0.589366 0.786136 0.624686 0.7722 0.64047 0.793802 0.584383  0 0 
4 0.786136 0.624686 0.749296 0.730298 0.741296 0.720708 0.7722 0.64047  0 0 
4 0.749296 0.730298 0.736479 0.768911 0.73105 0.754923 0.741296 0.720708  0 0 
4 0.736479 0.768911 0.720451 0.853422 0.706097 0.838248 0.73105 0.754923  0 0 
4 0.720451 0.853422 0.716263 0.881563 0.709081 0.871588 0.706097 0.838248  0 0 
4 0.716263 0.881563 0.710907 0.915388 0.711431 0.897843 0.709081 0.871588  0 0 
4 0.710907 0.915388 0.695521 0.973719 0.696554 0.940472 0.711431 0.897843  0 0 
4 0.695521 0.973719 0.684853 1 0.675778 1 0.696554 0.940472  0 0 
4 0.816472 0 0.818638 0.0301353 0.801431 0.0393551 0.806714 0  0 0 
4 0.818638 0.0301353 0.822797 0.0879939 0.804461 0.0619258 0.801431 0.0393551  0 0 
4 0.822797 0.0879939 0.821384 0.111087 0.804607 0.0985391 0.804461 0.0619258  0 0 
4 0.821384 0.111087 0.820557 0.124598 0.806706 0.113165 0.804607 0.0985391  0 0 
4 0.820557 0.124598 0.804711 0.174883 0.796582 0.146711 0.806706 0.113165  0 0 
4 0.804711 0.174883 0.797726 0.19705 0.780454 0.193726 0.796582 0.146711  0 0 
4 0.797726 0.19705 0.806396 0.228215 0.782081 0.212579 0.780454 0.193726  0 0 
4 0.806396 0.228215 0.814035 0.255678 0.785856 0.246184 0.782081 0.212579  0 0 
4 0.814035 0.255678 0.815325 0.273052 0.786889 0.270818 0.785856 0.246184  0 0 
4 0.815325 0.273052 0.817283 0.299418 0.797047 0.3084 0.786889 0.270818  0 0 
4 0.817283 0.299418 0.817618 0.328426 0.811809 0.332401 0.797047 0.3084  0 0 
4 0.817618 0.328426 0.817774 0.342018 0.808405 0.34757 0.811809 0.332401  0 0 
4 0.817774 0.342018 0.815353 0.361942 0.807198 0.363507 0.808405 0.34757  0 0 
4 0.815353 0.361942 0.812889 0.382221 0.795864 0.376644 0.807198 0.363507  0 0 
4 0.812889 0.382221 0.807708 0.392471 0.797471 0.387148 0.795864 0.376644  0 0 
4 0.807708 0.392471 0.800169 0.407384 0.790852 0.397524 0.797471 0.387148  0 0 
4 0.800169 0.407384 0.808061 0.427448 0.79712 0.418249 0.790852 0.397524  0 0 
4 0.808061 0.427448 0.818388 0.453705 0.796288 0.435231 0.79712 0.418249  0 0 
4 0.818388 0.453705 0.817688 0.463377 0.806162 0.458469 0.796288 0.435231  0 0 
4 0.817688 0.463377 0.815633 0.491762 0.810385 0.49253 0.806162 0.458469  0 0 
4 0.815633 0.491762 0.809987 0.51674 0.796012 0.505543 0.810385 0.49253  0 0 
4 0.809987 0.51674 0.804517 0.540942 0.785332 0.537098 0.796012 0.505543  0 0 
4 0.804517 0.540942 0.797719 0.568503 0.783396 0.556066 0.785332 0.537098  0 0 
4 0.797719 0.568503 0.793802 0.584383 0.748455 0.566051 0.783396 0.556066  0 0 
4 0.793802 0.584383 0.7722 0.64047 0.752192 0.620095 0.748455 0.566051  0 0 
4 0.7722 0.64047 0.741296 0.720708 0.720074 0.717524 0.752192 0.620095  0 0 
4 0.741296 0.720708 0.73105 0.754923 0.715524 0.774867 0.720074 0.717524  0 0 
4 0.73105 0.754923 0.706097 0.838248 0.693821 0.825271 0.715524 0.774867  0 0 
4 0.706097 0.838248 0.709081 0.871588 0.697238 0.871396 0.693821 0.825271  0 0 
4 0.709081 0.871588 0.711431 0.897843 0.688107 0.882735 0.697238 0.871396  0 0 
4 0.711431 0.897843 0.696554 0.940472 0.679618 0.971684 0.688107 0.882735  0 0 
4 0.696554 0.940472 0.675778 1 0.669774 1 0.679618 0.971684  0 0 
4 0.806714 0 0.801431 0.0393551 0.790478 0.0218059 0.790293 0  0 0 
4 0.801431 0.0393551 0.804461 0.0619258 0.790651 0.0422931 0.790478 0.0218059  0 0 
4 0.804461 0.0619258 0.804607 0.0985391 0.790985 0.0816453 0.790651 0.0422931  0 0 
4 0.804607 0.0985391 0.806706 0.113165 0.791143 0.100321 0.790985 0.0816453  0 0 
4 0.806706 0.113165 0.796582 0.146711 0.780909 0.156548 0.791143 0.100321  0 0 
4 0.796582 0.146711 0.780454 0.193726 0.774355 0.192553 0.780909 0.156548  0 0 
4 0.780454 0.193726 0.782081 0.212579 0.770033 0.2163 0.774355 0.192553  0 0 
4 0.782081 0.212579 0.785856 0.246184 0.765822 0.239434 0.770033 0.2163  0 0 
4 0.785856 0.246184 0.786889 0.270818 0.780623 0.284946 0.765822 0.239434  0 0 
4 0.786889 0.270818 0.797047 0.3084 0.78936 0.311812 0.780623 0.284946  0 0 
4 0.797047 0.3084 0.811809 0.332401 0.797623 0.33722 0.78936 0.311812  0 0 
4 0.811809 0.332401 0.808405 0.34757 0.802187 0.351254 0.797623 0.33722  0 0 
4 0.808405 0.34757 0.807198 0.363507 0.797853 0.357436 0.802187 0.351254  0 0 
4 0.807198 0.363507 0.795864 0.376644 0.786528 0.373586 0.797853 0.357436  0 0 
4 0.795864 0.376644 0.797471 0.387148 0.78336 0.378102 0.786528 0.373586  0 0 
4 0.797471 0.387148 0.790852 0.397524 0.778734 0.3847 0.78336 0.378102  0 0 
4 0.790852 0.397524 0.79712 0.418249 0.78108 0.396311 0.778734 0.3847  0 0 
4 0.79712 0.418249 0.796288 0.435231 0.787452 0.427845 0.78108 0.396311  0 0 
4 0.796288 0.435231 0.806162 0.458469 0.792049 0.450594 0.787452 0.427845  0 0 
4 0.806162 0.458469 0.810385 0.49253 0.800806 0.493931 0.792049 0.450594  0 0 
4 0.810385 0.49253 0.796012 0.505543 0.778341 0.515693 0.800806 0.493931  0 0 
4 0.796012 0.505543 0.785332 0.537098 0.76123 0.532268 0.778341 0.515693  0 0 
4 0.785332 0.537098 0.783396 0.556066 0.74691 0.546139 0.76123 0.532268  0 0 
4 0.783396 0.556066 0.748455 0.566051 0.732862 0.559747 0.74691 0.546139  0 0 
4 0.748455 0.566051 0.752192 0.620095 0.718542 0.644484 0.732862 0.559747  0 0 
4 0.752192 0.620095 0.720074 0.717524 0.706542 0.715494 0.718542 0.644484  0 0 
4 0.720074 0.717524 0.715524 0.774867 0.694828 0.784809 0.706542 0.715494  0 0 
4 0.715524 0.774867 0.693821 0.825271 0.688874 0.820041 0.694828 0.784809  0 0 
4 0.693821 0.825271 0.697238 0.871396 0.685886 0.838399 0.688874 0.820041  0 0 
4 0.697238 0.871396 0.688107 0.882735 0.679571 0.877206 0.685886 0.838399  0 0 
4 0.688107 0.882735 0.679618 0.971684 0.667305 0.952573 0.679571 0.877206  0 0 
4 0.679618 0.971684 0.669774 1 0.659586 1 0.667305 0.952573  0 0 
4 0.790293 0 0.790478 0.0218059 0.74669 0.0133388 0.738377 0  0 0 
4 0.790478 0.0218059 0.790651 0.0422931 0.750562 0.042374 0.74669 0.0133388  0 0 
4 0.790651 0.0422931 0.790985 0.0816453 0.76048 0.0749009 0.750562 0.042374  0 0 
4 0.790985 0.0816453 0.791143 0.100321 0.747897 0.111954 0.76048 0.0749009  0 0 
4 0.791143 0.100321 0.780909 0.156548 0.756971 0.137605 0.747897 0.111954  0 0 
4 0.780909 0.156548 0.774355 0.192553 0.7479 0.179992 0.756971 0.137605  0 0 
4 0.774355 0.192553 0.770033 0.2163 0.745523 0.204746 0.7479 0.179992  0 0 
4 0.770033 0.2163 0.765822 0.239434 0.75035 0.234221 0.745523 0.204746  0 0 
4 0.765822 0.239434 0.780623 0.284946 0.757374 0.268568 0.75035 0.234221  0 0 
4 0.780623 0.284946 0.78936 0.311812 0.775043 0.298094 0.757374 0.268568  0 0 
4 0.78936 0.311812 0.797623 0.33722 0.772865 0.306051 0.775043 0.298094  0 0 
4 0.797623 0.33722 0.802187 0.351254 0.773646 0.330141 0.772865 0.306051  0 0 
4 0.802187 0.351254 0.797853 0.357436 0.774248 0.339539 0.773646 0.330141  0 0 
4 0.797853 0.357436 0.786528 0.373586 0.779453 0.365229 0.774248 0.339539  0 0 
4 0.786528 0.373586 0.78336 0.378102 0.769344 0.366408 0.779453 0.365229  0 0 
4 0.78336 0.378102 0.778734 0.3847 0.771645 0.377197 0.769344 0.366408  0 0 
4 0.778734 0.3847 0.78108 0.396311 0.775039 0.397187 0.771645 0.377197  0 0 
4 0.78108 0.396311 0.787452 0.427845 0.777375 0.425305 0.775039 0.397187  0 0 
4 0.787452 0.427845 0.792049 0.450594 0.767388 0.463634 0.777375 0.425305  0 0 
4 0.792049 0.450594 0.800806 0.493931 0.756216 0.493595 0.767388 0.463634  0 0 
4 0.800806 0.493931 0.778341 0.515693 0.744476 0.521267 0.756216 0.493595  0 0 
4 0.778341 0.515693 0.76123 0.532268 0.748291 0.534294 0.744476 0.521267  0 0 
4 0.76123 0.532268 0.74691 0.546139 0.735769 0.546272 0.748291 0.534294  0 0 
4 0.74691 0.546139 0.732862 0.559747 0.726993 0.557375 0.735769 0.546272  0 0 
4 0.732862 0.559747 0.718542 0.644484 0.694521 0.673723 0.726993 0.557375  0 0 
4 0.718542 0.644484 0.706542 0.715494 0.675672 0.713857 0.694521 0.673723  0 0 
4 0.706542 0.715494 0.694828 0.784809 0.681136 0.754403 0.675672 0.713857  0 0 
4 0.694828 0.784809 0.688874 0.820041 0.663539 0.792099 0.681136 0.754403  0 0 
4 0.688874 0.820041 0.685886 0.838399 0.641446 0.857622 0.663539 0.792099  0 0 
4 0.685886 0.838399 0.679571 0.877206 0.632742 0.9148 0.641446 0.857622  0 0 
4 0.679571 0.877206 0.667305 0.952573 0.645482 0.973516 0.632742 0.9148  0 0 
4 0.667305 0.952573 0.659586 1 0.63563 1 0.645482 0.973516  0 0 
4 0.738377 0 0.74669 0.0133388 0.701314 0.0267013 0.711921 0  0 0 
4 0.74669 0.0133388 0.750562 0.042374 0.695043 0.042486 0.701314 0.0267013  0 0 
4 0.750562 0.042374 0.76048 0.0749009 0.703497 0.0663063 0.695043 0.042486  0 0 
4 0.76048 0.0749009 0.747897 0.111954 0.722156 0.118878 0.703497 0.0663063  0 0 
4 0.747897 0.111954 0.756971 0.137605 0.728163 0.154036 0.722156 0.118878  0 0 
4 0.756971 0.137605 0.7479 0.179992 0.731247 0.172086 0.728163 0.154036  0 0 
4 0.7479 0.179992 0.745523 0.204746 0.729372 0.199463 0.731247 0.172086  0 0 
4 0.745523 0.204746 0.75035 0.234221 0.727518 0.226529 0.729372 0.199463  0 0 
4 0.75035 0.234221 0.757374 0.268568 0.750167 0.265201 0.727518 0.226529  0 0 
4 0.757374 0.268568 0.775043 0.298094 0.762255 0.285842 0.750167 0.265201  0 0 
4 0.775043 0.298094 0.772865 0.306051 0.760802 0.303556 0.762255 0.285842  0 0 
4 0.772865 0.306051 0.773646 0.330141 0.759481 0.319663 0.760802 0.303556  0 0 
4 0.773646 0.330141 0.774248 0.339539 0.762559 0.336906 0.759481 0.319663  0 0 
4 0.774248 0.339539 0.779453 0.365229 0.764452 0.34751 0.762559 0.336906  0 0 
4 0.779453 0.365229 0.769344 0.366408 0.764316 0.360608 0.764452 0.34751  0 0 
4 0.769344 0.366408 0.771645 0.377197 0.764225 0.369345 0.764316 0.360608  0 0 
4 0.771645 0.377197 0.775039 0.397187 0.762722 0.404352 0.764225 0.369345  0 0 
4 0.775039 0.397187 0.777375 0.425305 0.76199 0.421427 0.762722 0.404352  0 0 
4 0.777375 0.425305 0.767388 0.463634 0.748708 0.455415 0.76199 0.421427  0 0 
4 0.767388 0.463634 0.756216 0.493595 0.733854 0.493426 0.748708 0.455415  0 0 
4 0.756216 0.493595 0.744476 0.521267 0.731403 0.509326 0.733854 0.493426  0 0 
4 0.744476 0.521267 0.748291 0.534294 0.727039 0.537623 0.731403 0.509326  0 0 
4 0.748291 0.534294 0.735769 0.546272 0.723896 0.543121 0.727039 0.537623  0 0 
4 0.735769 0.546272 0.726993 0.557375 0.717859 0.553682 0.723896 0.543121  0 0 
4 0.726993 0.557375 0.694521 0.673723 0.701433 0.603023 0.717859 0.553682  0 0 
4 0.694521 0.673723 0.675672 0.713857 0.664728 0.713277 0.701433 0.603023  0 0 
4 0.675672 0.713857 0.681136 0.754403 0.65693 0.738368 0.664728 0.713277  0 0 
4 0.681136 0.754403 0.663539 0.792099 0.646181 0.772953 0.65693 0.738368  0 0 
4 0.663539 0.792099 0.641446 0.857622 0.625612 0.852573 0.646181 0.772953  0 0 
4 0.641446 0.857622 0.632742 0.9148 0.603465 0.938305 0.625612 0.852573  0 0 
4 0.632742 0.9148 0.645482 0.973516 0.616264 0.979857 0.603465 0.938305  0 0 
4 0.645482 0.973516 0.63563 1 0.622469 1 0.616264 0.979857  0 0 
4 0.711921 0 0.701314 0.0267013 0.674981 0.0296007 0.684249 0  0 0 
4 0.701314 0.0267013 0.695043 0.042486 0.668321 0.0579243 0.674981 0.0296007  0 0 
4 0.695043 0.042486 0.703497 0.0663063 0.693021 0.0826824 0.668321 0.0579243  0 0 
4 0.703497 0.0663063 0.722156 0.118878 0.705437 0.123375 0.693021 0.0826824  0 0 
4 0.722156 0.118878 0.728163 0.154036 0.696916 0.138446 0.705437 0.123375  0 0 
4 0.728163 0.154036 0.731247 0.172086 0.701789 0.166698 0.696916 0.138446  0 0 
4 0.731247 0.172086 0.729372 0.199463 0.718753 0.191548 0.701789 0.166698  0 0 
4 0.729372 0.199463 0.727518 0.226529 0.712358 0.221421 0.718753 0.191548  0 0 
4 0.727518 0.226529 0.750167 0.265201 0.731195 0.252183 0.712358 0.221421  0 0 
4 0.750167 0.265201 0.762255 0.285842 0.732287 0.262736 0.731195 0.252183  0 0 
4 0.762255 0.285842 0.760802 0.303556 0.733494 0.273494 0.732287 0.262736  0 0 
4 0.760802 0.303556 0.759481 0.319663 0.746192 0.309834 0.733494 0.273494  0 0 
4 0.759481 0.319663 0.762559 0.336906 0.742786 0.315163 0.746192 0.309834  0 0 
4 0.762559 0.336906 0.764452 0.34751 0.748383 0.335619 0.742786 0.315163  0 0 
4 0.764452 0.34751 0.764316 0.360608 0.751864 0.346422 0.748383 0.335619  0 0 
4 0.764316 0.360608 0.764225 0.369345 0.754266 0.358806 0.751864 0.346422  0 0 
4 0.764225 0.369345 0.762722 0.404352 0.753775 0.384889 0.754266 0.358806  0 0 
4 0.762722 0.404352 0.76199 0.421427 0.74097 0.419434 0.753775 0.384889  0 0 
4 0.76199 0.421427 0.748708 0.455415 0.725743 0.469877 0.74097 0.419434  0 0 
4 0.748708 0.455415 0.733854 0.493426 0.722275 0.493339 0.725743 0.469877  0 0 
4 0.733854 0.493426 0.731403 0.509326 0.715174 0.506882 0.722275 0.493339  0 0 
4 0.731403 0.509326 0.727039 0.537623 0.713221 0.520906 0.715174 0.506882  0 0 
4 0.727039 0.537623 0.723896 0.543121 0.705723 0.537943 0.713221 0.520906  0 0 
4 0.723896 0.543121 0.717859 0.553682 0.706852 0.549233 0.705723 0.537943  0 0 
4 0.717859 0.553682 0.701433 0.603023 0.679089 0.634649 0.706852 0.549233  0 0 
4 0.701433 0.603023 0.664728 0.713277 0.667165 0.67095 0.679089 0.634649  0 0 
4 0.664728 0.713277 0.65693 0.738368 0.657884 0.706867 0.667165 0.67095  0 0 
4 0.65693 0.738368 0.646181 0.772953 0.63744 0.763313 0.657884 0.706867  0 0 
4 0.646181 0.772953 0.625612 0.852573 0.625973 0.805303 0.63744 0.763313  0 0 
4 0.625612 0.852573 0.603465 0.938305 0.598917 0.895557 0.625973 0.805303  0 0 
4 0.603465 0.938305 0.616264 0.979857 0.592118 0.97509 0.598917 0.895557  0 0 
4 0.616264 0.979857 0.622469 1 0.58259 1 0.592118 0.97509  0 0 
4 0.684249 0 0.674981 0.0296007 0.648669 0.0484774 0.632969 0  0 0 
4 0.674981 0.0296007 0.668321 0.0579243 0.654343 0.0659999 0.648669 0.0484774  0 0 
4 0.668321 0.0579243 0.693021 0.0826824 0.668048 0.108319 0.654343 0.0659999  0 0 
4 0.693021 0.0826824 0.705437 0.123375 0.67553 0.13142 0.668048 0.108319  0 0 
4 0.705437 0.123375 0.696916 0.138446 0.679766 0.144502 0.67553 0.13142  0 0 
4 0.696916 0.138446 0.701789 0.166698 0.68602 0.163814 0.679766 0.144502  0 0 
4 0.701789 0.166698 0.718753 0.191548 0.693756 0.1877 0.68602 0.163814  0 0 
4 0.718753 0.191548 0.712358 0.221421 0.703735 0.218516 0.693756 0.1877  0 0 
4 0.712358 0.221421 0.731195 0.252183 0.707586 0.230406 0.703735 0.218516  0 0 
4 0.731195 0.252183 0.732287 0.262736 0.71332 0.248112 0.707586 0.230406  0 0 
4 0.732287 0.262736 0.733494 0.273494 0.718899 0.265341 0.71332 0.248112  0 0 
4 0.733494 0.273494 0.746192 0.309834 0.729249 0.297301 0.718899 0.265341  0 0 
4 0.746192 0.309834 0.742786 0.315163 0.73652 0.319751 0.729249 0.297301  0 0 
4 0.742786 0.315163 0.748383 0.335619 0.739539 0.329075 0.73652 0.319751  0 0 
4 0.748383 0.335619 0.751864 0.346422 0.743829 0.342321 0.739539 0.329075  0 0 
4 0.751864 0.346422 0.754266 0.358806 0.746509 0.350597 0.743829 0.342321  0 0 
4 0.754266 0.358806 0.753775 0.384889 0.738493 0.378686 0.746509 0.350597  0 0 
4 0.753775 0.384889 0.74097 0.419434 0.727235 0.418133 0.738493 0.378686  0 0 
4 0.74097 0.419434 0.725743 0.469877 0.718588 0.44843 0.727235 0.418133  0 0 
4 0.725743 0.469877 0.722275 0.493339 0.705807 0.493215 0.718588 0.44843  0 0 
4 0.722275 0.493339 0.715174 0.506882 0.703552 0.501117 0.705807 0.493215  0 0 
4 0.715174 0.506882 0.713221 0.520906 0.701835 0.507132 0.703552 0.501117  0 0 
4 0.713221 0.520906 0.705723 0.537943 0.696195 0.526894 0.701835 0.507132  0 0 
4 0.705723 0.537943 0.706852 0.549233 0.691582 0.543059 0.696195 0.526894  0 0 
4 0.706852 0.549233 0.679089 0.634649 0.676289 0.596642 0.691582 0.543059  0 0 
4 0.679089 0.634649 0.667165 0.67095 0.670219 0.617913 0.676289 0.596642  0 0 
4 0.667165 0.67095 0.657884 0.706867 0.6439 0.710131 0.670219 0.617913  0 0 
4 0.657884 0.706867 0.63744 0.763313 0.63081 0.755999 0.6439 0.710131  0 0 
4 0.63744 0.763313 0.625973 0.805303 0.618135 0.800411 0.63081 0.755999  0 0 
4 0.625973 0.805303 0.598917 0.895557 0.596762 0.8753 0.618135 0.800411  0 0 
4 0.598917 0.895557 0.592118 0.97509 0.585293 0.915486 0.596762 0.8753  0 0 
4 0.592118 0.97509 0.58259 1 0.561173 1 0.585293 0.915486  0 0 
4 0.632969 0 0.648669 0.0484774 0.621055 0.0283931 0.602332 0  0 0 
4 0.648669 0.0484774 0.654343 0.0659999 0.588767 0.0876249 0.621055 0.0283931  0 0 
4 0.654343 0.0659999 0.668048 0.108319 0.5832 0.132206 0.588767 0.0876249  0 0 
4 0.668048 0.108319 0.67553 0.13142 0.570452 0.155669 0.5832 0.132206  0 0 
4 0.67553 0.13142 0.679766 0.144502 0.584651 0.168421 0.570452 0.155669  0 0 
4 0.679766 0.144502 0.68602 0.163814 0.663893 0.18059 0.584651 0.168421  0 0 
4 0.68602 0.163814 0.693756 0.1877 0.662071 0.213994 0.663893 0.18059  0 0 
4 0.693756 0.1877 0.703735 0.218516 0.662936 0.227869 0.662071 0.213994  0 0 
4 0.703735 0.218516 0.707586 0.230406 0.654741 0.266429 0.662936 0.227869  0 0 
4 0.707586 0.230406 0.71332 0.248112 0.650758 0.281069 0.654741 0.266429  0 0 
4 0.71332 0.248112 0.718899 0.265341 0.653837 0.295034 0.650758 0.281069  0 0 
4 0.718899 0.265341 0.729249 0.297301 0.686546 0.319234 0.653837 0.295034  0 0 
4 0.729249 0.297301 0.73652 0.319751 0.676726 0.340322 0.686546 0.319234  0 0 
4 0.73652 0.319751 0.739539 0.329075 0.672815 0.354368 0.676726 0.340322  0 0 
4 0.739539 0.329075 0.743829 0.342321 0.715923 0.353686 0.672815 0.354368  0 0 
4 0.743829 0.342321 0.746509 0.350597 0.730365 0.358312 0.715923 0.353686  0 0 
4 0.746509 0.350597 0.738493 0.378686 0.697456 0.399238 0.730365 0.358312  0 0 
4 0.738493 0.378686 0.727235 0.418133 0.706128 0.425681 0.697456 0.399238  0 0 
4 0.727235 0.418133 0.718588 0.44843 0.68107 0.479082 0.706128 0.425681  0 0 
4 0.718588 0.44843 0.705807 0.493215 0.66368 0.50913 0.68107 0.479082  0 0 
4 0.705807 0.493215 0.703552 0.501117 0.684858 0.511588 0.66368 0.50913  0 0 
4 0.703552 0.501117 0.701835 0.507132 0.674308 0.523666 0.684858 0.511588  0 0 
4 0.701835 0.507132 0.696195 0.526894 0.683519 0.534628 0.674308 0.523666  0 0 
4 0.696195 0.526894 0.691582 0.543059 0.672945 0.550711 0.683519 0.534628  0 0 
4 0.691582 0.543059 0.676289 0.596642 0.668502 0.590688 0.672945 0.550711  0 0 
4 0.676289 0.596642 0.670219 0.617913 0.657307 0.637347 0.668502 0.590688  0 0 
4 0.670219 0.617913 0.6439 0.710131 0.632877 0.706014 0.657307 0.637347  0 0 
4 0.6439 0.710131 0.63081 0.755999 0.620869 0.756003 0.632877 0.706014  0 0 
4 0.63081 0.755999 0.618135 0.800411 0.591965 0.833505 0.620869 0.756003  0 0 
4 0.618135 0.800411 0.596762 0.8753 0.568151 0.870156 0.591965 0.833505  0 0 
4 0.596762 0.8753 0.585293 0.915486 0.52494 0.932476 0.568151 0.870156  0 0 
4 0.585293 0.915486 0.561173 1 0.533481 1 0.52494 0.932476  0 0 
4 0.602332 0 0.621055 0.0283931 0.565557 0.0434102 0.582528 0  0 0 
4 0.621055 0.0283931 0.588767 0.0876249 0.542278 0.102956 0.565557 0.0434102  0 0 
4 0.588767 0.0876249 0.5832 0.132206 0.536909 0.121263 0.542278 0.102956  0 0 
4 0.5832 0.132206 0.570452 0.155669 0.523651 0.166469 0.536909 0.121263  0 0 
4 0.570452 0.155669 0.584651 0.168421 0.55706 0.182446 0.523651 0.166469  0 0 
4 0.584651 0.168421 0.663893 0.18059 0.62107 0.213058 0.55706 0.182446  0 0 
4 0.663893 0.18059 0.662071 0.213994 0.634874 0.225728 0.62107 0.213058  0 0 
4 0.662071 0.213994 0.662936 0.227869 0.642348 0.232589 0.634874 0.225728  0 0 
4 0.662936 0.227869 0.654741 0.266429 0.618539 0.281099 0.642348 0.232589  0 0 
4 0.654741 0.266429 0.650758 0.281069 0.607322 0.303951 0.618539 0.281099  0 0 
4 0.650758 0.281069 0.653837 0.295034 0.642267 0.318387 0.607322 0.303951  0 0 
4 0.653837 0.295034 0.686546 0.319234 0.667722 0.328902 0.642267 0.318387  0 0 
4 0.686546 0.319234 0.676726 0.340322 0.652513 0.352525 0.667722 0.328902  0 0 
4 0.676726 0.340322 0.672815 0.354368 0.64439 0.365142 0.652513 0.352525  0 0 
4 0.672815 0.354368 0.715923 0.353686 0.662203 0.369102 0.64439 0.365142  0 0 
4 0.715923 0.353686 0.730365 0.358312 0.693315 0.376019 0.662203 0.369102  0 0 
4 0.730365 0.358312 0.697456 0.399238 0.678588 0.418564 0.693315 0.376019  0 0 
4 0.697456 0.399238 0.706128 0.425681 0.671886 0.437926 0.678588 0.418564  0 0 
4 0.706128 0.425681 0.68107 0.479082 0.659157 0.477246 0.671886 0.437926  0 0 
4 0.68107 0.479082 0.66368 0.50913 0.646768 0.515519 0.659157 0.477246  0 0 
4 0.66368 0.50913 0.684858 0.511588 0.64952 0.522483 0.646768 0.515519  0 0 
4 0.684858 0.511588 0.674308 0.523666 0.654653 0.535472 0.64952 0.522483  0 0 
4 0.674308 0.523666 0.683519 0.534628 0.658006 0.545336 0.654653 0.535472  0 0 
4 0.683519 0.534628 0.672945 0.550711 0.661439 0.555434 0.658006 0.545336  0 0 
4 0.672945 0.550711 0.668502 0.590688 0.641599 0.629245 0.661439 0.555434  0 0 
4 0.668502 0.590688 0.657307 0.637347 0.627269 0.682557 0.641599 0.629245  0 0 
4 0.657307 0.637347 0.632877 0.706014 0.618252 0.724738 0.627269 0.682557  0 0 
4 0.632877 0.706014 0.620869 0.756003 0.611568 0.756006 0.618252 0.724738  0 0 
4 0.620869 0.756003 0.591965 0.833505 0.558745 0.823656 0.611568 0.756006  0 0 
4 0.591965 0.833505 0.568151 0.870156 0.528065 0.862949 0.558745 0.823656  0 0 
4 0.568151 0.870156 0.52494 0.932476 0.503423 0.922832 0.528065 0.862949  0 0 
4 0.52494 0.932476 0.533481 1 0.471668 1 0.503423 0.922832  0 0 
4 0.582528 0 0.565557 0.0434102 0.545012 0.0397268 0.555285 0  0 0 
4 0.565557 0.0434102 0.542278 0.102956 0.505773 0.105659 0.545012 0.0397268  0 0 
4 0.542278 0.102956 0.536909 0.121263 0.488794 0.155008 0.505773 0.105659  0 0 
4 0.536909 0.121263 0.523651 0.166469 0.483804 0.175664 0.488794 0.155008  0 0 
4 0.523651 0.166469 0.55706 0.182446 0.496633 0.19266 0.483804 0.175664  0 0 
4 0.55706 0.182446 0.62107 0.213058 0.557405 0.222984 0.496633 0.19266  0 0 
4 0.62107 0.213058 0.634874 0.225728 0.559727 0.240206 0.557405 0.222984  0 0 
4 0.634874 0.225728 0.642348 0.232589 0.547406 0.254354 0.559727 0.240206  0 0 
4 0.642348 0.232589 0.618539 0.281099 0.584251 0.284836 0.547406 0.254354  0 0 
4 0.618539 0.281099 0.607322 0.303951 0.568558 0.332167 0.584251 0.284836  0 0 
4 0.607322 0.303951 0.642267 0.318387 0.599059 0.330304 0.568558 0.332167  0 0 
4 0.642267 0.318387 0.667722 0.328902 0.636417 0.34498 0.599059 0.330304  0 0 
4 0.667722 0.328902 0.652513 0.352525 0.60669 0.370595 0.636417 0.34498  0 0 
4 0.652513 0.352525 0.64439 0.365142 0.619362 0.374121 0.60669 0.370595  0 0 
4 0.64439 0.365142 0.662203 0.369102 0.640862 0.388699 0.619362 0.374121  0 0 
4 0.662203 0.369102 0.693315 0.376019 0.653961 0.394827 0.640862 0.388699  0 0 
4 0.693315 0.376019 0.678588 0.418564 0.65798 0.40902 0.653961 0.394827  0 0 
4 0.678588 0.418564 0.671886 0.437926 0.60561 0.472032 0.65798 0.40902  0 0 
4 0.671886 0.437926 0.659157 0.477246 0.609816 0.504342 0.60561 0.472032  0 0 
4 0.659157 0.477246 0.646768 0.515519 0.557743 0.549151 0.609816 0.504342  0 0 
4 0.646768 0.515519 0.64952 0.522483 0.607226 0.541022 0.557743 0.549151  0 0 
4 0.64952 0.522483 0.654653 0.535472 0.606227 0.550196 0.607226 0.541022  0 0 
4 0.654653 0.535472 0.658006 0.545336 0.590992 0.565945 0.606227 0.550196  0 0 
4 0.658006 0.545336 0.661439 0.555434 0.634603 0.566452 0.590992 0.565945  0 0 
4 0.661439 0.555434 0.641599 0.629245 0.624261 0.619448 0.634603 0.566452  0 0 
4 0.641599 0.629245 0.627269 0.682557 0.613764 0.657696 0.624261 0.619448  0 0 
4 0.627269 0.682557 0.618252 0.724738 0.594934 0.695641 0.613764 0.657696  0 0 
4 0.618252 0.724738 0.611568 0.756006 0.598196 0.75601 0.594934 0.695641  0 0 
4 0.611568 0.756006 0.558745 0.823656 0.529257 0.845879 0.598196 0.75601  0 0 
4 0.558745 0.823656 0.528065 0.862949 0.478531 0.893432 0.529257 0.845879  0 0 
4 0.528065 0.862949 0.503423 0.922832 0.459963 0.960995 0.478531 0.893432  0 0 
4 0.503423 0.922832 0.471668 1 0.423309 1 0.459963 0.960995  0 0 
4 0.555285 0 0.545012 0.0397268 0.522019 0.0340526 0.537012 0  0 0 
4 0.545012 0.0397268 0.505773 0.105659 0.489977 0.106829 0.522019 0.0340526  0 0 
4 0.505773 0.105659 0.488794 0.155008 0.46772 0.157379 0.489977 0.106829  0 0 
4 0.488794 0.155008 0.483804 0.175664 0.45694 0.181863 0.46772 0.157379  0 0 
4 0.483804 0.175664 0.496633 0.19266 0.472637 0.207788 0.45694 0.181863  0 0 
4 0.496633 0.19266 0.557405 0.222984 0.488357 0.23375 0.472637 0.207788  0 0 
4 0.557405 0.222984 0.559727 0.240206 0.501397 0.255286 0.488357 0.23375  0 0 
4 0.559727 0.240206 0.547406 0.254354 0.506509 0.263729 0.501397 0.255286  0 0 
4 0.547406 0.254354 0.584251 0.284836 0.520653 0.286639 0.506509 0.263729  0 0 
4 0.584251 0.284836 0.568558 0.332167 0.5549 0.342109 0.520653 0.286639  0 0 
4 0.568558 0.332167 0.599059 0.330304 0.568086 0.363467 0.5549 0.342109  0 0 
4 0.599059 0.330304 0.636417 0.34498 0.575871 0.376077 0.568086 0.363467  0 0 
4 0.636417 0.34498 0.60669 0.370595 0.581133 0.378621 0.575871 0.376077  0 0 
4 0.60669 0.370595 0.619362 0.374121 0.592075 0.38391 0.581133 0.378621  0 0 
4 0.619362 0.374121 0.640862 0.388699 0.603361 0.389366 0.592075 0.38391  0 0 
4 0.640862 0.388699 0.653961 0.394827 0.634198 0.404272 0.603361 0.389366  0 0 
4 0.653961 0.394827 0.65798 0.40902 0.599033 0.445268 0.634198 0.404272  0 0 
4 0.65798 0.40902 0.60561 0.472032 0.552735 0.499241 0.599033 0.445268  0 0 
4 0.60561 0.472032 0.609816 0.504342 0.510203 0.548825 0.552735 0.499241  0 0 
4 0.609816 0.504342 0.557743 0.549151 0.486999 0.575877 0.510203 0.548825  0 0 
4 0.557743 0.549151 0.607226 0.541022 0.497043 0.575904 0.486999 0.575877  0 0 
4 0.607226 0.541022 0.606227 0.550196 0.521463 0.57597 0.497043 0.575904  0 0 
4 0.606227 0.550196 0.590992 0.565945 0.560733 0.576076 0.521463 0.57597  0 0 
4 0.590992 0.565945 0.634603 0.566452 0.610832 0.576212 0.560733 0.576076  0 0 
4 0.634603 0.566452 0.624261 0.619448 0.606983 0.590331 0.610832 0.576212  0 0 
4 0.624261 0.619448 0.613764 0.657696 0.597022 0.626876 0.606983 0.590331  0 0 
4 0.613764 0.657696 0.594934 0.695641 0.572557 0.716632 0.597022 0.626876  0 0 
4 0.594934 0.695641 0.598196 0.75601 0.56182 0.756022 0.572557 0.716632  0 0 
4 0.598196 0.75601 0.529257 0.845879 0.503836 0.834145 0.56182 0.756022  0 0 
4 0.529257 0.845879 0.478531 0.893432 0.44411 0.914614 0.503836 0.834145  0 0 
4 0.478531 0.893432 0.459963 0.960995 0.403432 0.96942 0.44411 0.914614  0 0 
4 0.459963 0.960995 0.423309 1 0.380736 1 0.403432 0.96942  0 0 
4 0.537012 0 0.522019 0.0340526 0.452921 0.0255371 0.471964 0  0 0 
4 0.522019 0.0340526 0.489977 0.106829 0.450106 0.0832432 0.452921 0.0255371  0 0 
4 0.489977 0.106829 0.46772 0.157379 0.435728 0.0995309 0.450106 0.0832432  0 0 
4 0.46772 0.157379 0.45694 0.181863 0.438139 0.169995 0.435728 0.0995309  0 0 
4 0.45694 0.181863 0.472637 0.207788 0.457416 0.195574 0.438139 0.169995  0 0 
4 0.472637 0.207788 0.488357 0.23375 0.456988 0.215798 0.457416 0.195574  0 0 
4 0.488357 0.23375 0.501397 0.255286 0.484667 0.245956 0.456988 0.215798  0 0 
4 0.501397 0.255286 0.506509 0.263729 0.49393 0.266613 0.484667 0.245956  0 0 
4 0.506509 0.263729 0.520653 0.286639 0.523951 0.309549 0.49393 0.266613  0 0 
4 0.520653 0.286639 0.5549 0.342109 0.536543 0.337396 0.523951 0.309549  0 0 
4 0.5549 0.342109 0.568086 0.363467 0.547093 0.360109 0.536543 0.337396  0 0 
4 0.568086 0.363467 0.575871 0.376077 0.552963 0.386543 0.547093 0.360109  0 0 
4 0.575871 0.376077 0.581133 0.378621 0.562396 0.402323 0.552963 0.386543  0 0 
4 0.581133 0.378621 0.592075 0.38391 0.563808 0.412614 0.562396 0.402323  0 0 
4 0.592075 0.38391 0.603361 0.389366 0.590628 0.402274 0.563808 0.412614  0 0 
4 0.603361 0.389366 0.634198 0.404272 0.594874 0.423066 0.590628 0.402274  0 0 
4 0.634198 0.404272 0.599033 0.445268 0.585763 0.449318 0.594874 0.423066  0 0 
4 0.599033 0.445268 0.552735 0.499241 0.526449 0.511174 0.585763 0.449318  0 0 
4 0.552735 0.499241 0.510203 0.548825 0.49288 0.541178 0.526449 0.511174  0 0 
4 0.510203 0.548825 0.486999 0.575877 0.477259 0.573783 0.49288 0.541178  0 0 
4 0.486999 0.575877 0.497043 0.575904 0.48555 0.583013 0.477259 0.573783  0 0 
4 0.497043 0.575904 0.521463 0.57597 0.480684 0.594194 0.48555 0.583013  0 0 
4 0.521463 0.57597 0.560733 0.576076 0.516313 0.600329 0.480684 0.594194  0 0 
4 0.560733 0.576076 0.610832 0.576212 0.525515 0.61124 0.516313 0.600329  0 0 
4 0.610832 0.576212 0.606983 0.590331 0.546965 0.643465 0.525515 0.61124  0 0 
4 0.606983 0.590331 0.597022 0.626876 0.464898 0.746993 0.546965 0.643465  0 0 
4 0.597022 0.626876 0.572557 0.716632 0.496459 0.748112 0.464898 0.746993  0 0 
4 0.572557 0.716632 0.56182 0.756022 0.534128 0.773748 0.496459 0.748112  0 0 
4 0.56182 0.756022 0.503836 0.834145 0.49623 0.813932 0.534128 0.773748  0 0 
4 0.503836 0.834145 0.44411 0.914614 0.421432 0.901226 0.49623 0.813932  0 0 
4 0.44411 0.914614 0.403432 0.96942 0.384957 0.964738 0.421432 0.901226  0 0 
4 0.403432 0.96942 0.380736 1 0.368652 1 0.384957 0.964738  0 0 
4 0.471964 0 0.452921 0.0255371 0.370828 0.0303109 0.342419 0  0 0 
4 0.452921 0.0255371 0.450106 0.0832432 0.383521 0.0438539 0.370828 0.0303109  0 0 
4 0.450106 0.0832432 0.435728 0.0995309 0.393449 0.0817261 0.383521 0.0438539  0 0 
4 0.435728 0.0995309 0.438139 0.169995 0.412315 0.153694 0.393449 0.0817261  0 0 
4 0.438139 0.169995 0.457416 0.195574 0.431608 0.190282 0.412315 0.153694  0 0 
4 0.457416 0.195574 0.456988 0.215798 0.439909 0.206025 0.431608 0.190282  0 0 
4 0.456988 0.215798 0.484667 0.245956 0.466236 0.242602 0.439909 0.206025  0 0 
4 0.484667 0.245956 0.49393 0.266613 0.484993 0.268662 0.466236 0.242602  0 0 
4 0.49393 0.266613 0.523951 0.309549 0.504508 0.30714 0.484993 0.268662  0 0 
4 0.523951 0.309549 0.536543 0.337396 0.517354 0.332468 0.504508 0.30714  0 0 
4 0.536543 0.337396 0.547093 0.360109 0.533573 0.370276 0.517354 0.332468  0 0 
4 0.547093 0.360109 0.552963 0.386543 0.542586 0.391284 0.533573 0.370276  0 0 
4 0.552963 0.386543 0.562396 0.402323 0.547022 0.411081 0.542586 0.391284  0 0 
4 0.562396 0.402323 0.563808 0.412614 0.550414 0.426215 0.547022 0.411081  0 0 
4 0.563808 0.412614 0.590628 0.402274 0.559912 0.427542 0.550414 0.426215  0 0 
4 0.590628 0.402274 0.594874 0.423066 0.579716 0.43031 0.559912 0.427542  0 0 
4 0.594874 0.423066 0.585763 0.449318 0.538348 0.472517 0.579716 0.43031  0 0 
4 0.585763 0.449318 0.526449 0.511174 0.479628 0.532427 0.538348 0.472517  0 0 
4 0.526449 0.511174 0.49288 0.541178 0.466613 0.551417 0.479628 0.532427  0 0 
4 0.49288 0.541178 0.477259 0.573783 0.454618 0.568917 0.466613 0.551417  0 0 
4 0.477259 0.573783 0.48555 0.583013 0.455811 0.59367 0.454618 0.568917  0 0 
4 0.48555 0.583013 0.480684 0.594194 0.456359 0.605065 0.455811 0.59367  0 0 
4 0.480684 0.594194 0.516313 0.600329 0.472222 0.615431 0.456359 0.605065  0 0 
4 0.516313 0.600329 0.525515 0.61124 0.488848 0.626294 0.472222 0.615431  0 0 
4 0.525515 0.61124 0.546965 0.643465 0.43269 0.744473 0.488848 0.626294  0 0 
4 0.546965 0.643465 0.464898 0.746993 0.406085 0.800461 0.43269 0.744473  0 0 
4 0.464898 0.746993 0.496459 0.748112 0.475688 0.797221 0.406085 0.800461  0 0 
4 0.496459 0.748112 0.534128 0.773748 0.499164 0.796128 0.475688 0.797221  0 0 
4 0.534128 0.773748 0.49623 0.813932 0.472769 0.82132 0.499164 0.796128  0 0 
4 0.49623 0.813932 0.421432 0.901226 0.401424 0.889414 0.472769 0.82132  0 0 
4 0.421432 0.901226 0.384957 0.964738 0.3764 0.954803 0.401424 0.889414  0 0 
4 0.384957 0.964738 0.368652 1 0.359104 1 0.3764 0.954803  0 0 
4 0.342419 0 0.370828 0.0303109 0.341526 0.027953 0.28738 0  0 0 
4 0.370828 0.0303109 0.383521 0.0438539 0.330911 0.0550087 0.341526 0.027953  0 0 
4 0.383521 0.0438539 0.393449 0.0817261 0.33629 0.0916284 0.330911 0.0550087  0 0 
4 0.393449 0.0817261 0.412315 0.153694 0.335669 0.105311 0.33629 0.0916284  0 0 
4 0.412315 0.153694 0.431608 0.190282 0.367953 0.15473 0.335669 0.105311  0 0 
4 0.431608 0.190282 0.439909 0.206025 0.422841 0.204226 0.367953 0.15473  0 0 
4 0.439909 0.206025 0.466236 0.242602 0.449083 0.24001 0.422841 0.204226  0 0 
4 0.466236 0.242602 0.484993 0.268662 0.450354 0.276603 0.449083 0.24001  0 0 
4 0.484993 0.268662 0.504508 0.30714 0.474921 0.299233 0.450354 0.276603  0 0 
4 0.504508 0.30714 0.517354 0.332468 0.47869 0.344818 0.474921 0.299233  0 0 
4 0.517354 0.332468 0.533573 0.370276 0.507676 0.360856 0.47869 0.344818  0 0 
4 0.533573 0.370276 0.542586 0.391284 0.500958 0.410304 0.507676 0.360856  0 0 
4 0.542586 0.391284 0.547022 0.411081 0.504039 0.423354 0.500958 0.410304  0 0 
4 0.547022 0.411081 0.550414 0.426215 0.532218 0.433571 0.504039 0.423354  0 0 
4 0.550414 0.426215 0.559912 0.427542 0.528204 0.446982 0.532218 0.433571  0 0 
4 0.559912 0.427542 0.579716 0.43031 0.531615 0.453298 0.528204 0.446982  0 0 
4 0.579716 0.43031 0.538348 0.472517 0.508886 0.476443 0.531615 0.453298  0 0 
4 0.538348 0.472517 0.479628 0.532427 0.478364 0.523 0.508886 0.476443  0 0 
4 0.479628 0.532427 0.466613 0.551417 0.467411 0.536416 0.478364 0.523  0 0 
4 0.466613 0.551417 0.454618 0.568917 0.448572 0.567618 0.467411 0.536416  0 0 
4 0.454618 0.568917 0.455811 0.59367 0.436024 0.579616 0.448572 0.567618  0 0 
4 0.455811 0.59367 0.456359 0.605065 0.443282 0.602109 0.436024 0.579616  0 0 
4 0.456359 0.605065 0.472222 0.615431 0.430034 0.636115 0.443282 0.602109  0 0 
4 0.472222 0.615431 0.488848 0.626294 0.414981 0.656621 0.430034 0.636115  0 0 
4 0.488848 0.626294 0.43269 0.744473 0.386437 0.709447 0.414981 0.656621  0 0 
4 0.43269 0.744473 0.406085 0.800461 0.376171 0.76306 0.386437 0.709447  0 0 
4 0.406085 0.800461 0.475688 0.797221 0.377754 0.848772 0.376171 0.76306  0 0 
4 0.475688 0.797221 0.499164 0.796128 0.396454 0.861872 0.377754 0.848772  0 0 
4 0.499164 0.796128 0.472769 0.82132 0.363943 0.906185 0.396454 0.861872  0 0 
4 0.472769 0.82132 0.401424 0.889414 0.37539 0.912954 0.363943 0.906185  0 0 
4 0.401424 0.889414 0.3764 0.954803 0.333807 0.969061 0.37539 0.912954  0 0 
4 0.3764 0.954803 0.359104 1 0.344184 1 0.333807 0.969061  0 0 
4 0.28738 0 0.341526 0.027953 0.26857 0.0275093 0.250104 0  0 0 
4 0.341526 0.027953 0.330911 0.0550087 0.292496 0.0631539 0.26857 0.0275093  0 0 
4 0.330911 0.0550087 0.33629 0.0916284 0.301043 0.0758859 0.292496 0.0631539  0 0 
4 0.33629 0.0916284 0.335669 0.105311 0.309858 0.0890175 0.301043 0.0758859  0 0 
4 0.335669 0.105311 0.367953 0.15473 0.357064 0.159342 0.309858 0.0890175  0 0 
4 0.367953 0.15473 0.422841 0.204226 0.384479 0.200183 0.357064 0.159342  0 0 
4 0.422841 0.204226 0.449083 0.24001 0.403049 0.227848 0.384479 0.200183  0 0 
4 0.449083 0.24001 0.450354 0.276603 0.43772 0.279499 0.403049 0.227848  0 0 
4 0.450354 0.276603 0.474921 0.299233 0.448748 0.318194 0.43772 0.279499  0 0 
4 0.474921 0.299233 0.47869 0.344818 0.458201 0.351363 0.448748 0.318194  0 0 
4 0.47869 0.344818 0.507676 0.360856 0.465057 0.37542 0.458201 0.351363  0 0 
4 0.507676 0.360856 0.500958 0.410304 0.477989 0.420798 0.465057 0.37542  0 0 
4 0.500958 0.410304 0.504039 0.423354 0.482231 0.435681 0.477989 0.420798  0 0 
4 0.504039 0.423354 0.532218 0.433571 0.486857 0.451911 0.482231 0.435681  0 0 
4 0.532218 0.433571 0.528204 0.446982 0.488671 0.458278 0.486857 0.451911  0 0 
4 0.528204 0.446982 0.531615 0.453298 0.49257 0.471958 0.488671 0.458278  0 0 
4 0.531615 0.453298 0.508886 0.476443 0.486398 0.482333 0.49257 0.471958  0 0 
4 0.508886 0.476443 0.478364 0.523 0.47539 0.500835 0.486398 0.482333  0 0 
4 0.478364 0.523 0.467411 0.536416 0.458437 0.529332 0.47539 0.500835  0 0 
4 0.467411 0.536416 0.448572 0.567618 0.437123 0.565157 0.458437 0.529332  0 0 
4 0.448572 0.567618 0.436024 0.579616 0.429255 0.578383 0.437123 0.565157  0 0 
4 0.436024 0.579616 0.443282 0.602109 0.418476 0.5965 0.429255 0.578383  0 0 
4 0.443282 0.602109 0.430034 0.636115 0.400511 0.626699 0.418476 0.5965  0 0 
4 0.430034 0.636115 0.414981 0.656621 0.372279 0.674153 0.400511 0.626699  0 0 
4 0.414981 0.656621 0.386437 0.709447 0.365452 0.707789 0.372279 0.674153  0 0 
4 0.386437 0.709447 0.376171 0.76306 0.358674 0.741183 0.365452 0.707789  0 0 
4 0.376171 0.76306 0.377754 0.848772 0.341903 0.823807 0.358674 0.741183  0 0 
4 0.377754 0.848772 0.396454 0.861872 0.324878 0.907688 0.341903 0.823807  0 0 
4 0.396454 0.861872 0.363943 0.906185 0.316876 0.947111 0.324878 0.907688  0 0 
4 0.363943 0.906185 0.37539 0.912954 0.312214 0.970078 0.316876 0.947111  0 0 
4 0.37539 0.912954 0.333807 0.969061 0.309833 0.981809 0.312214 0.970078  0 0 
4 0.333807 0.969061 0.344184 1 0.306141 1 0.309833 0.981809  0 0 
4 0.250104 0 0.26857 0.0275093 0.234526 0.0460443 0.171131 0  0 0 
4 0.26857 0.0275093 0.292496 0.0631539 0.266828 0.0764769 0.234526 0.0460443  0 0 
4 0.292496 0.0631539 0.301043 0.0758859 0.295261 0.0863993 0.266828 0.0764769  0 0 
4 0.301043 0.0758859 0.309858 0.0890175 0.305313 0.11318 0.295261 0.0863993  0 0 
4 0.309858 0.0890175 0.357064 0.159342 0.32346 0.141542 0.305313 0.11318  0 0 
4 0.357064 0.159342 0.384479 0.200183 0.355022 0.205317 0.32346 0.141542  0 0 
4 0.384479 0.200183 0.403049 0.227848 0.373047 0.228988 0.355022 0.205317  0 0 
4 0.403049 0.227848 0.43772 0.279499 0.39826 0.271224 0.373047 0.228988  0 0 
4 0.43772 0.279499 0.448748 0.318194 0.410817 0.304976 0.39826 0.271224  0 0 
4 0.448748 0.318194 0.458201 0.351363 0.331603 0.305686 0.410817 0.304976  0 0 
4 0.458201 0.351363 0.465057 0.37542 0.407881 0.389039 0.331603 0.305686  0 0 
4 0.465057 0.37542 0.477989 0.420798 0.44084 0.418937 0.407881 0.389039  0 0 
4 0.477989 0.420798 0.482231 0.435681 0.427562 0.440361 0.44084 0.418937  0 0 
4 0.482231 0.435681 0.486857 0.451911 0.419727 0.460013 0.427562 0.440361  0 0 
4 0.486857 0.451911 0.488671 0.458278 0.438349 0.468922 0.419727 0.460013  0 0 
4 0.488671 0.458278 0.49257 0.471958 0.468661 0.483385 0.438349 0.468922  0 0 
4 0.49257 0.471958 0.486398 0.482333 0.46 0.493741 0.468661 0.483385  0 0 
4 0.486398 0.482333 0.47539 0.500835 0.444131 0.5169 0.46 0.493741  0 0 
4 0.47539 0.500835 0.458437 0.529332 0.404517 0.55886 0.444131 0.5169  0 0 
4 0.458437 0.529332 0.437123 0.565157 0.38205 0.600478 0.404517 0.55886  0 0 
4 0.437123 0.565157 0.429255 0.578383 0.369266 0.623149 0.38205 0.600478  0 0 
4 0.429255 0.578383 0.418476 0.5965 0.363556 0.648743 0.369266 0.623149  0 0 
4 0.418476 0.5965 0.400511 0.626699 0.343035 0.670912 0.363556 0.648743  0 0 
4 0.400511 0.626699 0.372279 0.674153 0.310863 0.709828 0.343035 0.670912  0 0 
4 0.372279 0.674153 0.365452 0.707789 0.320131 0.737099 0.310863 0.709828  0 0 
4 0.365452 0.707789 0.358674 0.741183 0.343789 0.767246 0.320131 0.737099  0 0 
4 0.358674 0.741183 0.341903 0.823807 0.326585 0.829982 0.343789 0.767246  0 0 
4 0.341903 0.823807 0.324878 0.907688 0.302199 0.902924 0.326585 0.829982  0 0 
4 0.324878 0.907688 0.316876 0.947111 0.29999 0.922639 0.302199 0.902924  0 0 
4 0.316876 0.947111 0.312214 0.970078 0.288382 0.954344 0.29999 0.922639  0 0 
4 0.312214 0.970078 0.309833 0.981809 0.271571 0.981318 0.288382 0.954344  0 0 
4 0.309833 0.981809 0.306141 1 0.251781 1 0.271571 0.981318  0 0 
4 0.171131 0 0.234526 0.0460443 0.185549 0.0384822 0.13586 0  0 0 
4 0.234526 0.0460443 0.266828 0.0764769 0.247537 0.08649 0.185549 0.0384822  0 0 
4 0.266828 0.0764769 0.295261 0.0863993 0.272039 0.104027 0.247537 0.08649  0 0 
4 0.295261 0.0863993 0.305313 0.11318 0.302882 0.126104 0.272039 0.104027  0 0 
4 0.305313 0.11318 0.32346 0.141542 0.325893 0.174837 0.302882 0.126104  0 0 
4 0.32346 0.141542 0.355022 0.205317 0.341406 0.20769 0.325893 0.174837  0 0 
4 0.355022 0.205317 0.373047 0.228988 0.344591 0.234012 0.341406 0.20769  0 0 
4 0.373047 0.228988 0.39826 0.271224 0.347813 0.260644 0.344591 0.234012  0 0 
4 0.39826 0.271224 0.410817 0.304976 0.328445 0.267623 0.347813 0.260644  0 0 
4 0.410817 0.304976 0.331603 0.305686 0.277239 0.286072 0.328445 0.267623  0 0 
4 0.331603 0.305686 0.407881 0.389039 0.327381 0.372692 0.277239 0.286072  0 0 
4 0.407881 0.389039 0.44084 0.418937 0.351564 0.414467 0.327381 0.372692  0 0 
4 0.44084 0.418937 0.427562 0.440361 0.370863 0.439633 0.351564 0.414467  0 0 
4 0.427562 0.440361 0.419727 0.460013 0.389308 0.463685 0.370863 0.439633  0 0 
4 0.419727 0.460013 0.438349 0.468922 0.411225 0.487018 0.389308 0.463685  0 0 
4 0.438349 0.468922 0.468661 0.483385 0.426665 0.503456 0.411225 0.487018  0 0 
4 0.468661 0.483385 0.46 0.493741 0.415211 0.516069 0.426665 0.503456  0 0 
4 0.46 0.493741 0.444131 0.5169 0.388494 0.545492 0.415211 0.516069  0 0 
4 0.444131 0.5169 0.404517 0.55886 0.33756 0.612679 0.388494 0.545492  0 0 
4 0.404517 0.55886 0.38205 0.600478 0.313465 0.644464 0.33756 0.612679  0 0 
4 0.38205 0.600478 0.369266 0.623149 0.321753 0.665129 0.313465 0.644464  0 0 
4 0.369266 0.623149 0.363556 0.648743 0.328541 0.682052 0.321753 0.665129  0 0 
4 0.363556 0.648743 0.343035 0.670912 0.312024 0.697945 0.328541 0.682052  0 0 
4 0.343035 0.670912 0.310863 0.709828 0.282636 0.726224 0.312024 0.697945  0 0 
4 0.310863 0.709828 0.320131 0.737099 0.291807 0.787829 0.282636 0.726224  0 0 
4 0.320131 0.737099 0.343789 0.767246 0.300124 0.843702 0.291807 0.787829  0 0 
4 0.343789 0.767246 0.326585 0.829982 0.296235 0.877678 0.300124 0.843702  0 0 
4 0.326585 0.829982 0.302199 0.902924 0.293554 0.901108 0.296235 0.877678  0 0 
4 0.302199 0.902924 0.29999 0.922639 0.269159 0.921153 0.293554 0.901108  0 0 
4 0.29999 0.922639 0.288382 0.954344 0.255326 0.932519 0.269159 0.921153  0 0 
4 0.288382 0.954344 0.271571 0.981318 0.238632 0.960302 0.255326 0.932519  0 0 
4 0.271571 0.981318 0.251781 1 0.214777 1 0.238632 0.960302  0 0 
4 0.13586 0 0.185549 0.0384822 0.133547 0.0185611 0.123108 0  0 0 
4 0.185549 0.0384822 0.247537 0.08649 0.177736 0.0605563 0.133547 0.0185611  0 0 
4 0.247537 0.08649 0.272039 0.104027 0.259066 0.114508 0.177736 0.0605563  0 0 
4 0.272039 0.104027 0.302882 0.126104 0.299258 0.145373 0.259066 0.114508  0 0 
4 0.302882 0.126104 0.325893 0.174837 0.317436 0.188818 0.299258 0.145373  0 0 
4 0.325893 0.174837 0.341406 0.20769 0.284933 0.210919 0.317436 0.188818  0 0 
4 0.341406 0.20769 0.344591 0.234012 0.244655 0.224374 0.284933 0.210919  0 0 
4 0.344591 0.234012 0.347813 0.260644 0.285248 0.247524 0.244655 0.224374  0 0 
4 0.347813 0.260644 0.328445 0.267623 0.276631 0.266515 0.285248 0.247524  0 0 
4 0.328445 0.267623 0.277239 0.286072 0.254626 0.28225 0.276631 0.266515  0 0 
4 0.277239 0.286072 0.327381 0.372692 0.293078 0.371187 0.254626 0.28225  0 0 
4 0.327381 0.372692 0.351564 0.414467 0.315258 0.412649 0.293078 0.371187  0 0 
4 0.351564 0.414467 0.370863 0.439633 0.334329 0.450291 0.315258 0.412649  0 0 
4 0.370863 0.439633 0.389308 0.463685 0.315308 0.466532 0.334329 0.450291  0 0 
4 0.389308 0.463685 0.411225 0.487018 0.349737 0.49649 0.315308 0.466532  0 0 
4 0.411225 0.487018 0.426665 0.503456 0.342529 0.543665 0.349737 0.49649  0 0 
4 0.426665 0.503456 0.415211 0.516069 0.279183 0.589719 0.342529 0.543665  0 0 
4 0.415211 0.516069 0.388494 0.545492 0.297859 0.601979 0.279183 0.589719  0 0 
4 0.388494 0.545492 0.33756 0.612679 0.301844 0.617687 0.297859 0.601979  0 0 
4 0.33756 0.612679 0.313465 0.644464 0.224501 0.70152 0.301844 0.617687  0 0 
4 0.313465 0.644464 0.321753 0.665129 0.262367 0.696951 0.224501 0.70152  0 0 
4 0.321753 0.665129 0.328541 0.682052 0.286317 0.702771 0.262367 0.696951  0 0 
4 0.328541 0.682052 0.312024 0.697945 0.265844 0.72764 0.286317 0.702771  0 0 
4 0.312024 0.697945 0.282636 0.726224 0.256537 0.741385 0.265844 0.72764  0 0 
4 0.282636 0.726224 0.291807 0.787829 0.275034 0.783939 0.256537 0.741385  0 0 
4 0.291807 0.787829 0.300124 0.843702 0.240727 0.829644 0.275034 0.783939  0 0 
4 0.300124 0.843702 0.296235 0.877678 0.256108 0.852309 0.240727 0.829644  0 0 
4 0.296235 0.877678 0.293554 0.901108 0.269811 0.89612 0.256108 0.852309  0 0 
4 0.293554 0.901108 0.269159 0.921153 0.231255 0.929341 0.269811 0.89612  0 0 
4 0.269159 0.921153 0.255326 0.932519 0.200054 0.947596 0.231255 0.929341  0 0 
4 0.255326 0.932519 0.238632 0.960302 0.196833 0.981641 0.200054 0.947596  0 0 
4 0.238632 0.960302 0.214777 1 0.175152 1 0.196833 0.981641  0 0 
4 0.123108 0 0.133547 0.0185611 0.113902 0.0177218 0.0958081 0  0 0 
4 0.133547 0.0185611 0.177736 0.0605563 0.145351 0.048524 0.113902 0.0177218  0 0 
4 0.177736 0.0605563 0.259066 0.114508 0.183492 0.0858817 0.145351 0.048524  0 0 
4 0.259066 0.114508 0.299258 0.145373 0.290698 0.190884 0.183492 0.0858817  0 0 
4 0.299258 0.145373 0.317436 0.188818 0.254911 0.203792 0.290698 0.190884  0 0 
4 0.317436 0.188818 0.284933 0.210919 0.225775 0.214302 0.254911 0.203792  0 0 
4 0.284933 0.210919 0.244655 0.224374 0.205318 0.221681 0.225775 0.214302  0 0 
4 0.244655 0.224374 0.285248 0.247524 0.189397 0.227423 0.205318 0.221681  0 0 
4 0.285248 0.247524 0.276631 0.266515 0.197903 0.243864 0.189397 0.227423  0 0 
4 0.276631 0.266515 0.254626 0.28225 0.214232 0.275424 0.197903 0.243864  0 0 
4 0.254626 0.28225 0.293078 0.371187 0.236124 0.317738 0.214232 0.275424  0 0 
4 0.293078 0.371187 0.315258 0.412649 0.284431 0.411105 0.236124 0.317738  0 0 
4 0.315258 0.412649 0.334329 0.450291 0.279203 0.431869 0.284431 0.411105  0 0 
4 0.334329 0.450291 0.315308 0.466532 0.270038 0.468274 0.279203 0.431869  0 0 
4 0.315308 0.466532 0.349737 0.49649 0.254164 0.531327 0.270038 0.468274  0 0 
4 0.349737 0.49649 0.342529 0.543665 0.238546 0.593361 0.254164 0.531327  0 0 
4 0.342529 0.543665 0.279183 0.589719 0.212662 0.640508 0.238546 0.593361  0 0 
4 0.279183 0.589719 0.297859 0.601979 0.200504 0.662654 0.212662 0.640508  0 0 
4 0.297859 0.601979 0.301844 0.617687 0.188326 0.684836 0.200504 0.662654  0 0 
4 0.301844 0.617687 0.224501 0.70152 0.15453 0.746394 0.188326 0.684836  0 0 
4 0.224501 0.70152 0.262367 0.696951 0.173085 0.746975 0.15453 0.746394  0 0 
4 0.262367 0.696951 0.286317 0.702771 0.194845 0.747656 0.173085 0.746975  0 0 
4 0.286317 0.702771 0.265844 0.72764 0.227015 0.748663 0.194845 0.747656  0 0 
4 0.265844 0.72764 0.256537 0.741385 0.243137 0.749168 0.227015 0.748663  0 0 
4 0.256537 0.741385 0.275034 0.783939 0.22915 0.792905 0.243137 0.749168  0 0 
4 0.275034 0.783939 0.240727 0.829644 0.219042 0.824512 0.22915 0.792905  0 0 
4 0.240727 0.829644 0.256108 0.852309 0.208195 0.858428 0.219042 0.824512  0 0 
4 0.256108 0.852309 0.269811 0.89612 0.200779 0.881618 0.208195 0.858428  0 0 
4 0.269811 0.89612 0.231255 0.929341 0.183386 0.908832 0.200779 0.881618  0 0 
4 0.231255 0.929341 0.200054 0.947596 0.149863 0.961286 0.183386 0.908832  0 0 
4 0.200054 0.947596 0.196833 0.981641 0.13846 0.979129 0.149863 0.961286  0 0 
4 0.196833 0.981641 0.175152 1 0.125121 1 0.13846 0.979129  0 0 
4 0.0958081 0 0.113902 0.0177218 0.0998548 0.0480611 0.082543 0  0 0 
4 0.113902 0.0177218 0.145351 0.048524 0.101941 0.0776105 0.0998548 0.0480611  0 0 
4 0.145351 0.048524 0.183492 0.0858817 0.146877 0.101313 0.101941 0.0776105  0 0 
4 0.183492 0.0858817 0.290698 0.190884 0.195611 0.162601 0.146877 0.101313  0 0 
4 0.290698 0.190884 0.254911 0.203792 0.219406 0.185396 0.195611 0.162601  0 0 
4 0.254911 0.203792 0.225775 0.214302 0.19324 0.197419 0.219406 0.185396  0 0 
4 0.225775 0.214302 0.205318 0.221681 0.182601 0.216134 0.19324 0.197419  0 0 
4 0.205318 0.221681 0.189397 0.227423 0.152021 0.219585 0.182601 0.216134  0 0 
4 0.189397 0.227423 0.197903 0.243864 0.155805 0.316644 0.152021 0.219585  0 0 
4 0.197903 0.243864 0.214232 0.275424 0.168046 0.349429 0.155805 0.316644  0 0 
4 0.214232 0.275424 0.236124 0.317738 0.17292 0.413255 0.168046 0.349429  0 0 
4 0.236124 0.317738 0.284431 0.411105 0.249844 0.430714 0.17292 0.413255  0 0 
4 0.284431 0.411105 0.279203 0.431869 0.195272 0.522382 0.249844 0.430714  0 0 
4 0.279203 0.431869 0.270038 0.468274 0.236482 0.507063 0.195272 0.522382  0 0 
4 0.270038 0.468274 0.254164 0.531327 0.211691 0.550789 0.236482 0.507063  0 0 
4 0.254164 0.531327 0.238546 0.593361 0.171615 0.625348 0.211691 0.550789  0 0 
4 0.238546 0.593361 0.212662 0.640508 0.165977 0.643023 0.171615 0.625348  0 0 
4 0.212662 0.640508 0.200504 0.662654 0.154456 0.681118 0.165977 0.643023  0 0 
4 0.200504 0.662654 0.188326 0.684836 0.117133 0.737884 0.154456 0.681118  0 0 
4 0.188326 0.684836 0.15453 0.746394 0.123108 0.754186 0.117133 0.737884  0 0 
4 0.15453 0.746394 0.173085 0.746975 0.146281 0.761049 0.123108 0.754186  0 0 
4 0.173085 0.746975 0.194845 0.747656 0.123699 0.778895 0.146281 0.761049  0 0 
4 0.194845 0.747656 0.227015 0.748663 0.181794 0.774998 0.123699 0.778895  0 0 
4 0.227015 0.748663 0.243137 0.749168 0.223117 0.760797 0.181794 0.774998  0 0 
4 0.243137 0.749168 0.22915 0.792905 0.179463 0.802126 0.223117 0.760797  0 0 
4 0.22915 0.792905 0.219042 0.824512 0.122416 0.852435 0.179463 0.802126  0 0 
4 0.219042 0.824512 0.208195 0.858428 0.142252 0.872294 0.122416 0.852435  0 0 
4 0.208195 0.858428 0.200779 0.881618 0.14463 0.900198 0.142252 0.872294  0 0 
4 0.200779 0.881618 0.183386 0.908832 0.16606 0.907976 0.14463 0.900198  0 0 
4 0.183386 0.908832 0.149863 0.961286 0.130519 0.955443 0.16606 0.907976  0 0 
4 0.149863 0.961286 0.13846 0.979129 0.118017 0.980522 0.130519 0.955443  0 0 
4 0.13846 0.979129 0.125121 1 0.0945041 1 0.118017 0.980522  0 0 
4 0.082543 0 0.0998548 0.0480611 0.0702962 0.03874 0.0591154 0  0 0 
4 0.0998548 0.0480611 0.101941 0.0776105 0.0848248 0.0890792 0.0702962 0.03874  0 0 
4 0.101941 0.0776105 0.146877 0.101313 0.1095 0.119194 0.0848248 0.0890792  0 0 
4 0.146877 0.101313 0.195611 0.162601 0.128777 0.142722 0.1095 0.119194  0 0 
4 0.195611 0.162601 0.219406 0.185396 0.127943 0.15556 0.128777 0.142722  0 0 
4 0.219406 0.185396 0.19324 0.197419 0.127442 0.163276 0.127943 0.15556  0 0 
4 0.19324 0.197419 0.182601 0.216134 0.132377 0.198531 0.127442 0.163276  0 0 
4 0.182601 0.216134 0.152021 0.219585 0.134819 0.215978 0.132377 0.198531  0 0 
4 0.152021 0.219585 0.155805 0.316644 0.134309 0.307535 0.134819 0.215978  0 0 
4 0.155805 0.316644 0.168046 0.349429 0.133769 0.404351 0.134309 0.307535  0 0 
4 0.168046 0.349429 0.17292 0.413255 0.143252 0.427101 0.133769 0.404351  0 0 
4 0.17292 0.413255 0.249844 0.430714 0.164845 0.478905 0.143252 0.427101  0 0 
4 0.249844 0.430714 0.195272 0.522382 0.165367 0.541935 0.164845 0.478905  0 0 
4 0.195272 0.522382 0.236482 0.507063 0.165755 0.588818 0.165367 0.541935  0 0 
4 0.236482 0.507063 0.211691 0.550789 0.148633 0.620924 0.165755 0.588818  0 0 
4 0.211691 0.550789 0.171615 0.625348 0.137605 0.641602 0.148633 0.620924  0 0 
4 0.171615 0.625348 0.165977 0.643023 0.0812873 0.696681 0.137605 0.641602  0 0 
4 0.165977 0.643023 0.154456 0.681118 0.0574159 0.720027 0.0812873 0.696681  0 0 
4 0.154456 0.681118 0.117133 0.737884 0.0699611 0.729833 0.0574159 0.720027  0 0 
4 0.117133 0.737884 0.123108 0.754186 0.106413 0.758325 0.0699611 0.729833  0 0 
4 0.123108 0.754186 0.146281 0.761049 0.0982064 0.776862 0.106413 0.758325  0 0 
4 0.146281 0.761049 0.123699 0.778895 0.0909383 0.79328 0.0982064 0.776862  0 0 
4 0.123699 0.778895 0.181794 0.774998 0.12673 0.793472 0.0909383 0.79328  0 0 
4 0.181794 0.774998 0.223117 0.760797 0.1665 0.793685 0.12673 0.793472  0 0 
4 0.223117 0.760797 0.179463 0.802126 0.134689 0.818349 0.1665 0.793685  0 0 
4 0.179463 0.802126 0.122416 0.852435 0.0719003 0.867033 0.134689 0.818349  0 0 
4 0.122416 0.852435 0.142252 0.872294 0.0974128 0.892944 0.0719003 0.867033  0 0 
4 0.142252 0.872294 0.14463 0.900198 0.114404 0.910201 0.0974128 0.892944  0 0 
4 0.14463 0.900198 0.16606 0.907976 0.098594 0.93054 0.114404 0.910201  0 0 
4 0.16606 0.907976 0.130519 0.955443 0.0889889 0.942897 0.098594 0.93054  0 0 
4 0.130519 0.955443 0.118017 0.980522 0.0729069 0.966812 0.0889889 0.942897  0 0 
4 0.118017 0.980522 0.0945041 1 0.0505889 1 0.0729069 0.966812  0 0 
4 0.0591154 0 0.0702962 0.03874 0.0342642 0.0503602 0.0189991 0  0 0 
4 0.0702962 0.03874 0.0848248 0.0890792 0.0319554 0.0737527 0.0342642 0.0503602  0 0 
4 0.0848248 0.0890792 0.1095 0.119194 0.0562989 0.109824 0.0319554 0.0737527  0 0 
4 0.1095 0.119194 0.128777 0.142722 0.0505146 0.119443 0.0562989 0.109824  0 0 
4 0.128777 0.142722 0.127943 0.15556 0.0591549 0.12943 0.0505146 0.119443  0 0 
4 0.127943 0.15556 0.127442 0.163276 0.0929997 0.153355 0.0591549 0.12943  0 0 
4 0.127442 0.163276 0.132377 0.198531 0.0347301 0.160028 0.0929997 0.153355  0 0 
4 0.132377 0.198531 0.134819 0.215978 0.0696119 0.202303 0.0347301 0.160028  0 0 
4 0.134819 0.215978 0.134309 0.307535 0.0685438 0.330218 0.0696119 0.202303  0 0 
4 0.134309 0.307535 0.133769 0.404351 0.0719088 0.40324 0.0685438 0.330218  0 0 
4 0.133769 0.404351 0.143252 0.427101 0.0863525 0.483445 0.0719088 0.40324  0 0 
4 0.143252 0.427101 0.164845 0.478905 0.102113 0.514471 0.0863525 0.483445  0 0 
4 0.164845 0.478905 0.165367 0.541935 0.117573 0.552488 0.102113 0.514471  0 0 
4 0.165367 0.541935 0.165755 0.588818 0.0597766 0.630438 0.117573 0.552488  0 0 
4 0.165755 0.588818 0.148633 0.620924 0.0792537 0.656834 0.0597766 0.630438  0 0 
4 0.148633 0.620924 0.137605 0.641602 0.0559272 0.680637 0.0792537 0.656834  0 0 
4 0.137605 0.641602 0.0812873 0.696681 0.0799091 0.682678 0.0559272 0.680637  0 0 
4 0.0812873 0.696681 0.0574159 0.720027 0.0398256 0.724674 0.0799091 0.682678  0 0 
4 0.0574159 0.720027 0.0699611 0.729833 0.052724 0.75001 0.0398256 0.724674  0 0 
4 0.0699611 0.729833 0.106413 0.758325 0.0755401 0.76598 0.052724 0.75001  0 0 
4 0.106413 0.758325 0.0982064 0.776862 0.0536181 0.795872 0.0755401 0.76598  0 0 
4 0.0982064 0.776862 0.0909383 0.79328 0.037189 0.819396 0.0536181 0.795872  0 0 
4 0.0909383 0.79328 0.12673 0.793472 0.0447892 0.831162 0.037189 0.819396  0 0 
4 0.12673 0.793472 0.1665 0.793685 0.114085 0.824131 0.0447892 0.831162  0 0 
4 0.1665 0.793685 0.134689 0.818349 0.080981 0.853901 0.114085 0.824131  0 0 
4 0.134689 0.818349 0.0719003 0.867033 0.0242627 0.898371 0.080981 0.853901  0 0 
4 0.0719003 0.867033 0.0974128 0.892944 0.0654142 0.913667 0.0242627 0.898371  0 0 
4 0.0974128 0.892944 0.114404 0.910201 0.049009 0.931841 0.0654142 0.913667  0 0 
4 0.114404 0.910201 0.098594 0.93054 0.036284 0.948935 0.049009 0.931841  0 0 
4 0.098594 0.93054 0.0889889 0.942897 0.0666024 0.950388 0.036284 0.948935  0 0 
4 0.0889889 0.942897 0.0729069 0.966812 0.0425827 0.983886 0.0666024 0.950388  0 0 
4 0.0729069 0.966812 0.0505889 1 0.0350006 1 0.0425827 0.983886  0 0 
4 0.0189991 0 0.0342642 0.0503602 0 0.0482278 0 0  0 0 
4 0.0342642 0.0503602 0.0319554 0.0737527 0 0.0644891 0 0.0482278  0 0 
4 0.0319554 0.0737527 0.0562989 0.109824 0 0.089953 0 0.0644891  0 0 
4 0.0562989 0.109824 0.0505146 0.119443 0 0.104418 0 0.089953  0 0 
4 0.0505146 0.119443 0.0591549 0.12943 0 0.11631 0 0.104418  0 0 
4 0.0591549 0.12943 0.0929997 0.153355 0 0.126568 0 0.11631  0 0 
4 0.0929997 0.153355 0.0347301 0.160028 0 0.146695 0 0.126568  0 0 
4 0.0347301 0.160028 0.0696119 0.202303 0 0.187705 0 0.146695  0 0 
4 0.0696119 0.202303 0.0685438 0.330218 0 0.249776 0 0.187705  0 0 
4 0.0685438 0.330218 0.0719088 0.40324 0 0.401949 0 0.249776  0 0 
4 0.0719088 0.40324 0.0863525 0.483445 0 0.462479 0 0.401949  0 0 
4 0.0863525 0.483445 0.102113 0.514471 0 0.572364 0 0.462479  0 0 
4 0.102113 0.514471 0.117573 0.552488 0 0.607175 0 0.572364  0 0 
4 0.117573 0.552488 0.0597766 0.630438 0 0.653913 0 0.607175  0 0 
4 0.0597766 0.630438 0.0792537 0.656834 0 0.68418 0 0.653913  0 0 
4 0.0792537 0.656834 0.0559272 0.680637 0 0.707366 0 0.68418  0 0 
4 0.0559272 0.680637 0.0799091 0.682678 0 0.723086 0 0.707366  0 0 
4 0.0799091 0.682678 0.0398256 0.724674 0 0.735195 0 0.723086  0 0 
4 0.0398256 0.724674 0.052724 0.75001 0 0.76626 0 0.735195  0 0 
4 0.052724 0.75001 0.0755401 0.76598 0 0.78471 0 0.76626  0 0 
4 0.0755401 0.76598 0.0536181 0.795872 0 0.802248 0 0.78471  0 0 
4 0.0536181 0.795872 0.037189 0.819396 0 0.837465 0 0.802248  0 0 
4 0.037189 0.819396 0.0447892 0.831162 0 0.852746 0 0.837465  0 0 
4 0.0447892 0.831162 0.114085 0.824131 0 0.890401 0 0.852746  0 0 
4 0.114085 0.824131 0.080981 0.853901 0 0.903491 0 0.890401  0 0 
4 0.080981 0.853901 0.0242627 0.898371 0 0.914332 0 0.903491  0 0 
4 0.0242627 0.898371 0.0654142 0.913667 0 0.929325 0 0.914332  0 0 
4 0.0654142 0.913667 0.049009 0.931841 0 0.948059 0 0.929325  0 0 
4 0.049009 0.931841 0.036284 0.948935 0 0.961876 0 0.948059  0 0 
4 0.036284 0.948935 0.0666024 0.950388 0 0.972676 0 0.961876  0 0 
4 0.0666024 0.950388 0.0425827 0.983886 0 0.982891 0 0.972676  0 0 
4 0.0425827 0.983886 0.0350006 1 0 1 0 0.982891  0 0 
