# Date: 8/4/2013   Time: 9:52
# dimensions 
1 1 
# connectivity 
4
4 1 2 3 4 1 1 
4 5 6 7 8 1 1 
4 9 10 11 12 1 1 
4 13 14 15 16 1 1 
# DG vertices (counter-clockwise) 
16
 1 0 
 1 0.428333 
 0.492409 0.375394 
 0.672253 0 
 1 0.428333 
 1 1 
 0.412904 1 
 0.492409 0.375394 
 0.672253 0 
 0.492409 0.375394 
 0 0.594437 
 0 0 
 0.492409 0.375394 
 0.412904 1 
 0 1 
 0 0.594437 
# grid vertices (counter-clockwise) 
9
1 0 
1 0.428333 
1 1 
0.672253 0 
0.492409 0.375394 
0.412904 1 
0 0 
0 0.594437 
0 1 
