# Date: 8/4/2013   Time: 9:30
# dimensions 
1 1 
# connectivity 
4
4 1 2 3 4 1 1 
4 5 6 7 8 1 1 
4 9 10 11 12 1 1 
4 13 14 15 16 1 1 
# DG vertices (counter-clockwise) 
16
 1 0 
 1 0.614889 
 0.611905 0.315578 
 0.611524 0 
 1 0.614889 
 1 1 
 0.510057 1 
 0.611905 0.315578 
 0.611524 0 
 0.611905 0.315578 
 0 0.544647 
 0 0 
 0.611905 0.315578 
 0.510057 1 
 0 1 
 0 0.544647 
# grid vertices (counter-clockwise) 
9
1 0 
1 0.614889 
1 1 
0.611524 0 
0.611905 0.315578 
0.510057 1 
0 0 
0 0.544647 
0 1 
