# Date: 8/4/2013   Time: 12:53
# dimensions 
1 1 
# connectivity 
289
4  1  2  3  4    1 1 
4  5  6  7  8    1 1 
5  9  10  11  12  13    1 1 
5  14  15  16  17  18    1 1 
4  19  20  21  22    1 1 
5  23  24  25  26  27    1 1 
6  28  29  30  31  32  33    1 1 
5  34  35  36  37  38    1 1 
6  39  40  41  42  43  44    1 1 
4  45  46  47  48    1 1 
5  49  50  51  52  53    1 1 
4  54  55  56  57    1 1 
5  58  59  60  61  62    1 1 
5  63  64  65  66  67    1 1 
4  68  69  70  71    1 1 
6  72  73  74  75  76  77    1 1 
5  78  79  80  81  82    1 1 
5  83  84  85  86  87    1 1 
7  88  89  90  91  92  93  94    1 1 
6  95  96  97  98  99  100    1 1 
7  101  102  103  104  105  106  107    1 1 
6  108  109  110  111  112  113    1 1 
6  114  115  116  117  118  119    1 1 
6  120  121  122  123  124  125    1 1 
7  126  127  128  129  130  131  132    1 1 
6  133  134  135  136  137  138    1 1 
4  139  140  141  142    1 1 
6  143  144  145  146  147  148    1 1 
7  149  150  151  152  153  154  155    1 1 
8  156  157  158  159  160  161  162  163    1 1 
5  164  165  166  167  168    1 1 
7  169  170  171  172  173  174  175    1 1 
8  176  177  178  179  180  181  182  183    1 1 
4  184  185  186  187    1 1 
4  188  189  190  191    1 1 
6  192  193  194  195  196  197    1 1 
5  198  199  200  201  202    1 1 
6  203  204  205  206  207  208    1 1 
6  209  210  211  212  213  214    1 1 
6  215  216  217  218  219  220    1 1 
5  221  222  223  224  225    1 1 
7  226  227  228  229  230  231  232    1 1 
5  233  234  235  236  237    1 1 
8  238  239  240  241  242  243  244  245    1 1 
6  246  247  248  249  250  251    1 1 
6  252  253  254  255  256  257    1 1 
6  258  259  260  261  262  263    1 1 
5  264  265  266  267  268    1 1 
5  269  270  271  272  273    1 1 
5  274  275  276  277  278    1 1 
4  279  280  281  282    1 1 
4  283  284  285  286    1 1 
7  287  288  289  290  291  292  293    1 1 
6  294  295  296  297  298  299    1 1 
6  300  301  302  303  304  305    1 1 
6  306  307  308  309  310  311    1 1 
6  312  313  314  315  316  317    1 1 
6  318  319  320  321  322  323    1 1 
6  324  325  326  327  328  329    1 1 
6  330  331  332  333  334  335    1 1 
5  336  337  338  339  340    1 1 
6  341  342  343  344  345  346    1 1 
6  347  348  349  350  351  352    1 1 
7  353  354  355  356  357  358  359    1 1 
8  360  361  362  363  364  365  366  367    1 1 
6  368  369  370  371  372  373    1 1 
6  374  375  376  377  378  379    1 1 
5  380  381  382  383  384    1 1 
5  385  386  387  388  389    1 1 
6  390  391  392  393  394  395    1 1 
5  396  397  398  399  400    1 1 
7  401  402  403  404  405  406  407    1 1 
7  408  409  410  411  412  413  414    1 1 
7  415  416  417  418  419  420  421    1 1 
6  422  423  424  425  426  427    1 1 
4  428  429  430  431    1 1 
6  432  433  434  435  436  437    1 1 
7  438  439  440  441  442  443  444    1 1 
5  445  446  447  448  449    1 1 
7  450  451  452  453  454  455  456    1 1 
6  457  458  459  460  461  462    1 1 
4  463  464  465  466    1 1 
6  467  468  469  470  471  472    1 1 
5  473  474  475  476  477    1 1 
4  478  479  480  481    1 1 
5  482  483  484  485  486    1 1 
6  487  488  489  490  491  492    1 1 
7  493  494  495  496  497  498  499    1 1 
5  500  501  502  503  504    1 1 
5  505  506  507  508  509    1 1 
6  510  511  512  513  514  515    1 1 
5  516  517  518  519  520    1 1 
5  521  522  523  524  525    1 1 
6  526  527  528  529  530  531    1 1 
6  532  533  534  535  536  537    1 1 
8  538  539  540  541  542  543  544  545    1 1 
8  546  547  548  549  550  551  552  553    1 1 
6  554  555  556  557  558  559    1 1 
6  560  561  562  563  564  565    1 1 
6  566  567  568  569  570  571    1 1 
6  572  573  574  575  576  577    1 1 
5  578  579  580  581  582    1 1 
5  583  584  585  586  587    1 1 
6  588  589  590  591  592  593    1 1 
6  594  595  596  597  598  599    1 1 
6  600  601  602  603  604  605    1 1 
7  606  607  608  609  610  611  612    1 1 
5  613  614  615  616  617    1 1 
4  618  619  620  621    1 1 
8  622  623  624  625  626  627  628  629    1 1 
7  630  631  632  633  634  635  636    1 1 
6  637  638  639  640  641  642    1 1 
5  643  644  645  646  647    1 1 
5  648  649  650  651  652    1 1 
6  653  654  655  656  657  658    1 1 
4  659  660  661  662    1 1 
7  663  664  665  666  667  668  669    1 1 
6  670  671  672  673  674  675    1 1 
4  676  677  678  679    1 1 
4  680  681  682  683    1 1 
7  684  685  686  687  688  689  690    1 1 
5  691  692  693  694  695    1 1 
6  696  697  698  699  700  701    1 1 
11  702  703  704  705  706  707  708  709  710  711  712    1 1 
5  713  714  715  716  717    1 1 
7  718  719  720  721  722  723  724    1 1 
7  725  726  727  728  729  730  731    1 1 
5  732  733  734  735  736    1 1 
6  737  738  739  740  741  742    1 1 
6  743  744  745  746  747  748    1 1 
5  749  750  751  752  753    1 1 
6  754  755  756  757  758  759    1 1 
5  760  761  762  763  764    1 1 
6  765  766  767  768  769  770    1 1 
5  771  772  773  774  775    1 1 
6  776  777  778  779  780  781    1 1 
6  782  783  784  785  786  787    1 1 
4  788  789  790  791    1 1 
8  792  793  794  795  796  797  798  799    1 1 
6  800  801  802  803  804  805    1 1 
5  806  807  808  809  810    1 1 
4  811  812  813  814    1 1 
6  815  816  817  818  819  820    1 1 
4  821  822  823  824    1 1 
7  825  826  827  828  829  830  831    1 1 
6  832  833  834  835  836  837    1 1 
6  838  839  840  841  842  843    1 1 
7  844  845  846  847  848  849  850    1 1 
6  851  852  853  854  855  856    1 1 
4  857  858  859  860    1 1 
6  861  862  863  864  865  866    1 1 
7  867  868  869  870  871  872  873    1 1 
5  874  875  876  877  878    1 1 
5  879  880  881  882  883    1 1 
7  884  885  886  887  888  889  890    1 1 
5  891  892  893  894  895    1 1 
6  896  897  898  899  900  901    1 1 
5  902  903  904  905  906    1 1 
5  907  908  909  910  911    1 1 
8  912  913  914  915  916  917  918  919    1 1 
8  920  921  922  923  924  925  926  927    1 1 
4  928  929  930  931    1 1 
6  932  933  934  935  936  937    1 1 
8  938  939  940  941  942  943  944  945    1 1 
6  946  947  948  949  950  951    1 1 
5  952  953  954  955  956    1 1 
7  957  958  959  960  961  962  963    1 1 
8  964  965  966  967  968  969  970  971    1 1 
5  972  973  974  975  976    1 1 
5  977  978  979  980  981    1 1 
4  982  983  984  985    1 1 
5  986  987  988  989  990    1 1 
7  991  992  993  994  995  996  997    1 1 
6  998  999  1000  1001  1002  1003    1 1 
7  1004  1005  1006  1007  1008  1009  1010    1 1 
6  1011  1012  1013  1014  1015  1016    1 1 
7  1017  1018  1019  1020  1021  1022  1023    1 1 
4  1024  1025  1026  1027    1 1 
6  1028  1029  1030  1031  1032  1033    1 1 
6  1034  1035  1036  1037  1038  1039    1 1 
5  1040  1041  1042  1043  1044    1 1 
7  1045  1046  1047  1048  1049  1050  1051    1 1 
7  1052  1053  1054  1055  1056  1057  1058    1 1 
6  1059  1060  1061  1062  1063  1064    1 1 
4  1065  1066  1067  1068    1 1 
8  1069  1070  1071  1072  1073  1074  1075  1076    1 1 
3  1077  1078  1079    1 1 
5  1080  1081  1082  1083  1084    1 1 
7  1085  1086  1087  1088  1089  1090  1091    1 1 
5  1092  1093  1094  1095  1096    1 1 
7  1097  1098  1099  1100  1101  1102  1103    1 1 
6  1104  1105  1106  1107  1108  1109    1 1 
5  1110  1111  1112  1113  1114    1 1 
5  1115  1116  1117  1118  1119    1 1 
8  1120  1121  1122  1123  1124  1125  1126  1127    1 1 
6  1128  1129  1130  1131  1132  1133    1 1 
6  1134  1135  1136  1137  1138  1139    1 1 
8  1140  1141  1142  1143  1144  1145  1146  1147    1 1 
5  1148  1149  1150  1151  1152    1 1 
7  1153  1154  1155  1156  1157  1158  1159    1 1 
7  1160  1161  1162  1163  1164  1165  1166    1 1 
7  1167  1168  1169  1170  1171  1172  1173    1 1 
5  1174  1175  1176  1177  1178    1 1 
5  1179  1180  1181  1182  1183    1 1 
4  1184  1185  1186  1187    1 1 
5  1188  1189  1190  1191  1192    1 1 
6  1193  1194  1195  1196  1197  1198    1 1 
7  1199  1200  1201  1202  1203  1204  1205    1 1 
5  1206  1207  1208  1209  1210    1 1 
5  1211  1212  1213  1214  1215    1 1 
7  1216  1217  1218  1219  1220  1221  1222    1 1 
6  1223  1224  1225  1226  1227  1228    1 1 
5  1229  1230  1231  1232  1233    1 1 
6  1234  1235  1236  1237  1238  1239    1 1 
5  1240  1241  1242  1243  1244    1 1 
6  1245  1246  1247  1248  1249  1250    1 1 
5  1251  1252  1253  1254  1255    1 1 
6  1256  1257  1258  1259  1260  1261    1 1 
5  1262  1263  1264  1265  1266    1 1 
7  1267  1268  1269  1270  1271  1272  1273    1 1 
4  1274  1275  1276  1277    1 1 
6  1278  1279  1280  1281  1282  1283    1 1 
6  1284  1285  1286  1287  1288  1289    1 1 
5  1290  1291  1292  1293  1294    1 1 
6  1295  1296  1297  1298  1299  1300    1 1 
6  1301  1302  1303  1304  1305  1306    1 1 
8  1307  1308  1309  1310  1311  1312  1313  1314    1 1 
6  1315  1316  1317  1318  1319  1320    1 1 
5  1321  1322  1323  1324  1325    1 1 
4  1326  1327  1328  1329    1 1 
5  1330  1331  1332  1333  1334    1 1 
5  1335  1336  1337  1338  1339    1 1 
6  1340  1341  1342  1343  1344  1345    1 1 
6  1346  1347  1348  1349  1350  1351    1 1 
6  1352  1353  1354  1355  1356  1357    1 1 
4  1358  1359  1360  1361    1 1 
7  1362  1363  1364  1365  1366  1367  1368    1 1 
4  1369  1370  1371  1372    1 1 
5  1373  1374  1375  1376  1377    1 1 
6  1378  1379  1380  1381  1382  1383    1 1 
6  1384  1385  1386  1387  1388  1389    1 1 
6  1390  1391  1392  1393  1394  1395    1 1 
5  1396  1397  1398  1399  1400    1 1 
7  1401  1402  1403  1404  1405  1406  1407    1 1 
5  1408  1409  1410  1411  1412    1 1 
9  1413  1414  1415  1416  1417  1418  1419  1420  1421    1 1 
4  1422  1423  1424  1425    1 1 
5  1426  1427  1428  1429  1430    1 1 
7  1431  1432  1433  1434  1435  1436  1437    1 1 
7  1438  1439  1440  1441  1442  1443  1444    1 1 
6  1445  1446  1447  1448  1449  1450    1 1 
5  1451  1452  1453  1454  1455    1 1 
7  1456  1457  1458  1459  1460  1461  1462    1 1 
8  1463  1464  1465  1466  1467  1468  1469  1470    1 1 
3  1471  1472  1473    1 1 
5  1474  1475  1476  1477  1478    1 1 
6  1479  1480  1481  1482  1483  1484    1 1 
7  1485  1486  1487  1488  1489  1490  1491    1 1 
5  1492  1493  1494  1495  1496    1 1 
6  1497  1498  1499  1500  1501  1502    1 1 
6  1503  1504  1505  1506  1507  1508    1 1 
6  1509  1510  1511  1512  1513  1514    1 1 
6  1515  1516  1517  1518  1519  1520    1 1 
6  1521  1522  1523  1524  1525  1526    1 1 
10  1527  1528  1529  1530  1531  1532  1533  1534  1535  1536    1 1 
5  1537  1538  1539  1540  1541    1 1 
6  1542  1543  1544  1545  1546  1547    1 1 
6  1548  1549  1550  1551  1552  1553    1 1 
6  1554  1555  1556  1557  1558  1559    1 1 
5  1560  1561  1562  1563  1564    1 1 
7  1565  1566  1567  1568  1569  1570  1571    1 1 
4  1572  1573  1574  1575    1 1 
4  1576  1577  1578  1579    1 1 
5  1580  1581  1582  1583  1584    1 1 
5  1585  1586  1587  1588  1589    1 1 
5  1590  1591  1592  1593  1594    1 1 
5  1595  1596  1597  1598  1599    1 1 
4  1600  1601  1602  1603    1 1 
4  1604  1605  1606  1607    1 1 
5  1608  1609  1610  1611  1612    1 1 
4  1613  1614  1615  1616    1 1 
5  1617  1618  1619  1620  1621    1 1 
5  1622  1623  1624  1625  1626    1 1 
5  1627  1628  1629  1630  1631    1 1 
4  1632  1633  1634  1635    1 1 
5  1636  1637  1638  1639  1640    1 1 
6  1641  1642  1643  1644  1645  1646    1 1 
4  1647  1648  1649  1650    1 1 
5  1651  1652  1653  1654  1655    1 1 
# DG vertices (counter-clockwise) 
1655
0.958895  0  
1  0  
1  0.0557085  
0.958895  0.0309961  
0.886597  0  
0.958895  0  
0.958895  0.0309961  
0.886597  0.0601577  
0.83547  0  
0.886597  0  
0.886597  0.0601577  
0.875483  0.0731131  
0.83547  0.0674043  
0.784314  0  
0.83547  0  
0.83547  0.0674043  
0.810555  0.0710633  
0.784314  0.0401428  
0.695903  0  
0.784314  0  
0.784314  0.0401428  
0.695903  0.0216654  
0.564624  0  
0.695903  0  
0.695903  0.0216654  
0.67295  0.0576197  
0.564624  0.0469891  
0.461413  0  
0.564624  0  
0.564624  0.0469891  
0.549729  0.0660624  
0.523714  0.0783985  
0.461413  0.070132  
0.396464  0  
0.461413  0  
0.461413  0.070132  
0.460568  0.0703583  
0.396464  0.035762  
0.333626  0.0223653  
0.333626  0  
0.396464  0  
0.396464  0.035762  
0.372756  0.0428738  
0.344214  0.0408967  
0.295366  0  
0.333626  0  
0.333626  0.0223653  
0.295366  0.0156999  
0.273333  0  
0.295366  0  
0.295366  0.0156999  
0.285895  0.020266  
0.273333  0.0193285  
0.257132  0  
0.273333  0  
0.273333  0.0193285  
0.257132  0.0268458  
0.223348  0  
0.257132  0  
0.257132  0.0268458  
0.238763  0.0403378  
0.223348  0.0341151  
0.176661  0  
0.223348  0  
0.223348  0.0341151  
0.218663  0.035616  
0.176661  0.0225059  
0.138219  0  
0.176661  0  
0.176661  0.0225059  
0.138219  0.0378874  
0.0590472  0.00775224  
0.0590472  0  
0.138219  0  
0.138219  0.0378874  
0.136309  0.0401465  
0.113829  0.0432526  
0  0  
0.0590472  0  
0.0590472  0.00775224  
0.0580524  0.00892022  
0  0.00892022  
0.956102  0.161706  
1  0.146994  
1  0.266898  
0.971106  0.266898  
0.919407  0.229583  
0.875483  0.0731131  
0.886597  0.0601577  
0.958895  0.0309961  
1  0.0557085  
1  0.146994  
0.956102  0.161706  
0.887132  0.0971063  
0.887132  0.0971063  
0.956102  0.161706  
0.919407  0.229583  
0.917635  0.230414  
0.847551  0.239369  
0.824152  0.203117  
0.810555  0.0710633  
0.83547  0.0674043  
0.875483  0.0731131  
0.887132  0.0971063  
0.824152  0.203117  
0.769439  0.162625  
0.757841  0.140221  
0.67295  0.0576197  
0.695903  0.0216654  
0.784314  0.0401428  
0.810555  0.0710633  
0.757841  0.140221  
0.700211  0.128176  
0.549729  0.0660624  
0.564624  0.0469891  
0.67295  0.0576197  
0.700211  0.128176  
0.653559  0.168797  
0.62447  0.170768  
0.523714  0.0783985  
0.549729  0.0660624  
0.62447  0.170768  
0.602083  0.191456  
0.559698  0.211555  
0.515059  0.174847  
0.460568  0.0703583  
0.461413  0.070132  
0.523714  0.0783985  
0.515059  0.174847  
0.468614  0.193447  
0.41971  0.158779  
0.419474  0.128487  
0.372756  0.0428738  
0.396464  0.035762  
0.460568  0.0703583  
0.419474  0.128487  
0.369936  0.113638  
0.369074  0.111971  
0.344214  0.0408967  
0.372756  0.0428738  
0.369074  0.111971  
0.312701  0.0754781  
0.285895  0.020266  
0.295366  0.0156999  
0.333626  0.0223653  
0.344214  0.0408967  
0.312701  0.0754781  
0.303514  0.0799073  
0.238763  0.0403378  
0.257132  0.0268458  
0.273333  0.0193285  
0.285895  0.020266  
0.303514  0.0799073  
0.29692  0.0851705  
0.268061  0.0870098  
0.218663  0.035616  
0.223348  0.0341151  
0.238763  0.0403378  
0.268061  0.0870098  
0.226806  0.13853  
0.18739  0.12262  
0.176451  0.107641  
0.176043  0.10076  
0.136309  0.0401465  
0.138219  0.0378874  
0.176661  0.0225059  
0.218663  0.035616  
0.176043  0.10076  
0.100427  0.0812146  
0.113829  0.0432526  
0.136309  0.0401465  
0.176043  0.10076  
0.176451  0.107641  
0.143035  0.11096  
0.105376  0.0980605  
0.0429722  0.0333482  
0.0580524  0.00892022  
0.0590472  0.00775224  
0.113829  0.0432526  
0.100427  0.0812146  
0.0529518  0.0827405  
0.0373842  0.0605089  
0.0373524  0.0601438  
0  0.00892022  
0.0580524  0.00892022  
0.0429722  0.0333482  
0  0.0333482  
0.971106  0.266898  
1  0.266898  
1  0.353388  
0.972771  0.343736  
0.917635  0.230414  
0.919407  0.229583  
0.971106  0.266898  
0.972771  0.343736  
0.93182  0.356206  
0.92026  0.35156  
0.847551  0.239369  
0.917635  0.230414  
0.92026  0.35156  
0.839673  0.361393  
0.813286  0.299348  
0.727803  0.235505  
0.769439  0.162625  
0.824152  0.203117  
0.847551  0.239369  
0.813286  0.299348  
0.752239  0.298257  
0.653559  0.168797  
0.700211  0.128176  
0.757841  0.140221  
0.769439  0.162625  
0.727803  0.235505  
0.676682  0.224821  
0.602083  0.191456  
0.62447  0.170768  
0.653559  0.168797  
0.676682  0.224821  
0.655311  0.275875  
0.630046  0.259204  
0.559698  0.211555  
0.602083  0.191456  
0.630046  0.259204  
0.575205  0.262263  
0.555152  0.236366  
0.468614  0.193447  
0.515059  0.174847  
0.559698  0.211555  
0.555152  0.236366  
0.518936  0.263815  
0.471561  0.24646  
0.461552  0.231989  
0.404957  0.171419  
0.41971  0.158779  
0.468614  0.193447  
0.461552  0.231989  
0.414093  0.246225  
0.325211  0.151959  
0.369936  0.113638  
0.419474  0.128487  
0.41971  0.158779  
0.404957  0.171419  
0.363828  0.188132  
0.326366  0.168698  
0.323668  0.160698  
0.29692  0.0851705  
0.303514  0.0799073  
0.312701  0.0754781  
0.369074  0.111971  
0.369936  0.113638  
0.325211  0.151959  
0.268061  0.0870098  
0.29692  0.0851705  
0.325211  0.151959  
0.323668  0.160698  
0.229558  0.145028  
0.226806  0.13853  
0.18739  0.12262  
0.226806  0.13853  
0.229558  0.145028  
0.230429  0.220323  
0.147007  0.186649  
0.146771  0.172092  
0.143035  0.11096  
0.176451  0.107641  
0.18739  0.12262  
0.146771  0.172092  
0.110101  0.151073  
0.0888255  0.123467  
0.105376  0.0980605  
0.143035  0.11096  
0.110101  0.151073  
0.0954951  0.150464  
0.0529518  0.0827405  
0.100427  0.0812146  
0.105376  0.0980605  
0.0888255  0.123467  
0.0524815  0.112016  
0  0.0333482  
0.0429722  0.0333482  
0.0373524  0.0601438  
0  0.0601438  
0.954041  0.435101  
1  0.395028  
1  0.463606  
0.986486  0.463606  
0.93182  0.356206  
0.972771  0.343736  
1  0.353388  
1  0.395028  
0.954041  0.435101  
0.948594  0.433965  
0.943054  0.429955  
0.834734  0.380565  
0.839673  0.361393  
0.92026  0.35156  
0.93182  0.356206  
0.943054  0.429955  
0.838293  0.442738  
0.714259  0.321396  
0.752239  0.298257  
0.813286  0.299348  
0.839673  0.361393  
0.834734  0.380565  
0.721117  0.389455  
0.655311  0.275875  
0.676682  0.224821  
0.727803  0.235505  
0.752239  0.298257  
0.714259  0.321396  
0.661639  0.310398  
0.575205  0.262263  
0.630046  0.259204  
0.655311  0.275875  
0.661639  0.310398  
0.623007  0.337033  
0.585115  0.306139  
0.518936  0.263815  
0.555152  0.236366  
0.575205  0.262263  
0.585115  0.306139  
0.539454  0.315047  
0.516934  0.285964  
0.471561  0.24646  
0.518936  0.263815  
0.516934  0.285964  
0.504463  0.295398  
0.470356  0.297759  
0.460922  0.280235  
0.400185  0.257892  
0.414093  0.246225  
0.461552  0.231989  
0.471561  0.24646  
0.460922  0.280235  
0.424552  0.291145  
0.363828  0.188132  
0.404957  0.171419  
0.414093  0.246225  
0.400185  0.257892  
0.36427  0.259027  
0.326366  0.168698  
0.363828  0.188132  
0.36427  0.259027  
0.362561  0.260369  
0.282414  0.256209  
0.27008  0.243004  
0.229558  0.145028  
0.323668  0.160698  
0.326366  0.168698  
0.27008  0.243004  
0.234329  0.231432  
0.230429  0.220323  
0.12401  0.217177  
0.147007  0.186649  
0.230429  0.220323  
0.234329  0.231432  
0.183328  0.27528  
0.158699  0.265339  
0.134056  0.249352  
0.0954951  0.150464  
0.110101  0.151073  
0.146771  0.172092  
0.147007  0.186649  
0.12401  0.217177  
0.0661342  0.195431  
0.0604925  0.192683  
0.0618492  0.1895  
0.045469  0.123199  
0.0474617  0.116877  
0.0524815  0.112016  
0.0888255  0.123467  
0.0954951  0.150464  
0.0618492  0.1895  
0.0196638  0.0790642  
0.0373842  0.0605089  
0.0529518  0.0827405  
0.0524815  0.112016  
0.0474617  0.116877  
0.0084789  0.106111  
0  0.0601438  
0.0373524  0.0601438  
0.0373842  0.0605089  
0.0196638  0.0790642  
0  0.0790642  
0.986486  0.463606  
1  0.463606  
1  0.520051  
0.99115  0.520051  
0.972186  0.499571  
0.948594  0.433965  
0.954041  0.435101  
0.986486  0.463606  
0.972186  0.499571  
0.93536  0.516841  
0.924196  0.495324  
0.838293  0.442738  
0.943054  0.429955  
0.948594  0.433965  
0.924196  0.495324  
0.831659  0.459422  
0.717446  0.403131  
0.716821  0.400258  
0.721117  0.389455  
0.834734  0.380565  
0.838293  0.442738  
0.831659  0.459422  
0.826487  0.466194  
0.617746  0.353358  
0.623007  0.337033  
0.661639  0.310398  
0.714259  0.321396  
0.721117  0.389455  
0.716821  0.400258  
0.64588  0.400395  
0.539454  0.315047  
0.585115  0.306139  
0.623007  0.337033  
0.617746  0.353358  
0.583792  0.374032  
0.538374  0.366961  
0.526772  0.354395  
0.504463  0.295398  
0.516934  0.285964  
0.539454  0.315047  
0.526772  0.354395  
0.498798  0.351863  
0.488518  0.34487  
0.470356  0.297759  
0.504463  0.295398  
0.488518  0.34487  
0.457056  0.339026  
0.424552  0.291145  
0.460922  0.280235  
0.470356  0.297759  
0.457056  0.339026  
0.434005  0.34594  
0.425275  0.344233  
0.362561  0.260369  
0.36427  0.259027  
0.400185  0.257892  
0.424552  0.291145  
0.425275  0.344233  
0.381836  0.359643  
0.363755  0.347989  
0.282414  0.256209  
0.362561  0.260369  
0.363755  0.347989  
0.299598  0.353001  
0.283286  0.320176  
0.183328  0.27528  
0.234329  0.231432  
0.27008  0.243004  
0.282414  0.256209  
0.283286  0.320176  
0.193158  0.327274  
0.183448  0.28409  
0.158699  0.265339  
0.183328  0.27528  
0.183448  0.28409  
0.115775  0.326838  
0.106256  0.327511  
0.104502  0.313475  
0.0661342  0.195431  
0.12401  0.217177  
0.134056  0.249352  
0.0976671  0.267917  
0  0.160677  
0  0.150112  
0.045469  0.123199  
0.0618492  0.1895  
0.0604925  0.192683  
0.0549077  0.195374  
0  0.111129  
0.0084789  0.106111  
0.0474617  0.116877  
0.045469  0.123199  
0  0.150112  
0  0.0790642  
0.0196638  0.0790642  
0.0084789  0.106111  
0  0.111129  
0.99115  0.520051  
1  0.520051  
1  0.576777  
0.987074  0.576777  
0.975883  0.55847  
0.93536  0.516841  
0.972186  0.499571  
0.99115  0.520051  
0.975883  0.55847  
0.931736  0.533243  
0.931803  0.531261  
0.823717  0.472505  
0.826487  0.466194  
0.831659  0.459422  
0.924196  0.495324  
0.93536  0.516841  
0.931803  0.531261  
0.82932  0.491499  
0.717446  0.403131  
0.826487  0.466194  
0.823717  0.472505  
0.720816  0.507981  
0.69887  0.494923  
0.64588  0.400395  
0.716821  0.400258  
0.717446  0.403131  
0.69887  0.494923  
0.624679  0.495066  
0.583792  0.374032  
0.617746  0.353358  
0.64588  0.400395  
0.624679  0.495066  
0.621862  0.496361  
0.570592  0.45649  
0.538374  0.366961  
0.583792  0.374032  
0.570592  0.45649  
0.549203  0.453953  
0.513688  0.428256  
0.498798  0.351863  
0.526772  0.354395  
0.538374  0.366961  
0.513688  0.428256  
0.473518  0.426583  
0.434005  0.34594  
0.457056  0.339026  
0.488518  0.34487  
0.498798  0.351863  
0.473518  0.426583  
0.472632  0.426849  
0.381836  0.359643  
0.425275  0.344233  
0.434005  0.34594  
0.472632  0.426849  
0.45898  0.439496  
0.385353  0.433606  
0.282306  0.382271  
0.299598  0.353001  
0.363755  0.347989  
0.381836  0.359643  
0.385353  0.433606  
0.378297  0.441559  
0.319249  0.446172  
0.295311  0.419573  
0.19298  0.328185  
0.193158  0.327274  
0.283286  0.320176  
0.299598  0.353001  
0.282306  0.382271  
0.223895  0.38901  
0.22196  0.388374  
0.220838  0.38756  
0.183448  0.28409  
0.193158  0.327274  
0.19298  0.328185  
0.176724  0.338454  
0.145047  0.339547  
0.115775  0.326838  
0.0894842  0.273933  
0.0976671  0.267917  
0.134056  0.249352  
0.158699  0.265339  
0.104502  0.313475  
0.0857157  0.278522  
0.0509842  0.202537  
0.0549077  0.195374  
0.0604925  0.192683  
0.0661342  0.195431  
0.0976671  0.267917  
0.0894842  0.273933  
0.0318192  0.227548  
0.0509842  0.202537  
0.0894842  0.273933  
0.0857157  0.278522  
0.0395982  0.286629  
0.0366035  0.283174  
0  0.160677  
0.0549077  0.195374  
0.0509842  0.202537  
0.0318192  0.227548  
0  0.227548  
0.987074  0.576777  
1  0.576777  
1  0.640754  
0.972815  0.640754  
0.953373  0.617132  
0.901863  0.569016  
0.931736  0.533243  
0.975883  0.55847  
0.987074  0.576777  
0.953373  0.617132  
0.931144  0.615942  
0.82932  0.491499  
0.931803  0.531261  
0.931736  0.533243  
0.901863  0.569016  
0.853677  0.564323  
0.839555  0.55149  
0.720816  0.507981  
0.823717  0.472505  
0.82932  0.491499  
0.839555  0.55149  
0.741076  0.609236  
0.737484  0.605673  
0.61993  0.500892  
0.621862  0.496361  
0.624679  0.495066  
0.69887  0.494923  
0.720816  0.507981  
0.737484  0.605673  
0.697766  0.605749  
0.606848  0.526045  
0.60664  0.524858  
0.61993  0.500892  
0.697766  0.605749  
0.669699  0.610716  
0.606848  0.526045  
0.669699  0.610716  
0.659007  0.618312  
0.60074  0.618085  
0.549203  0.453953  
0.570592  0.45649  
0.621862  0.496361  
0.61993  0.500892  
0.60664  0.524858  
0.567424  0.540087  
0.511757  0.53601  
0.49399  0.514047  
0.45898  0.439496  
0.472632  0.426849  
0.473518  0.426583  
0.513688  0.428256  
0.549203  0.453953  
0.49399  0.514047  
0.467335  0.505329  
0.378297  0.441559  
0.385353  0.433606  
0.45898  0.439496  
0.467335  0.505329  
0.425334  0.532567  
0.383583  0.483213  
0.319249  0.446172  
0.378297  0.441559  
0.383583  0.483213  
0.347042  0.516382  
0.296851  0.494655  
0.223895  0.38901  
0.282306  0.382271  
0.295311  0.419573  
0.246247  0.453054  
0.234867  0.449772  
0.176724  0.338454  
0.19298  0.328185  
0.220838  0.38756  
0.164937  0.4026  
0.151325  0.390838  
0.154624  0.370865  
0.145047  0.339547  
0.176724  0.338454  
0.154624  0.370865  
0.132134  0.358486  
0.0979817  0.339548  
0.106256  0.327511  
0.115775  0.326838  
0.145047  0.339547  
0.132134  0.358486  
0.100269  0.362264  
0.0968207  0.351928  
0.0395982  0.286629  
0.0857157  0.278522  
0.104502  0.313475  
0.106256  0.327511  
0.0979817  0.339548  
0.0393401  0.309554  
0  0.227548  
0.0318192  0.227548  
0.0366035  0.283174  
0  0.283174  
0.972815  0.640754  
1  0.640754  
1  0.684357  
0.969744  0.684357  
0.931144  0.615942  
0.953373  0.617132  
0.972815  0.640754  
0.969744  0.684357  
0.962592  0.694753  
0.901498  0.664925  
0.896526  0.655059  
0.853677  0.564323  
0.901863  0.569016  
0.931144  0.615942  
0.896526  0.655059  
0.848004  0.650333  
0.741076  0.609236  
0.839555  0.55149  
0.853677  0.564323  
0.848004  0.650333  
0.838245  0.656546  
0.749186  0.635605  
0.65809  0.62515  
0.659007  0.618312  
0.669699  0.610716  
0.697766  0.605749  
0.737484  0.605673  
0.741076  0.609236  
0.749186  0.635605  
0.743295  0.652439  
0.734849  0.663594  
0.72657  0.66825  
0.667262  0.668365  
0.65809  0.62515  
0.667262  0.668365  
0.666763  0.66874  
0.645812  0.671468  
0.634194  0.664588  
0.585182  0.635664  
0.60074  0.618085  
0.659007  0.618312  
0.65809  0.62515  
0.634194  0.664588  
0.621415  0.664538  
0.587845  0.640643  
0.567424  0.540087  
0.60664  0.524858  
0.606848  0.526045  
0.60074  0.618085  
0.585182  0.635664  
0.549941  0.633606  
0.537032  0.616539  
0.511757  0.53601  
0.567424  0.540087  
0.537032  0.616539  
0.494337  0.596443  
0.493409  0.594469  
0.425334  0.532567  
0.467335  0.505329  
0.49399  0.514047  
0.511757  0.53601  
0.493409  0.594469  
0.415846  0.563954  
0.347042  0.516382  
0.383583  0.483213  
0.425334  0.532567  
0.415846  0.563954  
0.394483  0.583345  
0.356113  0.577282  
0.246247  0.453054  
0.295311  0.419573  
0.319249  0.446172  
0.296851  0.494655  
0.278484  0.507932  
0.22196  0.388374  
0.223895  0.38901  
0.234867  0.449772  
0.203334  0.469691  
0.195895  0.464366  
0.19399  0.437053  
0.164937  0.4026  
0.220838  0.38756  
0.22196  0.388374  
0.19399  0.437053  
0.163005  0.418968  
0.100269  0.362264  
0.132134  0.358486  
0.154624  0.370865  
0.151325  0.390838  
0.116255  0.394996  
0.100177  0.385941  
0.034776  0.318857  
0.0393401  0.309554  
0.0979817  0.339548  
0.0968207  0.351928  
0.0266944  0.358634  
0  0.283174  
0.0366035  0.283174  
0.0395982  0.286629  
0.0393401  0.309554  
0.034776  0.318857  
0  0.318857  
0.962592  0.694753  
0.969744  0.684357  
1  0.684357  
1  0.709775  
0.962073  0.709775  
0.961915  0.709005  
0.901498  0.664925  
0.962592  0.694753  
0.961915  0.709005  
0.899467  0.707644  
0.838245  0.656546  
0.848004  0.650333  
0.896526  0.655059  
0.901498  0.664925  
0.899467  0.707644  
0.898887  0.708964  
0.856509  0.74224  
0.834347  0.738559  
0.743295  0.652439  
0.749186  0.635605  
0.838245  0.656546  
0.834347  0.738559  
0.82614  0.743664  
0.809796  0.744941  
0.666763  0.66874  
0.667262  0.668365  
0.72657  0.66825  
0.675217  0.727981  
0.663995  0.726971  
0.645812  0.671468  
0.666763  0.66874  
0.663995  0.726971  
0.643023  0.730139  
0.621415  0.664538  
0.634194  0.664588  
0.645812  0.671468  
0.643023  0.730139  
0.639928  0.7314  
0.619122  0.712782  
0.587845  0.640643  
0.621415  0.664538  
0.619122  0.712782  
0.584884  0.702936  
0.549941  0.633606  
0.585182  0.635664  
0.587845  0.640643  
0.584884  0.702936  
0.578679  0.706438  
0.547794  0.702586  
0.521026  0.679819  
0.494337  0.596443  
0.537032  0.616539  
0.549941  0.633606  
0.521026  0.679819  
0.497393  0.688315  
0.463455  0.6458  
0.394483  0.583345  
0.415846  0.563954  
0.493409  0.594469  
0.494337  0.596443  
0.463455  0.6458  
0.409081  0.644907  
0.270466  0.520746  
0.278484  0.507932  
0.296851  0.494655  
0.347042  0.516382  
0.356113  0.577282  
0.277351  0.601205  
0.270027  0.56674  
0.203334  0.469691  
0.234867  0.449772  
0.246247  0.453054  
0.278484  0.507932  
0.270466  0.520746  
0.208241  0.495768  
0.163005  0.418968  
0.19399  0.437053  
0.195895  0.464366  
0.136294  0.461658  
0.116255  0.394996  
0.151325  0.390838  
0.164937  0.4026  
0.163005  0.418968  
0.136294  0.461658  
0.132061  0.46362  
0.0228636  0.364757  
0.0266944  0.358634  
0.0968207  0.351928  
0.100269  0.362264  
0.100177  0.385941  
0.0892714  0.393517  
0.032425  0.384256  
0  0.318857  
0.034776  0.318857  
0.0266944  0.358634  
0.0228636  0.364757  
0  0.364757  
0.962073  0.709775  
1  0.709775  
1  0.737424  
0.974313  0.737424  
0.962185  0.730537  
0.898887  0.708964  
0.899467  0.707644  
0.961915  0.709005  
0.962073  0.709775  
0.962185  0.730537  
0.944172  0.746488  
0.9357  0.748869  
0.856509  0.74224  
0.898887  0.708964  
0.9357  0.748869  
0.899939  0.776949  
0.898493  0.776376  
0.734849  0.663594  
0.743295  0.652439  
0.809796  0.744941  
0.769813  0.765408  
0.763622  0.764076  
0.741342  0.734184  
0.72657  0.66825  
0.734849  0.663594  
0.741342  0.734184  
0.685691  0.738428  
0.675217  0.727981  
0.685691  0.738428  
0.741342  0.734184  
0.763622  0.764076  
0.712675  0.787871  
0.701453  0.782575  
0.639928  0.7314  
0.643023  0.730139  
0.663995  0.726971  
0.675217  0.727981  
0.685691  0.738428  
0.701453  0.782575  
0.668588  0.795971  
0.629694  0.751917  
0.578679  0.706438  
0.584884  0.702936  
0.619122  0.712782  
0.639928  0.7314  
0.629694  0.751917  
0.59932  0.775863  
0.593914  0.777226  
0.574888  0.740746  
0.547794  0.702586  
0.578679  0.706438  
0.574888  0.740746  
0.542889  0.736755  
0.497393  0.688315  
0.521026  0.679819  
0.547794  0.702586  
0.542889  0.736755  
0.518249  0.761195  
0.476559  0.727217  
0.389552  0.684198  
0.409081  0.644907  
0.463455  0.6458  
0.497393  0.688315  
0.476559  0.727217  
0.445437  0.737409  
0.398626  0.73664  
0.388149  0.729856  
0.271837  0.611906  
0.277351  0.601205  
0.356113  0.577282  
0.394483  0.583345  
0.409081  0.644907  
0.389552  0.684198  
0.185509  0.519134  
0.208241  0.495768  
0.270466  0.520746  
0.270027  0.56674  
0.18172  0.531292  
0.128514  0.467449  
0.132061  0.46362  
0.136294  0.461658  
0.195895  0.464366  
0.203334  0.469691  
0.208241  0.495768  
0.185509  0.519134  
0.0819637  0.415648  
0.0892714  0.393517  
0.100177  0.385941  
0.116255  0.394996  
0.132061  0.46362  
0.128514  0.467449  
0.110044  0.478131  
0.0943593  0.469465  
0.032425  0.384256  
0.0892714  0.393517  
0.0819637  0.415648  
0.031645  0.429282  
0.0271402  0.425645  
0  0.364757  
0.0228636  0.364757  
0.032425  0.384256  
0.0271402  0.425645  
0  0.433833  
0.974313  0.737424  
1  0.737424  
1  0.776086  
0.990278  0.776086  
0.944172  0.746488  
0.962185  0.730537  
0.974313  0.737424  
0.990278  0.776086  
0.967574  0.803159  
0.899939  0.776949  
0.9357  0.748869  
0.944172  0.746488  
0.967574  0.803159  
0.966789  0.80657  
0.964353  0.807625  
0.915438  0.811331  
0.82614  0.743664  
0.834347  0.738559  
0.856509  0.74224  
0.898493  0.776376  
0.854237  0.812303  
0.833368  0.800909  
0.769813  0.765408  
0.809796  0.744941  
0.82614  0.743664  
0.833368  0.800909  
0.814697  0.822627  
0.782249  0.832626  
0.779287  0.831343  
0.712675  0.787871  
0.763622  0.764076  
0.769813  0.765408  
0.779287  0.831343  
0.77842  0.831727  
0.718474  0.82823  
0.668588  0.795971  
0.701453  0.782575  
0.712675  0.787871  
0.718474  0.82823  
0.703292  0.850888  
0.652578  0.849285  
0.651814  0.829508  
0.59932  0.775863  
0.629694  0.751917  
0.668588  0.795971  
0.651814  0.829508  
0.518249  0.761195  
0.542889  0.736755  
0.574888  0.740746  
0.593914  0.777226  
0.571382  0.796507  
0.530687  0.791432  
0.445437  0.737409  
0.476559  0.727217  
0.518249  0.761195  
0.530687  0.791432  
0.5178  0.805346  
0.477128  0.814453  
0.398626  0.73664  
0.445437  0.737409  
0.477128  0.814453  
0.456529  0.835041  
0.410476  0.811741  
0.244584  0.683086  
0.247849  0.636377  
0.271837  0.611906  
0.389552  0.684198  
0.388149  0.729856  
0.382932  0.731455  
0.263763  0.712268  
0.16991  0.544665  
0.18172  0.531292  
0.270027  0.56674  
0.277351  0.601205  
0.271837  0.611906  
0.247849  0.636377  
0.179818  0.609068  
0.110044  0.478131  
0.128514  0.467449  
0.185509  0.519134  
0.18172  0.531292  
0.16991  0.544665  
0.105438  0.527528  
0.031645  0.429282  
0.0819637  0.415648  
0.0943593  0.469465  
0.0534557  0.466508  
0  0.450715  
0  0.433833  
0.0271402  0.425645  
0.031645  0.429282  
0.0534557  0.466508  
0.0343399  0.486485  
0.0287017  0.488449  
0.0193767  0.483787  
0  0.450715  
0.0193767  0.483787  
0  0.483787  
0.990278  0.776086  
1  0.776086  
1  0.82894  
0.966789  0.80657  
0.967574  0.803159  
0.964353  0.807625  
0.966789  0.80657  
1  0.82894  
1  0.84943  
0.988047  0.858851  
0.961641  0.859095  
0.953967  0.854304  
0.909723  0.827272  
0.915438  0.811331  
0.964353  0.807625  
0.953967  0.854304  
0.925477  0.856462  
0.898493  0.776376  
0.899939  0.776949  
0.915438  0.811331  
0.909723  0.827272  
0.89193  0.834975  
0.864877  0.835613  
0.854237  0.812303  
0.814697  0.822627  
0.833368  0.800909  
0.854237  0.812303  
0.864877  0.835613  
0.8578  0.843845  
0.839201  0.845977  
0.782249  0.832626  
0.814697  0.822627  
0.839201  0.845977  
0.813139  0.882884  
0.809978  0.883673  
0.703292  0.850888  
0.718474  0.82823  
0.77842  0.831727  
0.745459  0.880919  
0.717224  0.874594  
0.571382  0.796507  
0.593914  0.777226  
0.59932  0.775863  
0.651814  0.829508  
0.652578  0.849285  
0.628934  0.874213  
0.62563  0.876121  
0.593595  0.8754  
0.5178  0.805346  
0.530687  0.791432  
0.571382  0.796507  
0.593595  0.8754  
0.590311  0.877703  
0.52436  0.869479  
0.456529  0.835041  
0.477128  0.814453  
0.5178  0.805346  
0.52436  0.869479  
0.482695  0.896159  
0.46337  0.88868  
0.344829  0.782334  
0.382932  0.731455  
0.388149  0.729856  
0.398626  0.73664  
0.410476  0.811741  
0.382487  0.842464  
0.363543  0.845856  
0.353451  0.836975  
0.263763  0.712268  
0.382932  0.731455  
0.344829  0.782334  
0.269941  0.806633  
0.258214  0.784899  
0.130534  0.620442  
0.179818  0.609068  
0.247849  0.636377  
0.244584  0.683086  
0.185388  0.71081  
0.130915  0.688943  
0.121953  0.676929  
0.0843421  0.557643  
0.0842378  0.553253  
0.105438  0.527528  
0.16991  0.544665  
0.179818  0.609068  
0.130534  0.620442  
0.105131  0.605338  
0.0343399  0.486485  
0.0534557  0.466508  
0.0943593  0.469465  
0.110044  0.478131  
0.105438  0.527528  
0.0842378  0.553253  
0.0745855  0.548823  
0.0166138  0.510498  
0.0287017  0.488449  
0.0343399  0.486485  
0.0745855  0.548823  
0.0229485  0.541432  
0  0.483787  
0.0193767  0.483787  
0.0287017  0.488449  
0.0166138  0.510498  
0  0.510498  
0.988047  0.858851  
1  0.84943  
1  0.893508  
0.981641  0.893508  
0.961641  0.859095  
0.988047  0.858851  
0.981641  0.893508  
0.979989  0.895317  
0.956589  0.886422  
0.923823  0.865412  
0.925477  0.856462  
0.953967  0.854304  
0.961641  0.859095  
0.956589  0.886422  
0.954439  0.887139  
0.89193  0.834975  
0.909723  0.827272  
0.925477  0.856462  
0.923823  0.865412  
0.915333  0.88022  
0.893111  0.878717  
0.885621  0.869109  
0.8578  0.843845  
0.864877  0.835613  
0.89193  0.834975  
0.885621  0.869109  
0.861298  0.869638  
0.839201  0.845977  
0.8578  0.843845  
0.861298  0.869638  
0.852119  0.888882  
0.813139  0.882884  
0.77842  0.831727  
0.779287  0.831343  
0.782249  0.832626  
0.809978  0.883673  
0.790548  0.916539  
0.763739  0.905561  
0.745459  0.880919  
0.628934  0.874213  
0.652578  0.849285  
0.703292  0.850888  
0.717224  0.874594  
0.701243  0.909312  
0.697085  0.909639  
0.52436  0.869479  
0.590311  0.877703  
0.576683  0.914252  
0.486119  0.902958  
0.482695  0.896159  
0.382487  0.842464  
0.410476  0.811741  
0.456529  0.835041  
0.46337  0.88868  
0.433665  0.901034  
0.413683  0.884377  
0.269941  0.806633  
0.344829  0.782334  
0.353451  0.836975  
0.281527  0.830209  
0.270612  0.815857  
0.185388  0.71081  
0.244584  0.683086  
0.263763  0.712268  
0.258214  0.784899  
0.1901  0.791692  
0.165707  0.75514  
0.130915  0.688943  
0.185388  0.71081  
0.165707  0.75514  
0.115501  0.767537  
0.101651  0.759494  
0.0485976  0.64348  
0.105131  0.605338  
0.130534  0.620442  
0.121953  0.676929  
0.0988086  0.681748  
0.0604457  0.661983  
0.0257294  0.597188  
0.0843421  0.557643  
0.105131  0.605338  
0.0485976  0.64348  
0.0303162  0.640803  
0  0.556915  
0.0229485  0.541432  
0.0745855  0.548823  
0.0842378  0.553253  
0.0843421  0.557643  
0.0257294  0.597188  
0  0.578099  
0  0.510498  
0.0166138  0.510498  
0.0229485  0.541432  
0  0.556915  
0.979989  0.895317  
0.981641  0.893508  
1  0.893508  
1  0.930052  
0.99062  0.930052  
0.978274  0.919162  
0.954439  0.887139  
0.956589  0.886422  
0.979989  0.895317  
0.978274  0.919162  
0.942692  0.926262  
0.93596  0.911291  
0.915333  0.88022  
0.923823  0.865412  
0.954439  0.887139  
0.93596  0.911291  
0.918792  0.899108  
0.893111  0.878717  
0.915333  0.88022  
0.918792  0.899108  
0.898804  0.912411  
0.878114  0.911301  
0.869373  0.907542  
0.861298  0.869638  
0.885621  0.869109  
0.893111  0.878717  
0.869373  0.907542  
0.866606  0.907602  
0.852119  0.888882  
0.809978  0.883673  
0.813139  0.882884  
0.852119  0.888882  
0.866606  0.907602  
0.842545  0.947672  
0.839728  0.950133  
0.79492  0.931995  
0.790548  0.916539  
0.717224  0.874594  
0.745459  0.880919  
0.763739  0.905561  
0.720109  0.93203  
0.717096  0.930682  
0.701243  0.909312  
0.62563  0.876121  
0.628934  0.874213  
0.697085  0.909639  
0.666708  0.936579  
0.642301  0.926498  
0.486119  0.902958  
0.576683  0.914252  
0.573359  0.926888  
0.491729  0.916708  
0.363543  0.845856  
0.382487  0.842464  
0.413683  0.884377  
0.352696  0.891443  
0.352498  0.87117  
0.281527  0.830209  
0.353451  0.836975  
0.363543  0.845856  
0.352498  0.87117  
0.289188  0.865215  
0.1901  0.791692  
0.258214  0.784899  
0.269941  0.806633  
0.270612  0.815857  
0.211568  0.863284  
0.174208  0.824104  
0.115501  0.767537  
0.165707  0.75514  
0.1901  0.791692  
0.174208  0.824104  
0.161135  0.827332  
0.122175  0.799067  
0.0988086  0.681748  
0.121953  0.676929  
0.130915  0.688943  
0.101651  0.759494  
0.0849171  0.758091  
0.0575466  0.734417  
0.0604457  0.661983  
0.0988086  0.681748  
0.0575466  0.734417  
0.046365  0.730956  
0  0.658076  
0.0303162  0.640803  
0.0485976  0.64348  
0.0604457  0.661983  
0.046365  0.730956  
0.0405668  0.730925  
-6.93889e-18  0.707918  
0  0.578099  
0.0257294  0.597188  
0.0303162  0.640803  
0  0.658076  
0.99062  0.930052  
1  0.930052  
1  0.964959  
0.983837  0.964959  
0.982537  0.951193  
0.940092  0.933064  
0.942692  0.926262  
0.978274  0.919162  
0.99062  0.930052  
0.982537  0.951193  
0.947775  0.949522  
0.898804  0.912411  
0.918792  0.899108  
0.93596  0.911291  
0.942692  0.926262  
0.940092  0.933064  
0.911043  0.945686  
0.878114  0.911301  
0.898804  0.912411  
0.911043  0.945686  
0.907237  0.9503  
0.899173  0.950841  
0.891104  0.946617  
0.866606  0.907602  
0.869373  0.907542  
0.878114  0.911301  
0.891104  0.946617  
0.842545  0.947672  
0.720109  0.93203  
0.763739  0.905561  
0.790548  0.916539  
0.79492  0.931995  
0.77008  0.96955  
0.769612  0.969904  
0.738377  0.96718  
0.697085  0.909639  
0.701243  0.909312  
0.717096  0.930682  
0.68001  0.961259  
0.666708  0.936579  
0.576683  0.914252  
0.590311  0.877703  
0.593595  0.8754  
0.62563  0.876121  
0.642301  0.926498  
0.620039  0.968601  
0.576231  0.961912  
0.572616  0.951493  
0.573359  0.926888  
0.491729  0.916708  
0.573359  0.926888  
0.572616  0.951493  
0.49649  0.942  
0.352696  0.891443  
0.413683  0.884377  
0.433665  0.901034  
0.41852  0.923453  
0.344956  0.924152  
0.289188  0.865215  
0.352498  0.87117  
0.352696  0.891443  
0.344956  0.924152  
0.325234  0.941057  
0.317347  0.941928  
0.283879  0.906798  
0.211568  0.863284  
0.270612  0.815857  
0.281527  0.830209  
0.289188  0.865215  
0.283879  0.906798  
0.227516  0.909962  
0.208361  0.888401  
0.161135  0.827332  
0.174208  0.824104  
0.211568  0.863284  
0.208361  0.888401  
0.187359  0.893587  
0.127309  0.875184  
0.0951637  0.837279  
0.122175  0.799067  
0.161135  0.827332  
0.127309  0.875184  
0.125768  0.875744  
0.0849171  0.758091  
0.101651  0.759494  
0.115501  0.767537  
0.122175  0.799067  
0.0951637  0.837279  
0.0485902  0.829546  
0.0470319  0.828376  
0.0405668  0.730925  
0.046365  0.730956  
0.0575466  0.734417  
0.0849171  0.758091  
0.0470319  0.828376  
0.0313468  0.827824  
0  0.813033  
0  0.806185  
-6.93889e-18  0.707918  
0.0405668  0.730925  
0  0.806185  
0.983837  0.964959  
1  0.964959  
1  0.987383  
0.985275  0.987383  
0.977417  0.978212  
0.947775  0.949522  
0.982537  0.951193  
0.983837  0.964959  
0.977417  0.978212  
0.959097  0.980158  
0.948719  0.975554  
0.907237  0.9503  
0.911043  0.945686  
0.940092  0.933064  
0.947775  0.949522  
0.948719  0.975554  
0.928243  0.984451  
0.918421  0.979272  
0.899173  0.950841  
0.907237  0.9503  
0.918421  0.979272  
0.89418  0.99012  
0.876758  0.979268  
0.839728  0.950133  
0.842545  0.947672  
0.891104  0.946617  
0.899173  0.950841  
0.876758  0.979268  
0.847568  0.979902  
0.77008  0.96955  
0.79492  0.931995  
0.839728  0.950133  
0.847568  0.979902  
0.840781  1  
0.824284  1  
0.68001  0.961259  
0.717096  0.930682  
0.720109  0.93203  
0.738377  0.96718  
0.69857  1  
0.678622  1  
0.642301  0.926498  
0.666708  0.936579  
0.68001  0.961259  
0.678622  1  
0.647627  1  
0.620039  0.968601  
0.491944  0.961892  
0.49649  0.942  
0.572616  0.951493  
0.576231  0.961912  
0.563806  0.985453  
0.507739  0.978461  
0.41852  0.923453  
0.433665  0.901034  
0.46337  0.88868  
0.482695  0.896159  
0.486119  0.902958  
0.491729  0.916708  
0.49649  0.942  
0.491944  0.961892  
0.457655  0.982314  
0.42204  0.961208  
0.325234  0.941057  
0.344956  0.924152  
0.41852  0.923453  
0.42204  0.961208  
0.380782  0.996572  
0.227516  0.909962  
0.283879  0.906798  
0.317347  0.941928  
0.277385  1  
0.259412  1  
0.216841  0.959761  
0.187359  0.893587  
0.208361  0.888401  
0.227516  0.909962  
0.216841  0.959761  
0.17941  0.969003  
0.149508  0.955186  
0.125768  0.875744  
0.127309  0.875184  
0.187359  0.893587  
0.149508  0.955186  
0.106907  0.954977  
0.0891388  0.935967  
0.0485902  0.829546  
0.0951637  0.837279  
0.125768  0.875744  
0.0891388  0.935967  
0.0762112  0.93382  
0.0313468  0.827824  
0.0470319  0.828376  
0.0485902  0.829546  
0.0762112  0.93382  
0.0480084  0.93872  
0.018403  0.93846  
0.00168026  0.933299  
0  0.813033  
0.0313468  0.827824  
0.00168026  0.933299  
0  0.933299  
0.985275  0.987383  
1  0.987383  
1  1  
0.985275  1  
0.959097  0.980158  
0.977417  0.978212  
0.985275  0.987383  
0.985275  1  
0.959097  1  
0.928243  0.984451  
0.948719  0.975554  
0.959097  0.980158  
0.959097  1  
0.928243  1  
0.89418  0.99012  
0.918421  0.979272  
0.928243  0.984451  
0.928243  1  
0.89418  1  
0.847568  0.979902  
0.876758  0.979268  
0.89418  0.99012  
0.89418  1  
0.840781  1  
0.769612  0.969904  
0.77008  0.96955  
0.824284  1  
0.769612  1  
0.738377  0.96718  
0.769612  0.969904  
0.769612  1  
0.69857  1  
0.576231  0.961912  
0.620039  0.968601  
0.647627  1  
0.563806  1  
0.563806  0.985453  
0.507739  0.978461  
0.563806  0.985453  
0.563806  1  
0.507739  1  
0.457655  0.982314  
0.491944  0.961892  
0.507739  0.978461  
0.507739  1  
0.457655  1  
0.42204  0.961208  
0.457655  0.982314  
0.457655  1  
0.380782  1  
0.380782  0.996572  
0.317347  0.941928  
0.325234  0.941057  
0.380782  0.996572  
0.380782  1  
0.277385  1  
0.17941  0.969003  
0.216841  0.959761  
0.259412  1  
0.17941  1  
0.106907  0.954977  
0.149508  0.955186  
0.17941  0.969003  
0.17941  1  
0.106907  1  
0.0480084  0.93872  
0.0762112  0.93382  
0.0891388  0.935967  
0.106907  0.954977  
0.106907  1  
0.0480084  1  
0.018403  0.93846  
0.0480084  0.93872  
0.0480084  1  
0.018403  1  
0  0.933299  
0.00168026  0.933299  
0.018403  0.93846  
0.018403  1  
0  1  
# grid vertices 
659
Inf Inf 
0.948594 0.433965 
0.445437 0.737409 
0.195895 0.464366 
0.29692 0.0851705 
0.92026 0.35156 
0.0857157 0.278522 
0.0429722 0.0333482 
0.273333 0.0193285 
0.176661 0.0225059 
0.549941 0.633606 
0.18739 0.12262 
0.270302 1.01029 
-0.0531794 0.142607 
0.299598 0.353001 
0.289188 0.865215 
0.362561 0.260369 
0.697766 0.605749 
0.521026 0.679819 
0.584884 0.702936 
0.576683 0.914252 
0.352696 0.891443 
0.325234 0.941057 
0.45898 0.439496 
0.59932 0.775863 
0.734849 0.663594 
0.885621 0.869109 
0.953967 0.854304 
0.83815 1.00779 
0.838245 0.656546 
0.0604925 0.192683 
0.176451 0.107641 
0.138219 0.0378874 
0.303514 0.0799073 
0.226806 0.13853 
0.296851 0.494655 
0.312701 0.0754781 
0.369936 0.113638 
0.323668 0.160698 
0.151325 0.390838 
0.149508 0.955186 
0.110101 0.151073 
0.19298 0.328185 
0.158699 0.265339 
0.381836 0.359643 
0.032425 0.384256 
0.031645 0.429282 
0.147007 0.186649 
0.183328 0.27528 
0.0976671 0.267917 
0.176724 0.338454 
0.12401 0.217177 
0.230429 0.220323 
0.0485976 0.64348 
0.0343399 0.486485 
0.110044 0.478131 
0.456529 0.835041 
0.132061 0.46362 
0.278484 0.507932 
0.0480084 0.93872 
0.0580524 0.00892022 
0.165707 0.75514 
0.425334 0.532567 
0.121953 0.676929 
0.270027 0.56674 
0.317347 0.941928 
0.258214 0.784899 
0.319249 0.446172 
0.208361 0.888401 
0.344829 0.782334 
0.211568 0.863284 
0.410476 0.811741 
0.203334 0.469691 
0.22196 0.388374 
0.185509 0.519134 
0.282306 0.382271 
0.234867 0.449772 
0.363755 0.347989 
0.271837 0.611906 
0.16991 0.544665 
0.72657 0.66825 
0.398626 0.73664 
0.82614 0.743664 
0.574888 0.740746 
0.639928 0.7314 
0.741342 0.734184 
0.530687 0.791432 
0.477128 0.814453 
0.763622 0.764076 
0.790548 0.916539 
0.590311 0.877703 
0.861298 0.869638 
0.813139 0.882884 
0.954439 0.887139 
0.893111 0.878717 
0.947775 0.949522 
0.911043 0.945686 
0.814697 0.822627 
0.809796 0.744941 
0.852119 0.888882 
0.809978 0.883673 
0.988047 0.858851 
0.869373 0.907542 
0.962073 0.709775 
0.89193 0.834975 
0.659007 0.618312 
0.685691 0.738428 
0.823717 0.472505 
0.834347 0.738559 
0.954041 0.435101 
0.987074 0.576777 
0.388149 0.729856 
0.244584 0.683086 
0.463455 0.6458 
0.476559 0.727217 
0.537032 0.616539 
0.409081 0.644907 
0.493409 0.594469 
0.93536 0.516841 
0.396464 0.035762 
0.414093 0.246225 
0.669699 0.610716 
0.93182 0.356206 
0.400185 0.257892 
0.838293 0.442738 
0.470356 0.297759 
0.62447 0.170768 
0.630046 0.259204 
0.917635 0.230414 
0.943054 0.429955 
0.839673 0.361393 
0.0373524 0.0601438 
0.0196638 0.0790642 
0.0084789 0.106111 
0.0318192 0.227548 
0.0474617 0.116877 
-0.00863304 0.155222 
0.045469 0.123199 
0.0618492 0.1895 
0.0661342 0.195431 
0.0954951 0.150464 
0.0529518 0.0827405 
0.100427 0.0812146 
0.0373842 0.0605089 
0.0888255 0.123467 
0.0524815 0.112016 
0.0590472 0.00775224 
0.105376 0.0980605 
0.113829 0.0432526 
0.176043 0.10076 
0.136309 0.0401465 
0.218663 0.035616 
0.229558 0.145028 
0.257132 0.0268458 
0.223348 0.0341151 
0.238763 0.0403378 
0.333626 0.0223653 
0.285895 0.020266 
0.344214 0.0408967 
0.295366 0.0156999 
0.461413 0.070132 
0.419474 0.128487 
0.518936 0.263815 
0.41971 0.158779 
0.655311 0.275875 
0.404957 0.171419 
0.653559 0.168797 
0.146771 0.172092 
0.143035 0.11096 
0.268061 0.0870098 
0.325211 0.151959 
0.363828 0.188132 
0.369074 0.111971 
0.372756 0.0428738 
0.460568 0.0703583 
0.283286 0.320176 
0.36427 0.259027 
0.282414 0.256209 
0.326366 0.168698 
0.424552 0.291145 
0.468614 0.193447 
0.425275 0.344233 
0.461552 0.231989 
0.460922 0.280235 
0.623007 0.337033 
0.471561 0.24646 
0.523714 0.0783985 
0.549203 0.453953 
0.457056 0.339026 
0.473518 0.426583 
0.539454 0.315047 
0.498798 0.351863 
0.504463 0.295398 
0.164937 0.4026 
0.220838 0.38756 
0.234329 0.231432 
0.27008 0.243004 
0.385353 0.433606 
0.295311 0.419573 
0.434005 0.34594 
0.488518 0.34487 
0.104502 0.313475 
0.0894842 0.273933 
0.116255 0.394996 
0.132134 0.358486 
0.154624 0.370865 
0.106256 0.327511 
0.0509842 0.202537 
0.0549077 0.195374 
0.034776 0.318857 
0.134056 0.249352 
0.183448 0.28409 
0.115775 0.326838 
0.193158 0.327274 
0.145047 0.339547 
0.0366035 0.283174 
0.0393401 0.309554 
0.100269 0.362264 
0.0395982 0.286629 
0.0266944 0.358634 
0.0271402 0.425645 
0.0979817 0.339548 
0.0228636 0.364757 
0.0968207 0.351928 
0.100177 0.385941 
-0.00840555 0.436369 
0.0287017 0.488449 
0.0943593 0.469465 
0.0193767 0.483787 
0.0534557 0.466508 
0.0303162 0.640803 
0.0819637 0.415648 
0.0892714 0.393517 
0.105438 0.527528 
0.19399 0.437053 
0.046365 0.730956 
0.0842378 0.553253 
0.0843421 0.557643 
0.130534 0.620442 
0.105131 0.605338 
0.101651 0.759494 
-0.0149544 0.567005 
-0.0438399 0.683056 
0.0257294 0.597188 
0.0745855 0.548823 
0.0229485 0.541432 
0.0166138 0.510498 
-0.00294303 0.811645 
0.0575466 0.734417 
0.0405668 0.730925 
0.0849171 0.758091 
0.0604457 0.661983 
0.00168026 0.933299 
0.018403 0.93846 
0.0313468 0.827824 
0.0762112 0.93382 
0.0951637 0.837279 
0.0470319 0.828376 
0.0891388 0.935967 
0.187359 0.893587 
0.106907 0.954977 
0.122175 0.799067 
0.0485902 0.829546 
0.0988086 0.681748 
0.115501 0.767537 
0.161135 0.827332 
0.125768 0.875744 
0.130915 0.688943 
0.247849 0.636377 
0.227516 0.909962 
0.127309 0.875184 
0.270612 0.815857 
0.174208 0.824104 
0.269941 0.806633 
0.283879 0.906798 
0.216841 0.959761 
0.17941 0.969003 
0.380782 0.996572 
0.46337 0.88868 
0.352498 0.87117 
0.344956 0.924152 
0.42204 0.961208 
0.457655 0.982314 
0.576231 0.961912 
0.413683 0.884377 
0.433665 0.901034 
0.491729 0.916708 
0.363543 0.845856 
0.41852 0.923453 
0.49649 0.942 
0.518249 0.761195 
0.482695 0.896159 
0.382487 0.842464 
0.382932 0.731455 
0.356113 0.577282 
0.378297 0.441559 
0.394483 0.583345 
0.60664 0.524858 
0.1901 0.791692 
0.185388 0.71081 
0.277351 0.601205 
0.179818 0.609068 
0.389552 0.684198 
0.263763 0.712268 
0.353451 0.836975 
0.281527 0.830209 
0.208241 0.495768 
0.128514 0.467449 
0.136294 0.461658 
0.163005 0.418968 
0.270466 0.520746 
0.18172 0.531292 
0.246247 0.453054 
0.223895 0.38901 
0.415846 0.563954 
0.347042 0.516382 
0.383583 0.483213 
0.472632 0.426849 
0.467335 0.505329 
0.64588 0.400395 
0.497393 0.688315 
0.542889 0.736755 
0.593914 0.777226 
0.578679 0.706438 
0.629694 0.751917 
0.701453 0.782575 
0.651814 0.829508 
0.5178 0.805346 
0.675217 0.727981 
0.712675 0.787871 
0.782249 0.832626 
0.967574 0.803159 
0.703292 0.850888 
0.779287 0.831343 
0.833368 0.800909 
0.769813 0.765408 
0.864877 0.835613 
0.839201 0.845977 
0.571382 0.796507 
0.52436 0.869479 
0.668588 0.795971 
0.652578 0.849285 
0.718474 0.82823 
0.769612 0.969904 
0.77842 0.831727 
0.763739 0.905561 
0.593595 0.8754 
0.486119 0.902958 
0.573359 0.926888 
0.678015 1.01695 
0.62563 0.876121 
0.717096 0.930682 
0.507739 0.978461 
0.491944 0.961892 
0.572616 0.951493 
0.563806 0.985453 
0.642301 0.926498 
0.620039 0.968601 
0.701243 0.909312 
0.738377 0.96718 
0.666708 0.936579 
0.672355 1.02814 
0.842545 0.947672 
0.77008 0.96955 
0.717224 0.874594 
0.628934 0.874213 
0.68001 0.961259 
0.697085 0.909639 
0.745459 0.880919 
0.720109 0.93203 
0.866606 0.907602 
0.79492 0.931995 
0.876758 0.979268 
0.839728 0.950133 
0.878114 0.911301 
0.948719 0.975554 
0.918792 0.899108 
0.928243 0.984451 
0.891104 0.946617 
0.847568 0.979902 
0.899173 0.950841 
0.89418 0.99012 
0.918421 0.979272 
0.959097 0.980158 
0.977417 0.978212 
0.985275 0.987383 
0.907237 0.9503 
0.940092 0.933064 
0.978274 0.919162 
0.982537 0.951193 
0.99062 0.930052 
0.983837 0.964959 
0.979989 0.895317 
0.942692 0.926262 
0.990278 0.776086 
0.923823 0.865412 
0.981641 0.893508 
0.8578 0.843845 
0.854237 0.812303 
0.915333 0.88022 
0.898804 0.912411 
0.93596 0.911291 
0.925477 0.856462 
0.961641 0.859095 
0.956589 0.886422 
0.898493 0.776376 
0.915438 0.811331 
0.856509 0.74224 
0.898887 0.708964 
0.899467 0.707644 
0.944172 0.746488 
0.899939 0.776949 
0.9357 0.748869 
0.909723 0.827272 
0.964353 0.807625 
0.966789 0.80657 
1.01402 0.838382 
0.961915 0.709005 
0.962185 0.730537 
0.974313 0.737424 
0.99115 0.520051 
0.901498 0.664925 
0.969744 0.684357 
0.741076 0.609236 
0.831659 0.459422 
0.931736 0.533243 
0.82932 0.491499 
0.924196 0.495324 
0.826487 0.466194 
0.931144 0.615942 
0.962592 0.694753 
0.896526 0.655059 
0.972815 0.640754 
0.931803 0.531261 
0.953373 0.617132 
0.972186 0.499571 
0.975883 0.55847 
0.645812 0.671468 
0.663995 0.726971 
0.743295 0.652439 
0.666763 0.66874 
0.737484 0.605673 
0.901863 0.569016 
0.634194 0.664588 
0.547794 0.702586 
0.587845 0.640643 
0.619122 0.712782 
0.621415 0.664538 
0.643023 0.730139 
0.65809 0.62515 
0.667262 0.668365 
0.494337 0.596443 
0.49399 0.514047 
0.511757 0.53601 
0.513688 0.428256 
0.585182 0.635664 
0.567424 0.540087 
0.60074 0.618085 
0.606848 0.526045 
0.720816 0.507981 
0.61993 0.500892 
0.853677 0.564323 
0.749186 0.635605 
0.839555 0.55149 
0.848004 0.650333 
0.721117 0.389455 
0.515059 0.174847 
0.69887 0.494923 
0.617746 0.353358 
0.716821 0.400258 
0.621862 0.496361 
0.526772 0.354395 
0.570592 0.45649 
0.516934 0.285964 
0.555152 0.236366 
0.538374 0.366961 
0.585115 0.306139 
0.624679 0.495066 
0.583792 0.374032 
0.559698 0.211555 
0.727803 0.235505 
0.602083 0.191456 
0.575205 0.262263 
0.549729 0.0660624 
0.564624 0.0469891 
0.676682 0.224821 
0.661639 0.310398 
0.700211 0.128176 
0.752239 0.298257 
0.714259 0.321396 
0.695903 0.0216654 
0.813286 0.299348 
0.83547 0.0674043 
0.919407 0.229583 
0.824152 0.203117 
0.67295 0.0576197 
0.784314 0.0401428 
0.757841 0.140221 
0.810555 0.0710633 
0.717446 0.403131 
0.834734 0.380565 
0.769439 0.162625 
0.875483 0.0731131 
0.971106 0.266898 
0.986486 0.463606 
0.972771 0.343736 
1.03395 0.365423 
0.847551 0.239369 
0.886597 0.0601577 
0.887132 0.0971063 
1.09749 0.11432 
0.956102 0.161706 
0.958895 0.0309961 
3.22286 0.11432 
0.958895 -2.03938 
0.886597 -1.93965 
0.83547 -1.89424 
0.784314 -1.91472 
0.695903 -1.90944 
0.564624 -1.82482 
0.461413 -1.77568 
0.396464 -1.85409 
0.333626 -1.89763 
0.295366 -1.92427 
0.273333 -1.92632 
0.257132 -1.91921 
0.223348 -1.92193 
0.176661 -1.96838 
0.138219 -1.96321 
0.0590472 -2.06733 
2.91094 0.266898 
-2.01683 0.00892022 
2.99882 0.365423 
-2.02442 0.0333482 
2.88855 0.463606 
-2.01523 0.0601438 
2.89692 0.520051 
-2.03323 0.0790642 
2.89438 0.576777 
-2.12598 0.142607 
2.88035 0.640754 
-1.92408 0.227548 
2.88858 0.684357 
-1.88922 0.283174 
2.88375 0.709775 
-1.87868 0.318857 
2.91894 0.737424 
-1.88728 0.364757 
2.96716 0.776086 
-1.93499 0.436369 
3.04363 0.838382 
-1.87573 0.483787 
3.01781 0.893508 
-1.8811 0.510498 
3.05725 0.930052 
-1.94846 0.567005 
3.06908 0.964959 
-2.03188 0.683056 
3.08726 0.987383 
-2.00883 0.811645 
0.985275 3.08937 
0.959097 3.05869 
0.928243 3.04526 
0.89418 3.0333 
0.83815 3.03208 
0.769612 2.92587 
0.672355 2.99791 
0.563806 2.8893 
0.507739 2.8712 
0.457655 2.8807 
0.380782 2.92147 
0.270302 2.98411 
0.17941 2.95132 
0.106907 2.97046 
0.0480084 2.98283 
0.018403 3.00397 
-2.07289 0.933299 
1 0 
0.958895 0 
1 0.0557085 
0.886597 0 
0.83547 0 
0.784314 0 
0.695903 0 
0.564624 0 
0.461413 0 
0.396464 0 
0.333626 0 
0.295366 0 
0.273333 0 
0.257132 0 
0.223348 0 
0.176661 0 
0.138219 0 
0.0590472 0 
0 0 
0 0.00892022 
1 0.146994 
1 0.266898 
1 0.0557085 
0 0.0333482 
1 0.353388 
0 0.0601438 
1 0.395028 
1 0.463606 
0 0.0790642 
1 0.520051 
0 0.150112 
0 0.160677 
0 0.111129 
1 0.576777 
0 0.227548 
1 0.640754 
0 0.283174 
1 0.684357 
0 0.318857 
1 0.709775 
0 0.364757 
1 0.737424 
0 0.433833 
1 0.776086 
0 0.450715 
0 0.483787 
1 0.82894 
1 0.84943 
0 0.510498 
1 0.893508 
0 0.556915 
0 0.578099 
1 0.930052 
0 0.658076 
-6.93889e-18 0.707918 
1 0.964959 
0 0.806185 
0 0.813033 
1 0.987383 
0.824284 1 
0.840781 1 
0.678622 1 
0.69857 1 
0.647627 1 
0.259412 1 
0.277385 1 
0 0.933299 
0.985275 1 
1 1 
0.959097 1 
0.928243 1 
0.89418 1 
0.769612 1 
0.563806 1 
0.507739 1 
0.457655 1 
0.380782 1 
0.17941 1 
0.106907 1 
0.0480084 1 
0.018403 1 
0 1 
