# Date: 8/4/2013   Time: 9:51
# dimensions 
1 1 
# connectivity 
16
4 1 2 3 4 1 1 
4 5 6 7 8 1 1 
4 9 10 11 12 1 1 
4 13 14 15 16 1 1 
4 17 18 19 20 1 1 
4 21 22 23 24 1 1 
4 25 26 27 28 1 1 
4 29 30 31 32 1 1 
4 33 34 35 36 1 1 
4 37 38 39 40 1 1 
4 41 42 43 44 1 1 
4 45 46 47 48 1 1 
4 49 50 51 52 1 1 
4 53 54 55 56 1 1 
4 57 58 59 60 1 1 
4 61 62 63 64 1 1 
# DG vertices (counter-clockwise) 
64
 1 0 
 1 0.257067 
 0.779031 0.270238 
 0.841473 0 
 1 0.257067 
 1 0.638063 
 0.66429 0.620868 
 0.779031 0.270238 
 1 0.638063 
 1 0.781311 
 0.737324 0.865788 
 0.66429 0.620868 
 1 0.781311 
 1 1 
 0.621238 1 
 0.737324 0.865788 
 0.841473 0 
 0.779031 0.270238 
 0.506707 0.339012 
 0.603108 0 
 0.779031 0.270238 
 0.66429 0.620868 
 0.429971 0.608866 
 0.506707 0.339012 
 0.66429 0.620868 
 0.737324 0.865788 
 0.41878 0.824466 
 0.429971 0.608866 
 0.737324 0.865788 
 0.621238 1 
 0.409668 1 
 0.41878 0.824466 
 0.603108 0 
 0.506707 0.339012 
 0.215875 0.286062 
 0.299629 0 
 0.506707 0.339012 
 0.429971 0.608866 
 0.22686 0.491072 
 0.215875 0.286062 
 0.429971 0.608866 
 0.41878 0.824466 
 0.189824 0.776977 
 0.22686 0.491072 
 0.41878 0.824466 
 0.409668 1 
 0.258831 1 
 0.189824 0.776977 
 0.299629 0 
 0.215875 0.286062 
 0 0.171338 
 0 0 
 0.215875 0.286062 
 0.22686 0.491072 
 0 0.359504 
 0 0.171338 
 0.22686 0.491072 
 0.189824 0.776977 
 0 0.741233 
 0 0.359504 
 0.189824 0.776977 
 0.258831 1 
 0 1 
 0 0.741233 
# grid vertices (counter-clockwise) 
25
1 0 
1 0.257067 
1 0.638063 
1 0.781311 
1 1 
0.841473 0 
0.779031 0.270238 
0.66429 0.620868 
0.737324 0.865788 
0.621238 1 
0.603108 0 
0.506707 0.339012 
0.429971 0.608866 
0.41878 0.824466 
0.409668 1 
0.299629 0 
0.215875 0.286062 
0.22686 0.491072 
0.189824 0.776977 
0.258831 1 
0 0 
0 0.171338 
0 0.359504 
0 0.741233 
0 1 
