# Date: 8/2/2013   Time: 23:3
# dimensions 
1 1 
# connectivity 
289
4  1  2  3  4    1 1 
4  5  6  7  8    1 1 
4  9  10  11  12    1 1 
5  13  14  15  16  17    1 1 
4  18  19  20  21    1 1 
4  22  23  24  25    1 1 
3  26  27  28    1 1 
4  29  30  31  32    1 1 
4  33  34  35  36    1 1 
5  37  38  39  40  41    1 1 
5  42  43  44  45  46    1 1 
7  47  48  49  50  51  52  53    1 1 
5  54  55  56  57  58    1 1 
3  59  60  61    1 1 
4  62  63  64  65    1 1 
4  66  67  68  69    1 1 
4  70  71  72  73    1 1 
5  74  75  76  77  78    1 1 
5  79  80  81  82  83    1 1 
7  84  85  86  87  88  89  90    1 1 
7  91  92  93  94  95  96  97    1 1 
7  98  99  100  101  102  103  104    1 1 
6  105  106  107  108  109  110    1 1 
6  111  112  113  114  115  116    1 1 
8  117  118  119  120  121  122  123  124    1 1 
5  125  126  127  128  129    1 1 
5  130  131  132  133  134    1 1 
6  135  136  137  138  139  140    1 1 
8  141  142  143  144  145  146  147  148    1 1 
5  149  150  151  152  153    1 1 
4  154  155  156  157    1 1 
6  158  159  160  161  162  163    1 1 
7  164  165  166  167  168  169  170    1 1 
4  171  172  173  174    1 1 
4  175  176  177  178    1 1 
5  179  180  181  182  183    1 1 
4  184  185  186  187    1 1 
7  188  189  190  191  192  193  194    1 1 
6  195  196  197  198  199  200    1 1 
7  201  202  203  204  205  206  207    1 1 
3  208  209  210    1 1 
7  211  212  213  214  215  216  217    1 1 
6  218  219  220  221  222  223    1 1 
5  224  225  226  227  228    1 1 
6  229  230  231  232  233  234    1 1 
5  235  236  237  238  239    1 1 
5  240  241  242  243  244    1 1 
6  245  246  247  248  249  250    1 1 
8  251  252  253  254  255  256  257  258    1 1 
6  259  260  261  262  263  264    1 1 
5  265  266  267  268  269    1 1 
3  270  271  272    1 1 
5  273  274  275  276  277    1 1 
6  278  279  280  281  282  283    1 1 
4  284  285  286  287    1 1 
8  288  289  290  291  292  293  294  295    1 1 
5  296  297  298  299  300    1 1 
5  301  302  303  304  305    1 1 
7  306  307  308  309  310  311  312    1 1 
4  313  314  315  316    1 1 
6  317  318  319  320  321  322    1 1 
7  323  324  325  326  327  328  329    1 1 
3  330  331  332    1 1 
5  333  334  335  336  337    1 1 
8  338  339  340  341  342  343  344  345    1 1 
7  346  347  348  349  350  351  352    1 1 
7  353  354  355  356  357  358  359    1 1 
5  360  361  362  363  364    1 1 
4  365  366  367  368    1 1 
10  369  370  371  372  373  374  375  376  377  378    1 1 
5  379  380  381  382  383    1 1 
9  384  385  386  387  388  389  390  391  392    1 1 
6  393  394  395  396  397  398    1 1 
6  399  400  401  402  403  404    1 1 
7  405  406  407  408  409  410  411    1 1 
8  412  413  414  415  416  417  418  419    1 1 
5  420  421  422  423  424    1 1 
5  425  426  427  428  429    1 1 
6  430  431  432  433  434  435    1 1 
6  436  437  438  439  440  441    1 1 
7  442  443  444  445  446  447  448    1 1 
5  449  450  451  452  453    1 1 
9  454  455  456  457  458  459  460  461  462    1 1 
5  463  464  465  466  467    1 1 
5  468  469  470  471  472    1 1 
5  473  474  475  476  477    1 1 
7  478  479  480  481  482  483  484    1 1 
7  485  486  487  488  489  490  491    1 1 
5  492  493  494  495  496    1 1 
4  497  498  499  500    1 1 
5  501  502  503  504  505    1 1 
5  506  507  508  509  510    1 1 
7  511  512  513  514  515  516  517    1 1 
3  518  519  520    1 1 
5  521  522  523  524  525    1 1 
7  526  527  528  529  530  531  532    1 1 
7  533  534  535  536  537  538  539    1 1 
5  540  541  542  543  544    1 1 
5  545  546  547  548  549    1 1 
7  550  551  552  553  554  555  556    1 1 
4  557  558  559  560    1 1 
4  561  562  563  564    1 1 
4  565  566  567  568    1 1 
6  569  570  571  572  573  574    1 1 
3  575  576  577    1 1 
6  578  579  580  581  582  583    1 1 
4  584  585  586  587    1 1 
9  588  589  590  591  592  593  594  595  596    1 1 
4  597  598  599  600    1 1 
9  601  602  603  604  605  606  607  608  609    1 1 
6  610  611  612  613  614  615    1 1 
7  616  617  618  619  620  621  622    1 1 
5  623  624  625  626  627    1 1 
6  628  629  630  631  632  633    1 1 
5  634  635  636  637  638    1 1 
7  639  640  641  642  643  644  645    1 1 
6  646  647  648  649  650  651    1 1 
10  652  653  654  655  656  657  658  659  660  661    1 1 
4  662  663  664  665    1 1 
5  666  667  668  669  670    1 1 
5  671  672  673  674  675    1 1 
5  676  677  678  679  680    1 1 
6  681  682  683  684  685  686    1 1 
6  687  688  689  690  691  692    1 1 
5  693  694  695  696  697    1 1 
5  698  699  700  701  702    1 1 
8  703  704  705  706  707  708  709  710    1 1 
5  711  712  713  714  715    1 1 
4  716  717  718  719    1 1 
5  720  721  722  723  724    1 1 
5  725  726  727  728  729    1 1 
5  730  731  732  733  734    1 1 
5  735  736  737  738  739    1 1 
5  740  741  742  743  744    1 1 
7  745  746  747  748  749  750  751    1 1 
5  752  753  754  755  756    1 1 
5  757  758  759  760  761    1 1 
7  762  763  764  765  766  767  768    1 1 
8  769  770  771  772  773  774  775  776    1 1 
6  777  778  779  780  781  782    1 1 
7  783  784  785  786  787  788  789    1 1 
7  790  791  792  793  794  795  796    1 1 
8  797  798  799  800  801  802  803  804    1 1 
6  805  806  807  808  809  810    1 1 
4  811  812  813  814    1 1 
7  815  816  817  818  819  820  821    1 1 
5  822  823  824  825  826    1 1 
7  827  828  829  830  831  832  833    1 1 
5  834  835  836  837  838    1 1 
4  839  840  841  842    1 1 
6  843  844  845  846  847  848    1 1 
5  849  850  851  852  853    1 1 
4  854  855  856  857    1 1 
5  858  859  860  861  862    1 1 
8  863  864  865  866  867  868  869  870    1 1 
5  871  872  873  874  875    1 1 
6  876  877  878  879  880  881    1 1 
7  882  883  884  885  886  887  888    1 1 
3  889  890  891    1 1 
6  892  893  894  895  896  897    1 1 
6  898  899  900  901  902  903    1 1 
5  904  905  906  907  908    1 1 
7  909  910  911  912  913  914  915    1 1 
6  916  917  918  919  920  921    1 1 
4  922  923  924  925    1 1 
5  926  927  928  929  930    1 1 
5  931  932  933  934  935    1 1 
7  936  937  938  939  940  941  942    1 1 
6  943  944  945  946  947  948    1 1 
5  949  950  951  952  953    1 1 
3  954  955  956    1 1 
4  957  958  959  960    1 1 
5  961  962  963  964  965    1 1 
5  966  967  968  969  970    1 1 
8  971  972  973  974  975  976  977  978    1 1 
4  979  980  981  982    1 1 
6  983  984  985  986  987  988    1 1 
9  989  990  991  992  993  994  995  996  997    1 1 
7  998  999  1000  1001  1002  1003  1004    1 1 
7  1005  1006  1007  1008  1009  1010  1011    1 1 
5  1012  1013  1014  1015  1016    1 1 
7  1017  1018  1019  1020  1021  1022  1023    1 1 
7  1024  1025  1026  1027  1028  1029  1030    1 1 
6  1031  1032  1033  1034  1035  1036    1 1 
6  1037  1038  1039  1040  1041  1042    1 1 
8  1043  1044  1045  1046  1047  1048  1049  1050    1 1 
7  1051  1052  1053  1054  1055  1056  1057    1 1 
4  1058  1059  1060  1061    1 1 
6  1062  1063  1064  1065  1066  1067    1 1 
7  1068  1069  1070  1071  1072  1073  1074    1 1 
4  1075  1076  1077  1078    1 1 
5  1079  1080  1081  1082  1083    1 1 
7  1084  1085  1086  1087  1088  1089  1090    1 1 
9  1091  1092  1093  1094  1095  1096  1097  1098  1099    1 1 
9  1100  1101  1102  1103  1104  1105  1106  1107  1108    1 1 
5  1109  1110  1111  1112  1113    1 1 
6  1114  1115  1116  1117  1118  1119    1 1 
8  1120  1121  1122  1123  1124  1125  1126  1127    1 1 
6  1128  1129  1130  1131  1132  1133    1 1 
5  1134  1135  1136  1137  1138    1 1 
5  1139  1140  1141  1142  1143    1 1 
6  1144  1145  1146  1147  1148  1149    1 1 
6  1150  1151  1152  1153  1154  1155    1 1 
4  1156  1157  1158  1159    1 1 
5  1160  1161  1162  1163  1164    1 1 
4  1165  1166  1167  1168    1 1 
4  1169  1170  1171  1172    1 1 
5  1173  1174  1175  1176  1177    1 1 
4  1178  1179  1180  1181    1 1 
8  1182  1183  1184  1185  1186  1187  1188  1189    1 1 
4  1190  1191  1192  1193    1 1 
4  1194  1195  1196  1197    1 1 
5  1198  1199  1200  1201  1202    1 1 
7  1203  1204  1205  1206  1207  1208  1209    1 1 
3  1210  1211  1212    1 1 
7  1213  1214  1215  1216  1217  1218  1219    1 1 
8  1220  1221  1222  1223  1224  1225  1226  1227    1 1 
5  1228  1229  1230  1231  1232    1 1 
4  1233  1234  1235  1236    1 1 
7  1237  1238  1239  1240  1241  1242  1243    1 1 
5  1244  1245  1246  1247  1248    1 1 
4  1249  1250  1251  1252    1 1 
5  1253  1254  1255  1256  1257    1 1 
6  1258  1259  1260  1261  1262  1263    1 1 
4  1264  1265  1266  1267    1 1 
6  1268  1269  1270  1271  1272  1273    1 1 
8  1274  1275  1276  1277  1278  1279  1280  1281    1 1 
6  1282  1283  1284  1285  1286  1287    1 1 
7  1288  1289  1290  1291  1292  1293  1294    1 1 
7  1295  1296  1297  1298  1299  1300  1301    1 1 
7  1302  1303  1304  1305  1306  1307  1308    1 1 
6  1309  1310  1311  1312  1313  1314    1 1 
4  1315  1316  1317  1318    1 1 
12  1319  1320  1321  1322  1323  1324  1325  1326  1327  1328  1329  1330    1 1 
9  1331  1332  1333  1334  1335  1336  1337  1338  1339    1 1 
5  1340  1341  1342  1343  1344    1 1 
6  1345  1346  1347  1348  1349  1350    1 1 
4  1351  1352  1353  1354    1 1 
4  1355  1356  1357  1358    1 1 
4  1359  1360  1361  1362    1 1 
7  1363  1364  1365  1366  1367  1368  1369    1 1 
4  1370  1371  1372  1373    1 1 
8  1374  1375  1376  1377  1378  1379  1380  1381    1 1 
5  1382  1383  1384  1385  1386    1 1 
5  1387  1388  1389  1390  1391    1 1 
5  1392  1393  1394  1395  1396    1 1 
6  1397  1398  1399  1400  1401  1402    1 1 
8  1403  1404  1405  1406  1407  1408  1409  1410    1 1 
5  1411  1412  1413  1414  1415    1 1 
6  1416  1417  1418  1419  1420  1421    1 1 
4  1422  1423  1424  1425    1 1 
8  1426  1427  1428  1429  1430  1431  1432  1433    1 1 
6  1434  1435  1436  1437  1438  1439    1 1 
7  1440  1441  1442  1443  1444  1445  1446    1 1 
5  1447  1448  1449  1450  1451    1 1 
4  1452  1453  1454  1455    1 1 
8  1456  1457  1458  1459  1460  1461  1462  1463    1 1 
5  1464  1465  1466  1467  1468    1 1 
7  1469  1470  1471  1472  1473  1474  1475    1 1 
6  1476  1477  1478  1479  1480  1481    1 1 
8  1482  1483  1484  1485  1486  1487  1488  1489    1 1 
7  1490  1491  1492  1493  1494  1495  1496    1 1 
5  1497  1498  1499  1500  1501    1 1 
6  1502  1503  1504  1505  1506  1507    1 1 
6  1508  1509  1510  1511  1512  1513    1 1 
5  1514  1515  1516  1517  1518    1 1 
7  1519  1520  1521  1522  1523  1524  1525    1 1 
6  1526  1527  1528  1529  1530  1531    1 1 
5  1532  1533  1534  1535  1536    1 1 
5  1537  1538  1539  1540  1541    1 1 
5  1542  1543  1544  1545  1546    1 1 
4  1547  1548  1549  1550    1 1 
4  1551  1552  1553  1554    1 1 
4  1555  1556  1557  1558    1 1 
4  1559  1560  1561  1562    1 1 
5  1563  1564  1565  1566  1567    1 1 
5  1568  1569  1570  1571  1572    1 1 
4  1573  1574  1575  1576    1 1 
5  1577  1578  1579  1580  1581    1 1 
4  1582  1583  1584  1585    1 1 
5  1586  1587  1588  1589  1590    1 1 
5  1591  1592  1593  1594  1595    1 1 
4  1596  1597  1598  1599    1 1 
7  1600  1601  1602  1603  1604  1605  1606    1 1 
3  1607  1608  1609    1 1 
5  1610  1611  1612  1613  1614    1 1 
4  1615  1616  1617  1618    1 1 
4  1619  1620  1621  1622    1 1 
5  1623  1624  1625  1626  1627    1 1 
# DG vertices (counter-clockwise) 
1627
0.999484  0  
1  0  
1  0.00502382  
0.999484  0.00489214  
0.998475  0  
0.999484  0  
0.999484  0.00489214  
0.998475  0.00474508  
0.988747  0  
0.998475  0  
0.998475  0.00474508  
0.988747  0.00434438  
0.978333  0  
0.988747  0  
0.988747  0.00434438  
0.983692  0.0140333  
0.978333  0.0112286  
0.971594  0  
0.978333  0  
0.978333  0.0112286  
0.973397  0.00927092  
0.936329  0.00213787  
0.935795  0  
0.950358  0  
0.944853  0.008819  
0.927136  0  
0.931254  0  
0.927136  0.00268158  
0.925019  0  
0.927136  0  
0.927136  0.00268158  
0.925019  0.00494245  
0.919829  0  
0.925019  0  
0.925019  0.00494245  
0.922925  0.00910982  
0.86991  0.00168416  
0.868394  0  
0.89479  0  
0.89264  0.00302907  
0.882557  0.00909986  
0.808607  0  
0.839116  0  
0.838589  0.00109425  
0.823594  0.0136592  
0.808607  0.0170315  
0.785922  0.00619664  
0.785922  0  
0.808607  0  
0.808607  0.0170315  
0.805626  0.0181766  
0.796532  0.0172619  
0.792176  0.0145525  
0.74218  0  
0.785922  0  
0.785922  0.00619664  
0.759356  0.0157354  
0.747995  0.00732906  
0.360947  0  
0.422567  0  
0.408171  0.0256576  
0.28669  0  
0.344177  0  
0.328826  0.0560489  
0.28669  0.0486788  
0.215735  0  
0.28669  0  
0.28669  0.0486788  
0.235567  0.0653312  
0  0  
0.0588974  0  
0.0566602  0.00200654  
0  0.00200654  
0.982337  0.0330797  
1  0.0279457  
1  0.0426598  
0.987495  0.0426598  
0.980448  0.0389418  
0.984554  0.0166497  
1  0.016741  
1  0.0279457  
0.982337  0.0330797  
0.98274  0.0259235  
0.988747  0.00434438  
0.998475  0.00474508  
0.999484  0.00489214  
1  0.00502382  
1  0.016741  
0.984554  0.0166497  
0.983692  0.0140333  
0.979393  0.0394642  
0.980448  0.0389418  
0.987495  0.0426598  
0.994811  0.059603  
0.990405  0.065162  
0.965526  0.0675868  
0.964905  0.0663387  
0.970566  0.00984363  
0.973397  0.00927092  
0.978333  0.0112286  
0.983692  0.0140333  
0.984554  0.0166497  
0.98274  0.0259235  
0.963952  0.0184718  
0.958632  0.00076723  
0.958332  0  
0.971594  0  
0.973397  0.00927092  
0.970566  0.00984363  
0.965502  0.00791017  
0.950358  0  
0.958332  0  
0.958632  0.00076723  
0.954898  0.0145674  
0.946478  0.0268492  
0.944853  0.008819  
0.925019  0.00494245  
0.927136  0.00268158  
0.931254  0  
0.935795  0  
0.936329  0.00213787  
0.925865  0.013317  
0.922759  0.0115315  
0.922925  0.00910982  
0.905487  0  
0.919829  0  
0.922925  0.00910982  
0.922759  0.0115315  
0.909902  0.0129931  
0.792176  0.0145525  
0.796532  0.0172619  
0.792375  0.0447744  
0.783726  0.0416369  
0.773485  0.0358228  
0.759356  0.0157354  
0.785922  0.00619664  
0.792176  0.0145525  
0.773485  0.0358228  
0.766033  0.0368585  
0.76112  0.0347361  
0.747995  0.00732906  
0.759356  0.0157354  
0.76112  0.0347361  
0.752847  0.0399615  
0.747594  0.0420659  
0.744968  0.0419339  
0.739281  0.0357596  
0.739054  0.0312185  
0.721469  0.00905742  
0.722374  0  
0.74218  0  
0.747995  0.00732906  
0.739054  0.0312185  
0.645189  0  
0.722374  0  
0.721469  0.00905742  
0.715249  0.0319827  
0.344177  0  
0.360947  0  
0.408171  0.0256576  
0.387531  0.101021  
0.381341  0.102423  
0.328826  0.0560489  
0.104242  0  
0.215735  0  
0.235567  0.0653312  
0.223423  0.0833908  
0.175672  0.105145  
0.130889  0.0922515  
0.127432  0.0870973  
0  0.00200654  
0.0566602  0.00200654  
0.0247029  0.0327792  
0  0.0327792  
0.987495  0.0426598  
1  0.0426598  
1  0.0604046  
0.994811  0.059603  
0.990405  0.065162  
0.994811  0.059603  
1  0.0604046  
1  0.0793387  
0.996643  0.0788201  
0.980694  0.0849798  
0.996643  0.0788201  
1  0.0793387  
1  0.109602  
0.965526  0.0675868  
0.990405  0.065162  
0.996643  0.0788201  
0.980694  0.0849798  
0.97054  0.0828957  
0.968919  0.0817031  
0.96729  0.0790536  
0.949438  0.0275834  
0.963952  0.0184718  
0.98274  0.0259235  
0.982337  0.0330797  
0.980448  0.0389418  
0.979393  0.0394642  
0.954898  0.0145674  
0.965502  0.00791017  
0.970566  0.00984363  
0.963952  0.0184718  
0.949438  0.0275834  
0.946404  0.0273198  
0.946478  0.0268492  
0.958632  0.00076723  
0.965502  0.00791017  
0.954898  0.0145674  
0.925865  0.013317  
0.936329  0.00213787  
0.944853  0.008819  
0.946478  0.0268492  
0.946404  0.0273198  
0.944117  0.0288508  
0.937254  0.0276602  
0.89264  0.00302907  
0.89479  0  
0.905487  0  
0.909902  0.0129931  
0.904199  0.0222194  
0.898584  0.0205199  
0.852117  0  
0.868394  0  
0.86991  0.00168416  
0.871968  0.0232377  
0.862969  0.0223348  
0.704074  0.0542604  
0.710884  0.0454126  
0.737526  0.049172  
0.735564  0.0585835  
0.709944  0.0734164  
0.707685  0.0682275  
0.715298  0.0323754  
0.739281  0.0357596  
0.744968  0.0419339  
0.737526  0.049172  
0.710884  0.0454126  
0.721469  0.00905742  
0.739054  0.0312185  
0.739281  0.0357596  
0.715298  0.0323754  
0.715249  0.0319827  
0.48992  0  
0.61745  0  
0.617588  0.0114522  
0.616937  0.0133489  
0.584948  0.0859582  
0.492562  0.0840238  
0.408171  0.0256576  
0.422567  0  
0.48992  0  
0.492562  0.0840238  
0.481366  0.094118  
0.466115  0.101657  
0.434365  0.112101  
0.387531  0.101021  
0.0247029  0.0327792  
0.0566602  0.00200654  
0.0588974  0  
0.104242  0  
0.127432  0.0870973  
0.0276097  0.083753  
0  0.0327792  
0.0247029  0.0327792  
0.0276097  0.083753  
0.0255903  0.0858446  
0  0.0858446  
1  0.155476  
1  0.193645  
0.994517  0.176689  
0.994517  0.176689  
1  0.193645  
1  0.197991  
0.991773  0.199867  
0.977484  0.198681  
0.97054  0.0828957  
0.980694  0.0849798  
1  0.109602  
1  0.138506  
0.99592  0.138742  
0.976089  0.11345  
0.968919  0.0817031  
0.97054  0.0828957  
0.976089  0.11345  
0.954107  0.105979  
0.944503  0.0445467  
0.944117  0.0288508  
0.946404  0.0273198  
0.949438  0.0275834  
0.979393  0.0394642  
0.964905  0.0663387  
0.956434  0.062979  
0.950868  0.0597893  
0.926862  0.0520719  
0.944503  0.0445467  
0.950868  0.0597893  
0.93007  0.0682818  
0.927832  0.0683279  
0.937254  0.0276602  
0.944117  0.0288508  
0.944503  0.0445467  
0.926862  0.0520719  
0.91136  0.0392065  
0.904199  0.0222194  
0.909902  0.0129931  
0.922759  0.0115315  
0.925865  0.013317  
0.937254  0.0276602  
0.91136  0.0392065  
0.909161  0.0392916  
0.882557  0.00909986  
0.89264  0.00302907  
0.898584  0.0205199  
0.886317  0.0201653  
0.805626  0.0181766  
0.808607  0.0170315  
0.823594  0.0136592  
0.824694  0.0197751  
0.824571  0.0473695  
0.815204  0.0498911  
0.796532  0.0172619  
0.805626  0.0181766  
0.815204  0.0498911  
0.81196  0.0527025  
0.801448  0.059967  
0.800239  0.0587709  
0.792375  0.0447744  
0.669396  0.0641411  
0.688864  0.0690663  
0.675202  0.0743477  
0.638613  0.0253473  
0.704074  0.0542604  
0.707685  0.0682275  
0.688864  0.0690663  
0.669396  0.0641411  
0.617588  0.0114522  
0.61745  0  
0.645189  0  
0.715249  0.0319827  
0.715298  0.0323754  
0.710884  0.0454126  
0.704074  0.0542604  
0.638613  0.0253473  
0.223423  0.0833908  
0.235567  0.0653312  
0.28669  0.0486788  
0.328826  0.0560489  
0.381341  0.102423  
0.363061  0.128285  
0.297188  0.163043  
0.0255903  0.0858446  
0.0276097  0.083753  
0.127432  0.0870973  
0.130889  0.0922515  
0.0834037  0.155187  
0.0533321  0.152535  
0.0250716  0.148245  
0  0.0858446  
0.0255903  0.0858446  
0.0250716  0.148245  
0.0118187  0.154479  
0  0.154479  
0.991773  0.199867  
1  0.197991  
1  0.224608  
0.998693  0.224608  
0.961745  0.153783  
0.970771  0.148915  
0.99592  0.138742  
1  0.138506  
1  0.155476  
0.994517  0.176689  
0.977484  0.198681  
0.968166  0.199886  
0.960503  0.187073  
0.958683  0.175861  
0.952861  0.106483  
0.954107  0.105979  
0.976089  0.11345  
0.99592  0.138742  
0.970771  0.148915  
0.946633  0.0875022  
0.949717  0.0861622  
0.96729  0.0790536  
0.968919  0.0817031  
0.954107  0.105979  
0.952861  0.106483  
0.934615  0.107817  
0.930342  0.105657  
0.935228  0.098841  
0.956434  0.062979  
0.964905  0.0663387  
0.965526  0.0675868  
0.96729  0.0790536  
0.949717  0.0861622  
0.944403  0.0764018  
0.93007  0.0682818  
0.950868  0.0597893  
0.956434  0.062979  
0.944403  0.0764018  
0.941897  0.0788044  
0.937593  0.0776235  
0.898191  0.0536852  
0.897172  0.0526684  
0.909161  0.0392916  
0.91136  0.0392065  
0.926862  0.0520719  
0.927832  0.0683279  
0.923391  0.0707456  
0.878465  0.0289257  
0.886317  0.0201653  
0.898584  0.0205199  
0.904199  0.0222194  
0.909161  0.0392916  
0.897172  0.0526684  
0.892009  0.0536808  
0.877197  0.0486199  
0.86991  0.00168416  
0.882557  0.00909986  
0.886317  0.0201653  
0.878465  0.0289257  
0.871968  0.0232377  
0.838589  0.00109425  
0.839116  0  
0.852117  0  
0.862969  0.0223348  
0.850208  0.0403107  
0.824694  0.0197751  
0.823594  0.0136592  
0.838589  0.00109425  
0.850208  0.0403107  
0.850245  0.0505602  
0.849916  0.0504893  
0.675202  0.0743477  
0.688864  0.0690663  
0.707685  0.0682275  
0.709944  0.0734164  
0.710146  0.0753406  
0.683856  0.103556  
0.616937  0.0133489  
0.617588  0.0114522  
0.638613  0.0253473  
0.669396  0.0641411  
0.675202  0.0743477  
0.683856  0.103556  
0.680438  0.110274  
0.175672  0.105145  
0.223423  0.0833908  
0.297188  0.163043  
0.289557  0.181954  
0.185729  0.160681  
0.0834037  0.155187  
0.130889  0.0922515  
0.175672  0.105145  
0.185729  0.160681  
0.1764  0.239839  
0.141688  0.263648  
0.138303  0.264333  
0.111303  0.263308  
0.0994707  0.232451  
0.0118187  0.154479  
0.0250716  0.148245  
0.0533321  0.152535  
0.0377988  0.202837  
0.0198989  0.199097  
0  0.154479  
0.0118187  0.154479  
0.0198989  0.199097  
0.0170744  0.205789  
0  0.205789  
0.997764  0.224979  
0.998693  0.224608  
1  0.224608  
1  0.240109  
0.993902  0.240109  
0.9668  0.208066  
0.968166  0.199886  
0.977484  0.198681  
0.991773  0.199867  
0.998693  0.224608  
0.997764  0.224979  
0.982037  0.224074  
0.927192  0.150499  
0.96008  0.153053  
0.961745  0.153783  
0.958683  0.175861  
0.938344  0.178995  
0.917957  0.167984  
0.917776  0.167446  
0.934615  0.107817  
0.952861  0.106483  
0.970771  0.148915  
0.961745  0.153783  
0.96008  0.153053  
0.941897  0.0788044  
0.944403  0.0764018  
0.949717  0.0861622  
0.946633  0.0875022  
0.898191  0.0536852  
0.923391  0.0707456  
0.916163  0.0946018  
0.908245  0.0864925  
0.907315  0.0842129  
0.892009  0.0536808  
0.897172  0.0526684  
0.898191  0.0536852  
0.907315  0.0842129  
0.88989  0.066836  
0.862969  0.0223348  
0.871968  0.0232377  
0.878465  0.0289257  
0.877197  0.0486199  
0.854131  0.0546842  
0.850245  0.0505602  
0.850208  0.0403107  
0.824694  0.0197751  
0.849916  0.0504893  
0.824571  0.0473695  
0.767183  0.0406486  
0.766033  0.0368585  
0.773485  0.0358228  
0.783726  0.0416369  
0.776889  0.0501706  
0.752847  0.0399615  
0.76112  0.0347361  
0.766033  0.0368585  
0.767183  0.0406486  
0.767185  0.0406804  
0.765937  0.0477778  
0.761426  0.0562012  
0.584948  0.0859582  
0.616937  0.0133489  
0.680438  0.110274  
0.665356  0.164638  
0.661438  0.16538  
0.617409  0.162472  
0.616881  0.16143  
0.466115  0.101657  
0.481366  0.094118  
0.512795  0.137401  
0.523798  0.166139  
0.497148  0.164248  
0.481366  0.094118  
0.492562  0.0840238  
0.584948  0.0859582  
0.616881  0.16143  
0.512795  0.137401  
0.185729  0.160681  
0.289557  0.181954  
0.287077  0.202993  
0.273651  0.222299  
0.258878  0.238315  
0.209336  0.24237  
0.1764  0.239839  
0.0533321  0.152535  
0.0834037  0.155187  
0.0994707  0.232451  
0.0377988  0.202837  
0  0.205789  
0.0170744  0.205789  
0.0169828  0.213732  
0  0.213732  
0.993902  0.240109  
1  0.240109  
1  0.248407  
0.986187  0.248407  
0.981662  0.228697  
0.982037  0.224074  
0.997764  0.224979  
0.993902  0.240109  
0.986187  0.248407  
0.983547  0.249769  
0.917957  0.167984  
0.938344  0.178995  
0.920202  0.187071  
0.922773  0.105614  
0.930342  0.105657  
0.934615  0.107817  
0.96008  0.153053  
0.927192  0.150499  
0.906566  0.131274  
0.937593  0.0776235  
0.941897  0.0788044  
0.946633  0.0875022  
0.935228  0.098841  
0.923391  0.0707456  
0.927832  0.0683279  
0.93007  0.0682818  
0.937593  0.0776235  
0.935228  0.098841  
0.930342  0.105657  
0.922773  0.105614  
0.916285  0.0955295  
0.916163  0.0946018  
0.887264  0.0778357  
0.88989  0.066836  
0.907315  0.0842129  
0.908245  0.0864925  
0.854131  0.0546842  
0.877197  0.0486199  
0.892009  0.0536808  
0.88989  0.066836  
0.887264  0.0778357  
0.872258  0.0969741  
0.865716  0.100622  
0.859859  0.098232  
0.849517  0.0846699  
0.776889  0.0501706  
0.783726  0.0416369  
0.792375  0.0447744  
0.800239  0.0587709  
0.780711  0.0554294  
0.778332  0.054418  
0.747594  0.0420659  
0.752847  0.0399615  
0.761426  0.0562012  
0.763368  0.0676818  
0.760502  0.0782223  
0.759284  0.0817918  
0.756018  0.0764819  
0.737526  0.049172  
0.744968  0.0419339  
0.747594  0.0420659  
0.756018  0.0764819  
0.735564  0.0585835  
0.523798  0.166139  
0.512795  0.137401  
0.616881  0.16143  
0.617409  0.162472  
0.578922  0.207789  
0.562204  0.213171  
0.434365  0.112101  
0.466115  0.101657  
0.497148  0.164248  
0.476328  0.249393  
0.463967  0.244261  
0.363061  0.128285  
0.381341  0.102423  
0.387531  0.101021  
0.434365  0.112101  
0.463967  0.244261  
0.454754  0.245423  
0.374208  0.178047  
0.297188  0.163043  
0.363061  0.128285  
0.374208  0.178047  
0.357159  0.234473  
0.287077  0.202993  
0.289557  0.181954  
0.0169828  0.213732  
0.0170744  0.205789  
0.0198989  0.199097  
0.0377988  0.202837  
0.0994707  0.232451  
0.111303  0.263308  
0.105335  0.267316  
0.0883833  0.275676  
0.0591908  0.286635  
0.0205423  0.292145  
0  0.213732  
0.0169828  0.213732  
0.0205423  0.292145  
0  0.299772  
0.983547  0.249769  
0.986187  0.248407  
1  0.248407  
1  0.255925  
0.979307  0.255925  
0.957461  0.219065  
0.9668  0.208066  
0.982037  0.224074  
0.981662  0.228697  
0.956419  0.245584  
0.920202  0.187071  
0.938344  0.178995  
0.958683  0.175861  
0.960503  0.187073  
0.911272  0.208991  
0.884946  0.135938  
0.906566  0.131274  
0.927192  0.150499  
0.917776  0.167446  
0.885102  0.17202  
0.870536  0.161746  
0.865716  0.100622  
0.872258  0.0969741  
0.916285  0.0955295  
0.922773  0.105614  
0.906566  0.131274  
0.884946  0.135938  
0.887264  0.0778357  
0.908245  0.0864925  
0.916163  0.0946018  
0.916285  0.0955295  
0.872258  0.0969741  
0.801448  0.059967  
0.81196  0.0527025  
0.845228  0.0849745  
0.812613  0.0898115  
0.798963  0.078689  
0.81196  0.0527025  
0.815204  0.0498911  
0.824571  0.0473695  
0.849916  0.0504893  
0.850245  0.0505602  
0.854131  0.0546842  
0.849517  0.0846699  
0.845228  0.0849745  
0.767185  0.0406804  
0.767183  0.0406486  
0.776889  0.0501706  
0.778332  0.054418  
0.772206  0.0554542  
0.761426  0.0562012  
0.765937  0.0477778  
0.767061  0.0612571  
0.763368  0.0676818  
0.497148  0.164248  
0.523798  0.166139  
0.562204  0.213171  
0.492252  0.258005  
0.476328  0.249393  
0.141688  0.263648  
0.1764  0.239839  
0.209336  0.24237  
0.244773  0.331158  
0.168967  0.29419  
0.273651  0.222299  
0.287077  0.202993  
0.357159  0.234473  
0.371662  0.259497  
0.355897  0.28299  
0.374208  0.178047  
0.454754  0.245423  
0.446776  0.248432  
0.371662  0.259497  
0.357159  0.234473  
0.0591908  0.286635  
0.0883833  0.275676  
0.0981152  0.371478  
0.0867103  0.379062  
0.0714594  0.357992  
0  0.320968  
0  0.299772  
0.0205423  0.292145  
0.0591908  0.286635  
0.0714594  0.357992  
0.0577274  0.372987  
0.022788  0.367614  
0  0.320968  
0.022788  0.367614  
0.0235221  0.371258  
0.00379218  0.398162  
0  0.398162  
0.969504  0.266982  
0.979307  0.255925  
1  0.255925  
1  0.281087  
0.978677  0.281087  
0.956419  0.245584  
0.981662  0.228697  
0.983547  0.249769  
0.979307  0.255925  
0.969504  0.266982  
0.955251  0.2606  
0.954674  0.259658  
0.960503  0.187073  
0.968166  0.199886  
0.9668  0.208066  
0.957461  0.219065  
0.911416  0.219133  
0.90857  0.216389  
0.909353  0.211155  
0.911272  0.208991  
0.885102  0.17202  
0.917776  0.167446  
0.917957  0.167984  
0.920202  0.187071  
0.911272  0.208991  
0.909353  0.211155  
0.827473  0.134759  
0.859859  0.098232  
0.865716  0.100622  
0.884946  0.135938  
0.870536  0.161746  
0.844203  0.171801  
0.827459  0.145512  
0.812465  0.0922618  
0.812613  0.0898115  
0.845228  0.0849745  
0.849517  0.0846699  
0.859859  0.098232  
0.827473  0.134759  
0.82107  0.125885  
0.780711  0.0554294  
0.800239  0.0587709  
0.801448  0.059967  
0.798963  0.078689  
0.787274  0.0827604  
0.75941  0.0826122  
0.759284  0.0817918  
0.760502  0.0782223  
0.767061  0.0612571  
0.772206  0.0554542  
0.778332  0.054418  
0.780711  0.0554294  
0.760502  0.0782223  
0.763368  0.0676818  
0.765937  0.0477778  
0.767185  0.0406804  
0.772206  0.0554542  
0.767061  0.0612571  
0.710146  0.0753406  
0.709944  0.0734164  
0.735564  0.0585835  
0.756018  0.0764819  
0.759284  0.0817918  
0.75941  0.0826122  
0.745964  0.0979843  
0.258878  0.238315  
0.273651  0.222299  
0.355897  0.28299  
0.353866  0.287419  
0.288049  0.301943  
0.209336  0.24237  
0.258878  0.238315  
0.288049  0.301943  
0.272446  0.342854  
0.265189  0.343928  
0.257496  0.342283  
0.244773  0.331158  
0.0883833  0.275676  
0.105335  0.267316  
0.116889  0.357144  
0.0999247  0.371383  
0.0981152  0.371478  
0.0577274  0.372987  
0.0714594  0.357992  
0.0867103  0.379062  
0.0769168  0.414844  
0.0235221  0.371258  
0.022788  0.367614  
0.0577274  0.372987  
0.0769168  0.414844  
0.0766856  0.417523  
0.0537066  0.437097  
0.00379218  0.398162  
0.0235221  0.371258  
0.0537066  0.437097  
0.0522222  0.440185  
0.0204758  0.434553  
0  0.398162  
0.00379218  0.398162  
0.0204758  0.434553  
0  0.434553  
0.978677  0.281087  
1  0.281087  
1  0.315248  
0.980253  0.315248  
0.971983  0.30865  
0.934669  0.281043  
0.955251  0.2606  
0.969504  0.266982  
0.978677  0.281087  
0.971983  0.30865  
0.969286  0.310069  
0.944643  0.308611  
0.940314  0.307651  
0.911416  0.219133  
0.957461  0.219065  
0.956419  0.245584  
0.954674  0.259658  
0.921995  0.243554  
0.914755  0.254171  
0.921995  0.243554  
0.954674  0.259658  
0.955251  0.2606  
0.934669  0.281043  
0.916546  0.281673  
0.835359  0.191721  
0.844203  0.171801  
0.870536  0.161746  
0.885102  0.17202  
0.909353  0.211155  
0.90857  0.216389  
0.905279  0.217646  
0.812465  0.0922618  
0.82107  0.125885  
0.791773  0.119071  
0.787274  0.0827604  
0.798963  0.078689  
0.812613  0.0898115  
0.812465  0.0922618  
0.791773  0.119071  
0.783593  0.12192  
0.745964  0.0979843  
0.75941  0.0826122  
0.787274  0.0827604  
0.783593  0.12192  
0.75885  0.145758  
0.743845  0.151911  
0.749521  0.203419  
0.822117  0.209244  
0.84733  0.265062  
0.84758  0.275428  
0.754718  0.287516  
0.680438  0.110274  
0.683856  0.103556  
0.710146  0.0753406  
0.745964  0.0979843  
0.743845  0.151911  
0.726264  0.177114  
0.665356  0.164638  
0.578922  0.207789  
0.617409  0.162472  
0.661438  0.16538  
0.66846  0.29935  
0.668149  0.300873  
0.617794  0.275786  
0.168967  0.29419  
0.244773  0.331158  
0.257496  0.342283  
0.198304  0.360585  
0.105335  0.267316  
0.111303  0.263308  
0.138303  0.264333  
0.154519  0.390395  
0.116889  0.357144  
0.0999247  0.371383  
0.116889  0.357144  
0.154519  0.390395  
0.155997  0.394378  
0.145865  0.395991  
0.0867103  0.379062  
0.0981152  0.371478  
0.0999247  0.371383  
0.145865  0.395991  
0.0948892  0.416649  
0.0766856  0.417523  
0.0769168  0.414844  
0.0948892  0.416649  
0.145865  0.395991  
0.155997  0.394378  
0.173126  0.403806  
0.187372  0.430352  
0.145088  0.467076  
0  0.434553  
0.0204758  0.434553  
0.0522222  0.440185  
0.0575246  0.473567  
0  0.473567  
0.980253  0.315248  
1  0.315248  
1  0.366403  
0.944643  0.308611  
0.969286  0.310069  
0.955737  0.342763  
0.944281  0.344127  
0.919121  0.319186  
0.940314  0.307651  
0.944643  0.308611  
0.944281  0.344127  
0.937028  0.346176  
0.916546  0.281673  
0.934669  0.281043  
0.940314  0.307651  
0.919121  0.319186  
0.871977  0.310377  
0.905279  0.217646  
0.90857  0.216389  
0.911416  0.219133  
0.921995  0.243554  
0.914755  0.254171  
0.849816  0.278969  
0.84758  0.275428  
0.84733  0.265062  
0.822117  0.209244  
0.835359  0.191721  
0.905279  0.217646  
0.84733  0.265062  
0.783593  0.12192  
0.791773  0.119071  
0.82107  0.125885  
0.827473  0.134759  
0.827459  0.145512  
0.75885  0.145758  
0.743845  0.151911  
0.75885  0.145758  
0.827459  0.145512  
0.844203  0.171801  
0.835359  0.191721  
0.822117  0.209244  
0.749521  0.203419  
0.734618  0.189301  
0.726264  0.177114  
0.754718  0.287516  
0.84758  0.275428  
0.849816  0.278969  
0.863513  0.31151  
0.847793  0.369808  
0.812006  0.374466  
0.715354  0.352996  
0.734618  0.189301  
0.749521  0.203419  
0.754718  0.287516  
0.715354  0.352996  
0.701677  0.358213  
0.668149  0.300873  
0.66846  0.29935  
0.661438  0.16538  
0.665356  0.164638  
0.726264  0.177114  
0.734618  0.189301  
0.66846  0.29935  
0.353866  0.287419  
0.355897  0.28299  
0.371662  0.259497  
0.446776  0.248432  
0.40806  0.317077  
0.374756  0.324496  
0.360422  0.304664  
0.138303  0.264333  
0.141688  0.263648  
0.168967  0.29419  
0.198304  0.360585  
0.173126  0.403806  
0.155997  0.394378  
0.154519  0.390395  
0.198304  0.360585  
0.257496  0.342283  
0.265189  0.343928  
0.209699  0.439181  
0.187372  0.430352  
0.173126  0.403806  
0.265189  0.343928  
0.272446  0.342854  
0.303743  0.375222  
0.368905  0.476242  
0.330054  0.539307  
0.209699  0.439181  
0.0522222  0.440185  
0.0537066  0.437097  
0.0766856  0.417523  
0.0948892  0.416649  
0.145088  0.467076  
0.109415  0.521059  
0.0788273  0.537841  
0.0575246  0.473567  
0  0.473567  
0.0575246  0.473567  
0.0788273  0.537841  
0.0753149  0.54558  
0.0544517  0.568303  
0.0199233  0.589756  
0  0.589756  
0.966528  0.486341  
1  0.467515  
1  0.500479  
0.967237  0.491787  
0.969286  0.310069  
0.971983  0.30865  
0.980253  0.315248  
1  0.366403  
1  0.38376  
0.955737  0.342763  
0.937028  0.346176  
0.944281  0.344127  
0.955737  0.342763  
1  0.38376  
1  0.384841  
0.915289  0.4083  
0.906597  0.40418  
0.915289  0.4083  
1  0.384841  
1  0.429778  
0.934598  0.445608  
0.849816  0.278969  
0.914755  0.254171  
0.916546  0.281673  
0.871977  0.310377  
0.863513  0.31151  
0.863513  0.31151  
0.871977  0.310377  
0.919121  0.319186  
0.937028  0.346176  
0.906597  0.40418  
0.877451  0.400541  
0.847793  0.369808  
0.877451  0.400541  
0.906597  0.40418  
0.915289  0.4083  
0.934598  0.445608  
0.938884  0.458639  
0.939991  0.463378  
0.903203  0.499211  
0.86954  0.509212  
0.844841  0.495714  
0.756874  0.524995  
0.776268  0.514054  
0.844841  0.495714  
0.86954  0.509212  
0.902015  0.580506  
0.902024  0.581311  
0.800798  0.599173  
0.780775  0.597901  
0.74709  0.556353  
0.812006  0.374466  
0.847793  0.369808  
0.877451  0.400541  
0.844841  0.495714  
0.776268  0.514054  
0.676349  0.396732  
0.701677  0.358213  
0.715354  0.352996  
0.812006  0.374466  
0.776268  0.514054  
0.756874  0.524995  
0.558181  0.345908  
0.552907  0.33885  
0.617794  0.275786  
0.668149  0.300873  
0.701677  0.358213  
0.676349  0.396732  
0.642044  0.406376  
0.597934  0.386253  
0.492252  0.258005  
0.562204  0.213171  
0.578922  0.207789  
0.617794  0.275786  
0.552907  0.33885  
0.503386  0.310013  
0.288049  0.301943  
0.353866  0.287419  
0.360422  0.304664  
0.303743  0.375222  
0.272446  0.342854  
0.303743  0.375222  
0.360422  0.304664  
0.374756  0.324496  
0.387727  0.462661  
0.368905  0.476242  
0.0753149  0.54558  
0.0788273  0.537841  
0.109415  0.521059  
0.33001  0.539577  
0.334867  0.620817  
0.266504  0.644028  
0.145088  0.467076  
0.187372  0.430352  
0.209699  0.439181  
0.330054  0.539307  
0.33001  0.539577  
0.109415  0.521059  
0  0.589756  
0.0199233  0.589756  
0.0755133  0.732472  
0  0.732472  
0.964859  0.523241  
1  0.510621  
1  0.529481  
0.969769  0.529481  
0.964732  0.523817  
0.967237  0.491787  
1  0.500479  
1  0.510621  
0.964859  0.523241  
0.941162  0.464261  
1  0.443131  
1  0.467515  
0.966528  0.486341  
1  0.436691  
1  0.443131  
0.941162  0.464261  
0.939991  0.463378  
0.938884  0.458639  
1  0.429778  
1  0.436691  
0.938884  0.458639  
0.934598  0.445608  
0.939991  0.463378  
0.941162  0.464261  
0.966528  0.486341  
0.967237  0.491787  
0.964859  0.523241  
0.964732  0.523817  
0.949316  0.528447  
0.903203  0.499211  
0.86954  0.509212  
0.903203  0.499211  
0.949316  0.528447  
0.902015  0.580506  
0.800798  0.599173  
0.902024  0.581311  
0.924017  0.613896  
0.889089  0.655149  
0.780775  0.597901  
0.800798  0.599173  
0.889089  0.655149  
0.884181  0.668144  
0.790026  0.6804  
0.605959  0.471043  
0.642044  0.406376  
0.676349  0.396732  
0.756874  0.524995  
0.74709  0.556353  
0.713329  0.570865  
0.625772  0.57578  
0.558181  0.345908  
0.597934  0.386253  
0.470731  0.457113  
0.459656  0.365622  
0.503386  0.310013  
0.552907  0.33885  
0.558181  0.345908  
0.470731  0.457113  
0.468819  0.458428  
0.419771  0.449996  
0.446776  0.248432  
0.454754  0.245423  
0.463967  0.244261  
0.476328  0.249393  
0.492252  0.258005  
0.503386  0.310013  
0.459656  0.365622  
0.40806  0.317077  
0.374756  0.324496  
0.40806  0.317077  
0.459656  0.365622  
0.419771  0.449996  
0.387727  0.462661  
0.0544517  0.568303  
0.0753149  0.54558  
0.266504  0.644028  
0.188405  0.694334  
0.0199233  0.589756  
0.0544517  0.568303  
0.188405  0.694334  
0.13854  0.754298  
0.121081  0.760053  
0.0937401  0.74962  
0.0755133  0.732472  
0  0.732472  
0.0755133  0.732472  
0.0937401  0.74962  
0.0244112  0.795886  
0  0.795886  
0.969769  0.529481  
1  0.529481  
1  0.623603  
0.999615  0.623508  
0.965052  0.750412  
0.969881  0.74587  
1  0.726814  
1  0.78506  
0.987785  0.781834  
0.966685  0.787321  
0.987785  0.781834  
1  0.78506  
1  0.79447  
0.977238  0.825354  
0.933535  0.811187  
0.958376  0.712532  
1  0.706444  
1  0.726814  
0.969881  0.74587  
0.978456  0.624999  
0.999615  0.623508  
1  0.623603  
1  0.706444  
0.958376  0.712532  
0.931769  0.711359  
0.949316  0.528447  
0.964732  0.523817  
0.969769  0.529481  
0.999615  0.623508  
0.978456  0.624999  
0.924017  0.613896  
0.902024  0.581311  
0.902015  0.580506  
0.889089  0.655149  
0.924017  0.613896  
0.978456  0.624999  
0.931769  0.711359  
0.902967  0.728696  
0.884181  0.668144  
0.826544  0.767558  
0.900613  0.737207  
0.909233  0.746068  
0.930873  0.811464  
0.921503  0.826225  
0.904463  0.838602  
0.874083  0.852978  
0.777339  0.717764  
0.790026  0.6804  
0.884181  0.668144  
0.902967  0.728696  
0.900613  0.737207  
0.826544  0.767558  
0.805628  0.762265  
0.713329  0.570865  
0.74709  0.556353  
0.780775  0.597901  
0.790026  0.6804  
0.777339  0.717764  
0.700742  0.718587  
0.688912  0.705968  
0.597934  0.386253  
0.642044  0.406376  
0.605959  0.471043  
0.513729  0.486337  
0.468819  0.458428  
0.470731  0.457113  
0.513729  0.486337  
0.605959  0.471043  
0.625772  0.57578  
0.559208  0.62846  
0.33001  0.539577  
0.330054  0.539307  
0.368905  0.476242  
0.387727  0.462661  
0.419771  0.449996  
0.468819  0.458428  
0.513729  0.486337  
0.559208  0.62846  
0.540986  0.659445  
0.456074  0.722757  
0.427769  0.722842  
0.334867  0.620817  
0.13854  0.754298  
0.188405  0.694334  
0.266504  0.644028  
0.334867  0.620817  
0.427769  0.722842  
0.377515  0.814764  
0.32801  0.849043  
0.286387  0.873403  
0.282539  0.871781  
0.121081  0.760053  
0.13854  0.754298  
0.282539  0.871781  
0.134714  0.889216  
0.104811  0.848955  
0.0244112  0.795886  
0.0937401  0.74962  
0.121081  0.760053  
0.104811  0.848955  
0.045018  0.883106  
0.0143119  0.868439  
0  0.795886  
0.0244112  0.795886  
0.0143119  0.868439  
0  0.868439  
1  0.79447  
1  0.843028  
0.979375  0.830344  
0.977238  0.825354  
0.979375  0.830344  
1  0.843028  
1  0.875223  
0.966941  0.854892  
0.953041  0.877924  
0.957427  0.858455  
0.966941  0.854892  
1  0.875223  
1  0.901543  
0.987296  0.906483  
0.968311  0.908197  
0.945658  0.751844  
0.965052  0.750412  
0.987785  0.781834  
0.966685  0.787321  
0.902967  0.728696  
0.931769  0.711359  
0.958376  0.712532  
0.969881  0.74587  
0.965052  0.750412  
0.945658  0.751844  
0.909233  0.746068  
0.900613  0.737207  
0.909233  0.746068  
0.945658  0.751844  
0.966685  0.787321  
0.933535  0.811187  
0.930873  0.811464  
0.904463  0.838602  
0.921503  0.826225  
0.957427  0.858455  
0.953041  0.877924  
0.941524  0.87611  
0.870798  0.863313  
0.874083  0.852978  
0.904463  0.838602  
0.941524  0.87611  
0.90376  0.896673  
0.870798  0.863313  
0.90376  0.896673  
0.916741  0.918115  
0.904164  0.937747  
0.849213  0.9449  
0.80236  0.916445  
0.805628  0.762265  
0.826544  0.767558  
0.874083  0.852978  
0.870798  0.863313  
0.80236  0.916445  
0.738969  0.927623  
0.720113  0.907497  
0.717983  0.888783  
0.625772  0.57578  
0.713329  0.570865  
0.688912  0.705968  
0.540986  0.659445  
0.559208  0.62846  
0.456074  0.722757  
0.540986  0.659445  
0.688912  0.705968  
0.700742  0.718587  
0.663844  0.811872  
0.513926  0.776053  
0.537756  0.846091  
0.663277  0.916645  
0.544799  0.949797  
0.541798  0.947128  
0.377515  0.814764  
0.427769  0.722842  
0.456074  0.722757  
0.513926  0.776053  
0.537756  0.846091  
0.541798  0.947128  
0.494662  0.95166  
0.442001  0.951093  
0.134714  0.889216  
0.282539  0.871781  
0.286387  0.873403  
0.272418  0.924743  
0.202828  0.955829  
0.134048  0.945536  
0.045018  0.883106  
0.104811  0.848955  
0.134714  0.889216  
0.134048  0.945536  
0.0848025  0.999279  
0.0547742  0.967881  
0.0445264  0.924649  
0  0.868439  
0.0143119  0.868439  
0.045018  0.883106  
0.0445264  0.924649  
0  0.924649  
0.987296  0.906483  
1  0.901543  
1  0.963299  
0.989008  0.944408  
0.966024  0.958251  
0.989008  0.944408  
1  0.963299  
1  0.973879  
0.998788  0.974317  
0.990284  0.976947  
0.977792  0.976866  
0.963315  0.973514  
0.960909  0.913649  
0.968311  0.908197  
0.987296  0.906483  
0.989008  0.944408  
0.966024  0.958251  
0.921503  0.826225  
0.930873  0.811464  
0.933535  0.811187  
0.977238  0.825354  
0.979375  0.830344  
0.966941  0.854892  
0.957427  0.858455  
0.935292  0.920192  
0.960909  0.913649  
0.966024  0.958251  
0.963315  0.973514  
0.960825  0.974534  
0.943938  0.973789  
0.90706  0.953421  
0.904164  0.937747  
0.916741  0.918115  
0.935292  0.920192  
0.943938  0.973789  
0.940608  0.975185  
0.92525  0.976242  
0.92489  0.976163  
0.90376  0.896673  
0.941524  0.87611  
0.953041  0.877924  
0.968311  0.908197  
0.960909  0.913649  
0.935292  0.920192  
0.916741  0.918115  
0.90706  0.953421  
0.92489  0.976163  
0.911151  0.985788  
0.897669  0.987725  
0.878546  0.981154  
0.849213  0.9449  
0.904164  0.937747  
0.90706  0.953421  
0.878546  0.981154  
0.873991  0.981747  
0.867319  0.976866  
0.739337  0.932212  
0.738969  0.927623  
0.80236  0.916445  
0.849213  0.9449  
0.867319  0.976866  
0.844938  0.99623  
0.700742  0.718587  
0.777339  0.717764  
0.805628  0.762265  
0.717983  0.888783  
0.663844  0.811872  
0.537756  0.846091  
0.513926  0.776053  
0.663844  0.811872  
0.717983  0.888783  
0.720113  0.907497  
0.683915  0.916815  
0.663277  0.916645  
0.544799  0.949797  
0.663277  0.916645  
0.683915  0.916815  
0.631491  0.97985  
0.559477  1  
0.558649  1  
0.32801  0.849043  
0.377515  0.814764  
0.442001  0.951093  
0.424286  1  
0.378728  1  
0.272418  0.924743  
0.286387  0.873403  
0.32801  0.849043  
0.378728  1  
0.291787  1  
0.134048  0.945536  
0.202828  0.955829  
0.191344  1  
0.0848562  1  
0.0848025  0.999279  
0  0.924649  
0.0445264  0.924649  
0.0547742  0.967881  
0  0.967881  
0.998788  0.974317  
1  0.973879  
1  1  
0.998788  1  
0.990284  0.976947  
0.998788  0.974317  
0.998788  1  
0.990284  1  
0.977792  0.976866  
0.990284  0.976947  
0.990284  1  
0.977792  1  
0.960825  0.974534  
0.963315  0.973514  
0.977792  0.976866  
0.977792  1  
0.960825  1  
0.940608  0.975185  
0.943938  0.973789  
0.960825  0.974534  
0.960825  1  
0.940608  1  
0.92525  0.976242  
0.940608  0.975185  
0.940608  1  
0.92525  1  
0.911151  0.985788  
0.92489  0.976163  
0.92525  0.976242  
0.92525  1  
0.911151  1  
0.897669  0.987725  
0.911151  0.985788  
0.911151  1  
0.897669  1  
0.873991  0.981747  
0.878546  0.981154  
0.897669  0.987725  
0.897669  1  
0.873991  1  
0.867319  0.976866  
0.873991  0.981747  
0.873991  1  
0.844938  1  
0.844938  0.99623  
0.739337  0.932212  
0.844938  0.99623  
0.844938  1  
0.739337  1  
0.683915  0.916815  
0.720113  0.907497  
0.738969  0.927623  
0.739337  0.932212  
0.739337  1  
0.631491  1  
0.631491  0.97985  
0.631491  0.97985  
0.631491  1  
0.559477  1  
0.494662  0.95166  
0.541798  0.947128  
0.544799  0.949797  
0.558649  1  
0.494662  1  
0.442001  0.951093  
0.494662  0.95166  
0.494662  1  
0.424286  1  
0.202828  0.955829  
0.272418  0.924743  
0.291787  1  
0.191344  1  
0  0.967881  
0.0547742  0.967881  
0.0848025  0.999279  
0.0848562  1  
0  1  
# grid vertices 
693
Inf Inf 
0.977238 0.825354 
0.726264 0.177114 
0.734618 0.189301 
0.710884 0.0454126 
1.00709 0.38477 
0.739281 0.0357596 
0.92525 0.976242 
0.744968 0.0419339 
0.911416 0.219133 
0.808607 0.0170315 
0.909353 0.211155 
0.185729 0.160681 
0.223423 0.0833908 
0.562204 0.213171 
0.130424 -0.281041 
0.631491 0.97985 
0.111303 0.263308 
0.743845 0.151911 
0.287077 0.202993 
0.900613 0.737207 
0.84733 0.265062 
0.738969 0.927623 
0.874083 0.852978 
0.815204 0.0498911 
0.930342 0.105657 
0.954674 0.259658 
0.683856 0.103556 
0.884181 0.668144 
0.911272 0.208991 
0.944403 0.0764018 
0.0533321 0.152535 
0.346349 -0.00793089 
0.28669 0.0486788 
0.680438 0.110274 
0.492252 0.258005 
0.709944 0.0734164 
0.466115 0.101657 
0.617588 0.0114522 
0.616937 0.0133489 
0.737526 0.049172 
0.735564 0.0585835 
0.668149 0.300873 
0.168967 0.29419 
0.661438 0.16538 
0.66846 0.29935 
0.812006 0.374466 
0.777339 0.717764 
0.127432 0.0870973 
0.0250716 0.148245 
0.387531 0.101021 
0.456074 0.722757 
0.297188 0.163043 
0.286387 0.873403 
0.463967 0.244261 
0.360422 0.304664 
0.141688 0.263648 
0.446776 0.248432 
0.273651 0.222299 
0.244773 0.331158 
0.209336 0.24237 
0.303743 0.375222 
0.0537066 0.437097 
0.0247029 0.0327792 
0.173126 0.403806 
0.0205423 0.292145 
0.0769168 0.414844 
0.154519 0.390395 
0.282539 0.871781 
0.0198989 0.199097 
0.355897 0.28299 
0.754718 0.287516 
0.739337 0.932212 
0.688912 0.705968 
0.617794 0.275786 
0.265189 0.343928 
0.188405 0.694334 
0.272446 0.342854 
0.371662 0.259497 
0.368905 0.476242 
0.353866 0.287419 
0.597934 0.386253 
0.387727 0.462661 
0.844203 0.171801 
0.90857 0.216389 
0.827459 0.145512 
0.887264 0.0778357 
0.835359 0.191721 
0.960503 0.187073 
0.84758 0.275428 
0.939991 0.463378 
0.849816 0.278969 
0.944281 0.344127 
0.701677 0.358213 
0.963315 0.973514 
0.966528 0.486341 
0.933535 0.811187 
0.940608 0.975185 
1.01624 0.504788 
0.960825 0.974534 
0.971983 0.30865 
0.968166 0.199886 
0.902967 0.728696 
0.978456 0.624999 
0.980253 0.315248 
0.997764 0.224979 
1.08742 0.407475 
0.989008 0.944408 
0.994811 0.059603 
0.970771 0.148915 
0.97054 0.0828957 
1.01987 0.13494 
0.980694 0.0849798 
0.994517 0.176689 
0.776889 0.0501706 
0.870536 0.161746 
0.827473 0.134759 
0.88989 0.066836 
0.941897 0.0788044 
0.849517 0.0846699 
0.96008 0.153053 
0.976089 0.11345 
0.715249 0.0319827 
0.767183 0.0406486 
0.707685 0.0682275 
0.760502 0.0782223 
0.792375 0.0447744 
0.759284 0.0817918 
0.801448 0.059967 
0.882557 0.00909986 
0.927832 0.0683279 
0.908245 0.0864925 
0.235567 0.0653312 
0.328826 0.0560489 
0.408171 0.0256576 
0.0255903 0.0858446 
0.0276097 0.083753 
0.0566602 0.00200654 
0.175672 0.105145 
0.0955011 -0.032831 
0.5786 -0.484024 
0.492562 0.0840238 
0.486345 -0.113675 
0.638613 0.0253473 
0.739054 0.0312185 
0.704074 0.0542604 
0.617296 -0.0127335 
0.715298 0.0323754 
0.572948 -0.522818 
0.721469 0.00905742 
0.724591 -0.0221657 
0.773485 0.0358228 
0.752847 0.0399615 
0.747995 0.00732906 
0.792176 0.0145525 
0.759356 0.0157354 
0.785922 0.00619664 
0.783726 0.0416369 
0.798963 0.078689 
0.796532 0.0172619 
0.849916 0.0504893 
0.805626 0.0181766 
0.850208 0.0403107 
0.824571 0.0473695 
0.823594 0.0136592 
0.824694 0.0197751 
0.838589 0.00109425 
0.761426 0.0562012 
0.800239 0.0587709 
0.756018 0.0764819 
0.778332 0.054418 
0.780711 0.0554294 
0.791773 0.119071 
0.747594 0.0420659 
0.76112 0.0347361 
0.766033 0.0368585 
0.763368 0.0676818 
0.767185 0.0406804 
0.767061 0.0612571 
0.765937 0.0477778 
0.772206 0.0554542 
0.669396 0.0641411 
0.75941 0.0826122 
0.675202 0.0743477 
0.688864 0.0690663 
0.665356 0.164638 
0.710146 0.0753406 
0.783593 0.12192 
0.745964 0.0979843 
0.787274 0.0827604 
0.812613 0.0898115 
0.850245 0.0505602 
0.81196 0.0527025 
0.822117 0.209244 
0.749521 0.203419 
0.906597 0.40418 
0.713329 0.570865 
0.812465 0.0922618 
0.845228 0.0849745 
0.512795 0.137401 
0.578922 0.207789 
0.481366 0.094118 
0.617409 0.162472 
0.584948 0.0859582 
0.616881 0.16143 
0.82107 0.125885 
0.75885 0.145758 
0.288049 0.301943 
0.258878 0.238315 
0.363061 0.128285 
0.476328 0.249393 
0.454754 0.245423 
0.459656 0.365622 
0.1764 0.239839 
0.289557 0.181954 
0.381341 0.102423 
0.357159 0.234473 
0.374208 0.178047 
0.434365 0.112101 
0.497148 0.164248 
0.523798 0.166139 
0.0118187 0.154479 
0.0169828 0.213732 
0.0377988 0.202837 
0.0834037 0.155187 
0.130889 0.0922515 
0.0766856 0.417523 
0.0170744 0.205789 
0.022788 0.367614 
0.0994707 0.232451 
0.0235221 0.371258 
0.0591908 0.286635 
0.0714594 0.357992 
0.0577274 0.372987 
0.0981152 0.371478 
0.0883833 0.275676 
0.0999247 0.371383 
0.145865 0.395991 
0.257496 0.342283 
0.116889 0.357144 
0.105335 0.267316 
0.155997 0.394378 
0.138303 0.264333 
0.0522222 0.440185 
-0.0087647 0.303027 
0.0948892 0.416649 
0.0867103 0.379062 
0.0753149 0.54558 
0.427769 0.722842 
0.00379218 0.398162 
0.0204758 0.434553 
0.0575246 0.473567 
0.0788273 0.537841 
0.0199233 0.589756 
0.0755133 0.732472 
0.0143119 0.868439 
0.0445264 0.924649 
0.0547742 0.967881 
0.0937401 0.74962 
0.0244112 0.795886 
0.134714 0.889216 
0.045018 0.883106 
0.108593 1.31827 
0.0848025 0.999279 
0.377515 0.814764 
0.104811 0.848955 
0.145088 0.467076 
0.121081 0.760053 
0.0544517 0.568303 
0.334867 0.620817 
0.109415 0.521059 
0.33001 0.539577 
0.187372 0.430352 
0.330054 0.539307 
0.202828 0.955829 
0.134048 0.945536 
0.494662 0.95166 
0.272418 0.924743 
0.537756 0.846091 
0.32801 0.849043 
0.442001 0.951093 
0.353338 1.23914 
0.400651 1.06525 
0.541798 0.947128 
0.717983 0.888783 
0.867319 0.976866 
0.720113 0.907497 
0.683915 0.916815 
0.544799 0.949797 
0.663277 0.916645 
0.558708 1.00022 
0.663844 0.811872 
0.700742 0.718587 
0.80236 0.916445 
0.805628 0.762265 
0.756874 0.524995 
0.790026 0.6804 
0.847793 0.369808 
0.780775 0.597901 
0.74709 0.556353 
0.931769 0.711359 
0.13854 0.754298 
0.266504 0.644028 
0.559208 0.62846 
0.513729 0.486337 
0.513926 0.776053 
0.540986 0.659445 
0.625772 0.57578 
0.605959 0.471043 
0.198304 0.360585 
0.209699 0.439181 
0.419771 0.449996 
0.374756 0.324496 
0.503386 0.310013 
0.40806 0.317077 
0.552907 0.33885 
0.468819 0.458428 
0.558181 0.345908 
0.470731 0.457113 
0.715354 0.352996 
0.642044 0.406376 
0.776268 0.514054 
0.676349 0.396732 
0.905279 0.217646 
0.863513 0.31151 
0.914755 0.254171 
0.934669 0.281043 
0.871977 0.310377 
0.916546 0.281673 
0.919121 0.319186 
0.940314 0.307651 
0.944643 0.308611 
0.957461 0.219065 
1.0009 0.384592 
0.937028 0.346176 
0.924017 0.613896 
0.964732 0.523817 
0.889089 0.655149 
0.964859 0.523241 
0.909233 0.746068 
0.979375 0.830344 
0.844841 0.495714 
0.902015 0.580506 
0.800798 0.599173 
0.902024 0.581311 
0.903203 0.499211 
0.877451 0.400541 
0.86954 0.509212 
0.949316 0.528447 
0.849213 0.9449 
0.943938 0.973789 
0.904463 0.838602 
0.826544 0.767558 
0.878546 0.981154 
0.904164 0.937747 
0.844938 0.99623 
0.873991 0.981747 
0.897669 0.987725 
0.911151 0.985788 
0.92489 0.976163 
0.90706 0.953421 
0.966941 0.854892 
0.916741 0.918115 
0.930873 0.811464 
0.935292 0.920192 
0.968311 0.908197 
0.90376 0.896673 
0.870798 0.863313 
0.921503 0.826225 
0.941524 0.87611 
0.945658 0.751844 
0.957427 0.858455 
0.966685 0.787321 
0.958376 0.712532 
0.969881 0.74587 
0.969769 0.529481 
0.965052 0.750412 
0.999615 0.623508 
0.987296 0.906483 
0.987785 0.781834 
1.02622 0.891349 
0.953041 0.877924 
0.977792 0.976866 
0.966024 0.958251 
0.960909 0.913649 
0.990284 0.976947 
1.00509 0.972039 
0.998788 0.974317 
1.0058 0.786594 
1.04188 0.70032 
1.15003 0.660608 
1.46661 0.683212 
1.06625 0.883769 
0.978677 0.281087 
1.10193 0.410184 
0.967237 0.491787 
1.05904 0.415487 
0.915289 0.4083 
0.955737 0.342763 
0.969286 0.310069 
0.938884 0.458639 
0.934598 0.445608 
0.941162 0.464261 
1.09508 0.408985 
0.9668 0.208066 
0.955251 0.2606 
0.981662 0.228697 
0.983547 0.249769 
0.991773 0.199867 
0.986187 0.248407 
0.998693 0.224608 
0.993902 0.240109 
0.979307 0.255925 
0.969504 0.266982 
0.982037 0.224074 
0.977484 0.198681 
1.00445 0.138249 
1.26335 0.120021 
1.00131 0.197693 
0.968919 0.0817031 
0.996643 0.0788201 
0.990405 0.065162 
1.37179 0.117839 
0.954898 0.0145674 
0.987495 0.0426598 
0.949717 0.0861622 
0.956434 0.062979 
0.965526 0.0675868 
0.93007 0.0682818 
0.956419 0.245584 
0.921995 0.243554 
0.96729 0.0790536 
0.937593 0.0776235 
0.954107 0.105979 
0.934615 0.107817 
0.952861 0.106483 
0.99592 0.138742 
0.917776 0.167446 
0.961745 0.153783 
0.920202 0.187071 
0.958683 0.175861 
0.884946 0.135938 
0.916285 0.0955295 
0.922773 0.105614 
0.859859 0.098232 
0.906566 0.131274 
0.865716 0.100622 
0.927192 0.150499 
0.885102 0.17202 
0.917957 0.167984 
0.938344 0.178995 
0.877197 0.0486199 
0.872258 0.0969741 
0.878465 0.0289257 
0.907315 0.0842129 
0.892009 0.0536808 
0.916163 0.0946018 
0.926862 0.0520719 
0.923391 0.0707456 
0.898191 0.0536852 
0.950868 0.0597893 
0.91136 0.0392065 
0.946478 0.0268492 
0.946633 0.0875022 
0.935228 0.098841 
0.898584 0.0205199 
0.909161 0.0392916 
0.904199 0.0222194 
0.927136 0.00268158 
0.922759 0.0115315 
0.944117 0.0288508 
0.854131 0.0546842 
0.862969 0.0223348 
0.845591 -0.0134309 
0.848316 -0.0223048 
0.871968 0.0232377 
0.86991 0.00168416 
0.897172 0.0526684 
0.886317 0.0201653 
0.89264 0.00302907 
0.904547 -0.0449705 
0.909902 0.0129931 
0.902023 -0.0101923 
0.922925 0.00910982 
0.925019 0.00494245 
0.925865 0.013317 
0.936329 0.00213787 
0.937254 0.0276602 
0.93516 -0.00254433 
0.944853 0.008819 
0.955257 -0.0078482 
0.964905 0.0663387 
0.963952 0.0184718 
0.979393 0.0394642 
0.95984 -0.0604113 
0.958632 0.00076723 
0.944503 0.0445467 
0.980448 0.0389418 
0.946404 0.0273198 
0.965502 0.00791017 
0.949438 0.0275834 
0.970566 0.00984363 
0.973397 0.00927092 
0.98274 0.0259235 
0.983692 0.0140333 
1.03778 0.0169643 
0.982337 0.0330797 
0.998475 0.00474508 
0.984554 0.0166497 
0.978333 0.0112286 
0.988747 0.00434438 
0.999484 0.00489214 
1.04419 0.0162983 
3.18649 0.0162983 
0.999484 -2.11261 
0.998475 -2.11215 
0.988747 -2.10596 
0.978333 -2.08687 
0.95984 -2.19955 
0.93516 -2.08152 
0.927136 -2.0671 
0.925019 -2.06175 
0.904547 -2.1379 
0.848316 -2.06431 
0.808607 -1.97033 
0.785922 -1.97862 
0.572948 -2.96245 
0.346349 -1.95281 
0.28669 -1.86473 
0.130424 -2.55932 
3.07015 0.0426598 
-2.0243 0.00200654 
3.73788 0.117839 
-2.056 0.0327792 
3.00093 0.197693 
-2.01838 0.0858446 
2.98259 0.224608 
-2.00048 0.154479 
2.96622 0.240109 
-1.96263 0.205789 
2.94783 0.248407 
-1.95871 0.213732 
2.93139 0.255925 
-1.96854 0.303027 
2.91925 0.281087 
-1.91697 0.398162 
2.90903 0.315248 
-1.87771 0.434553 
3.12474 0.410184 
-1.79995 0.473567 
2.94672 0.504788 
-1.88269 0.589756 
2.85468 0.529481 
-1.82268 0.732472 
3.86464 0.683212 
-1.94992 0.795886 
3.1645 0.883769 
-2.00952 0.868439 
3.11063 0.972039 
-1.99241 0.924649 
0.998788 3.07684 
0.990284 3.07516 
0.977792 3.06613 
0.960825 3.05022 
0.940608 3.03742 
0.92525 3.02892 
0.911151 3.03643 
0.897669 3.03124 
0.873991 3.00584 
0.844938 3.01478 
0.739337 2.84048 
0.631491 2.8916 
0.558708 2.91808 
0.494662 2.81757 
0.353338 3.40691 
0.108593 3.63955 
-2.0053 0.967881 
1 0 
0.999484 0 
1 0.00502382 
0.998475 0 
0.988747 0 
0.978333 0 
0.971594 0 
0.950358 0 
0.935795 0 
0.931254 0 
0.927136 0 
0.925019 0 
0.919829 0 
0.89479 0 
0.868394 0 
0.839116 0 
0.808607 0 
0.785922 0 
0.74218 0 
0.422567 0 
0.360947 0 
0.344177 0 
0.28669 0 
0.215735 0 
0.0588974 0 
0 0 
0 0.00200654 
1 0.0279457 
1 0.0426598 
1 0.0279457 
1 0.016741 
0.958332 0 
0.905487 0 
0.722374 0 
0.645189 0 
0.104242 0 
0 0.0327792 
1 0.0604046 
1 0.0793387 
1 0.109602 
0.852117 0 
0.61745 0 
0.48992 0 
0 0.0858446 
1 0.155476 
1 0.193645 
1 0.197991 
1 0.138506 
1 0.109602 
0 0.154479 
1 0.224608 
1 0.155476 
0 0.205789 
1 0.240109 
0 0.213732 
1 0.248407 
0 0.299772 
1 0.255925 
0 0.320968 
0 0.398162 
1 0.281087 
0 0.434553 
1 0.315248 
0 0.473567 
1 0.366403 
0 0.589756 
1 0.467515 
1 0.500479 
1 0.366403 
1 0.38376 
1 0.384841 
1 0.429778 
0 0.732472 
1 0.510621 
1 0.529481 
1 0.467515 
1 0.443131 
1 0.436691 
0 0.795886 
1 0.623603 
1 0.726814 
1 0.78506 
1 0.79447 
1 0.726814 
1 0.706444 
0 0.868439 
1 0.843028 
1 0.875223 
1 0.901543 
0 0.924649 
1 0.963299 
1 0.973879 
1 0.963299 
0.558649 1 
0.559477 1 
0.378728 1 
0.424286 1 
0.291787 1 
0.0848562 1 
0.191344 1 
0 0.967881 
0.998788 1 
1 1 
0.990284 1 
0.977792 1 
0.960825 1 
0.940608 1 
0.92525 1 
0.911151 1 
0.897669 1 
0.873991 1 
0.844938 1 
0.739337 1 
0.631491 1 
0.494662 1 
0 1 
