# Date: 7/13/2013   Time: 1:50
# dimensions 
10 10 
# connectivity 
441
4  1  2  3  4    1 1 
5  5  6  7  8  9    1 1 
5  10  11  12  13  14    1 1 
5  15  16  17  18  19    1 1 
5  20  21  22  23  24    1 1 
5  25  26  27  28  29    1 1 
5  30  31  32  33  34    1 1 
5  35  36  37  38  39    1 1 
5  40  41  42  43  44    1 1 
6  45  46  47  48  49  50    1 1 
5  51  52  53  54  55    1 1 
5  56  57  58  59  60    1 1 
5  61  62  63  64  65    1 1 
5  66  67  68  69  70    1 1 
5  71  72  73  74  75    1 1 
5  76  77  78  79  80    1 1 
5  81  82  83  84  85    1 1 
5  86  87  88  89  90    1 1 
5  91  92  93  94  95    1 1 
5  96  97  98  99  100    1 1 
4  101  102  103  104    1 1 
5  105  106  107  108  109    1 1 
6  110  111  112  113  114  115    1 1 
6  116  117  118  119  120  121    1 1 
6  122  123  124  125  126  127    1 1 
6  128  129  130  131  132  133    1 1 
6  134  135  136  137  138  139    1 1 
6  140  141  142  143  144  145    1 1 
6  146  147  148  149  150  151    1 1 
7  152  153  154  155  156  157  158    1 1 
5  159  160  161  162  163    1 1 
6  164  165  166  167  168  169    1 1 
6  170  171  172  173  174  175    1 1 
6  176  177  178  179  180  181    1 1 
6  182  183  184  185  186  187    1 1 
6  188  189  190  191  192  193    1 1 
6  194  195  196  197  198  199    1 1 
6  200  201  202  203  204  205    1 1 
6  206  207  208  209  210  211    1 1 
6  212  213  214  215  216  217    1 1 
5  218  219  220  221  222    1 1 
6  223  224  225  226  227  228    1 1 
5  229  230  231  232  233    1 1 
6  234  235  236  237  238  239    1 1 
6  240  241  242  243  244  245    1 1 
6  246  247  248  249  250  251    1 1 
6  252  253  254  255  256  257    1 1 
6  258  259  260  261  262  263    1 1 
6  264  265  266  267  268  269    1 1 
7  270  271  272  273  274  275  276    1 1 
5  277  278  279  280  281    1 1 
6  282  283  284  285  286  287    1 1 
6  288  289  290  291  292  293    1 1 
6  294  295  296  297  298  299    1 1 
6  300  301  302  303  304  305    1 1 
6  306  307  308  309  310  311    1 1 
6  312  313  314  315  316  317    1 1 
6  318  319  320  321  322  323    1 1 
6  324  325  326  327  328  329    1 1 
6  330  331  332  333  334  335    1 1 
5  336  337  338  339  340    1 1 
7  341  342  343  344  345  346  347    1 1 
5  348  349  350  351  352    1 1 
5  353  354  355  356  357    1 1 
6  358  359  360  361  362  363    1 1 
6  364  365  366  367  368  369    1 1 
6  370  371  372  373  374  375    1 1 
6  376  377  378  379  380  381    1 1 
6  382  383  384  385  386  387    1 1 
7  388  389  390  391  392  393  394    1 1 
5  395  396  397  398  399    1 1 
6  400  401  402  403  404  405    1 1 
6  406  407  408  409  410  411    1 1 
6  412  413  414  415  416  417    1 1 
6  418  419  420  421  422  423    1 1 
6  424  425  426  427  428  429    1 1 
6  430  431  432  433  434  435    1 1 
6  436  437  438  439  440  441    1 1 
6  442  443  444  445  446  447    1 1 
6  448  449  450  451  452  453    1 1 
5  454  455  456  457  458    1 1 
7  459  460  461  462  463  464  465    1 1 
6  466  467  468  469  470  471    1 1 
5  472  473  474  475  476    1 1 
5  477  478  479  480  481    1 1 
6  482  483  484  485  486  487    1 1 
6  488  489  490  491  492  493    1 1 
6  494  495  496  497  498  499    1 1 
6  500  501  502  503  504  505    1 1 
7  506  507  508  509  510  511  512    1 1 
5  513  514  515  516  517    1 1 
6  518  519  520  521  522  523    1 1 
6  524  525  526  527  528  529    1 1 
6  530  531  532  533  534  535    1 1 
6  536  537  538  539  540  541    1 1 
6  542  543  544  545  546  547    1 1 
6  548  549  550  551  552  553    1 1 
6  554  555  556  557  558  559    1 1 
6  560  561  562  563  564  565    1 1 
6  566  567  568  569  570  571    1 1 
5  572  573  574  575  576    1 1 
7  577  578  579  580  581  582  583    1 1 
6  584  585  586  587  588  589    1 1 
6  590  591  592  593  594  595    1 1 
5  596  597  598  599  600    1 1 
5  601  602  603  604  605    1 1 
6  606  607  608  609  610  611    1 1 
6  612  613  614  615  616  617    1 1 
6  618  619  620  621  622  623    1 1 
7  624  625  626  627  628  629  630    1 1 
5  631  632  633  634  635    1 1 
6  636  637  638  639  640  641    1 1 
6  642  643  644  645  646  647    1 1 
6  648  649  650  651  652  653    1 1 
6  654  655  656  657  658  659    1 1 
6  660  661  662  663  664  665    1 1 
6  666  667  668  669  670  671    1 1 
6  672  673  674  675  676  677    1 1 
6  678  679  680  681  682  683    1 1 
6  684  685  686  687  688  689    1 1 
5  690  691  692  693  694    1 1 
7  695  696  697  698  699  700  701    1 1 
6  702  703  704  705  706  707    1 1 
6  708  709  710  711  712  713    1 1 
6  714  715  716  717  718  719    1 1 
5  720  721  722  723  724    1 1 
5  725  726  727  728  729    1 1 
6  730  731  732  733  734  735    1 1 
6  736  737  738  739  740  741    1 1 
7  742  743  744  745  746  747  748    1 1 
5  749  750  751  752  753    1 1 
6  754  755  756  757  758  759    1 1 
6  760  761  762  763  764  765    1 1 
6  766  767  768  769  770  771    1 1 
6  772  773  774  775  776  777    1 1 
6  778  779  780  781  782  783    1 1 
6  784  785  786  787  788  789    1 1 
6  790  791  792  793  794  795    1 1 
6  796  797  798  799  800  801    1 1 
6  802  803  804  805  806  807    1 1 
5  808  809  810  811  812    1 1 
7  813  814  815  816  817  818  819    1 1 
6  820  821  822  823  824  825    1 1 
6  826  827  828  829  830  831    1 1 
6  832  833  834  835  836  837    1 1 
6  838  839  840  841  842  843    1 1 
5  844  845  846  847  848    1 1 
5  849  850  851  852  853    1 1 
6  854  855  856  857  858  859    1 1 
7  860  861  862  863  864  865  866    1 1 
5  867  868  869  870  871    1 1 
6  872  873  874  875  876  877    1 1 
6  878  879  880  881  882  883    1 1 
6  884  885  886  887  888  889    1 1 
6  890  891  892  893  894  895    1 1 
6  896  897  898  899  900  901    1 1 
6  902  903  904  905  906  907    1 1 
6  908  909  910  911  912  913    1 1 
6  914  915  916  917  918  919    1 1 
6  920  921  922  923  924  925    1 1 
5  926  927  928  929  930    1 1 
7  931  932  933  934  935  936  937    1 1 
6  938  939  940  941  942  943    1 1 
6  944  945  946  947  948  949    1 1 
6  950  951  952  953  954  955    1 1 
6  956  957  958  959  960  961    1 1 
6  962  963  964  965  966  967    1 1 
5  968  969  970  971  972    1 1 
5  973  974  975  976  977    1 1 
7  978  979  980  981  982  983  984    1 1 
5  985  986  987  988  989    1 1 
6  990  991  992  993  994  995    1 1 
6  996  997  998  999  1000  1001    1 1 
6  1002  1003  1004  1005  1006  1007    1 1 
6  1008  1009  1010  1011  1012  1013    1 1 
6  1014  1015  1016  1017  1018  1019    1 1 
6  1020  1021  1022  1023  1024  1025    1 1 
6  1026  1027  1028  1029  1030  1031    1 1 
6  1032  1033  1034  1035  1036  1037    1 1 
6  1038  1039  1040  1041  1042  1043    1 1 
5  1044  1045  1046  1047  1048    1 1 
7  1049  1050  1051  1052  1053  1054  1055    1 1 
6  1056  1057  1058  1059  1060  1061    1 1 
6  1062  1063  1064  1065  1066  1067    1 1 
6  1068  1069  1070  1071  1072  1073    1 1 
6  1074  1075  1076  1077  1078  1079    1 1 
6  1080  1081  1082  1083  1084  1085    1 1 
6  1086  1087  1088  1089  1090  1091    1 1 
5  1092  1093  1094  1095  1096    1 1 
6  1097  1098  1099  1100  1101  1102    1 1 
5  1103  1104  1105  1106  1107    1 1 
6  1108  1109  1110  1111  1112  1113    1 1 
6  1114  1115  1116  1117  1118  1119    1 1 
6  1120  1121  1122  1123  1124  1125    1 1 
6  1126  1127  1128  1129  1130  1131    1 1 
6  1132  1133  1134  1135  1136  1137    1 1 
6  1138  1139  1140  1141  1142  1143    1 1 
6  1144  1145  1146  1147  1148  1149    1 1 
6  1150  1151  1152  1153  1154  1155    1 1 
6  1156  1157  1158  1159  1160  1161    1 1 
5  1162  1163  1164  1165  1166    1 1 
7  1167  1168  1169  1170  1171  1172  1173    1 1 
6  1174  1175  1176  1177  1178  1179    1 1 
6  1180  1181  1182  1183  1184  1185    1 1 
6  1186  1187  1188  1189  1190  1191    1 1 
6  1192  1193  1194  1195  1196  1197    1 1 
6  1198  1199  1200  1201  1202  1203    1 1 
6  1204  1205  1206  1207  1208  1209    1 1 
6  1210  1211  1212  1213  1214  1215    1 1 
5  1216  1217  1218  1219  1220    1 1 
5  1221  1222  1223  1224  1225    1 1 
6  1226  1227  1228  1229  1230  1231    1 1 
6  1232  1233  1234  1235  1236  1237    1 1 
6  1238  1239  1240  1241  1242  1243    1 1 
6  1244  1245  1246  1247  1248  1249    1 1 
6  1250  1251  1252  1253  1254  1255    1 1 
6  1256  1257  1258  1259  1260  1261    1 1 
6  1262  1263  1264  1265  1266  1267    1 1 
6  1268  1269  1270  1271  1272  1273    1 1 
6  1274  1275  1276  1277  1278  1279    1 1 
5  1280  1281  1282  1283  1284    1 1 
7  1285  1286  1287  1288  1289  1290  1291    1 1 
6  1292  1293  1294  1295  1296  1297    1 1 
6  1298  1299  1300  1301  1302  1303    1 1 
6  1304  1305  1306  1307  1308  1309    1 1 
6  1310  1311  1312  1313  1314  1315    1 1 
6  1316  1317  1318  1319  1320  1321    1 1 
6  1322  1323  1324  1325  1326  1327    1 1 
6  1328  1329  1330  1331  1332  1333    1 1 
7  1334  1335  1336  1337  1338  1339  1340    1 1 
4  1341  1342  1343  1344    1 1 
5  1345  1346  1347  1348  1349    1 1 
6  1350  1351  1352  1353  1354  1355    1 1 
6  1356  1357  1358  1359  1360  1361    1 1 
6  1362  1363  1364  1365  1366  1367    1 1 
6  1368  1369  1370  1371  1372  1373    1 1 
6  1374  1375  1376  1377  1378  1379    1 1 
6  1380  1381  1382  1383  1384  1385    1 1 
6  1386  1387  1388  1389  1390  1391    1 1 
6  1392  1393  1394  1395  1396  1397    1 1 
5  1398  1399  1400  1401  1402    1 1 
7  1403  1404  1405  1406  1407  1408  1409    1 1 
6  1410  1411  1412  1413  1414  1415    1 1 
6  1416  1417  1418  1419  1420  1421    1 1 
6  1422  1423  1424  1425  1426  1427    1 1 
6  1428  1429  1430  1431  1432  1433    1 1 
6  1434  1435  1436  1437  1438  1439    1 1 
6  1440  1441  1442  1443  1444  1445    1 1 
6  1446  1447  1448  1449  1450  1451    1 1 
7  1452  1453  1454  1455  1456  1457  1458    1 1 
5  1459  1460  1461  1462  1463    1 1 
5  1464  1465  1466  1467  1468    1 1 
5  1469  1470  1471  1472  1473    1 1 
6  1474  1475  1476  1477  1478  1479    1 1 
6  1480  1481  1482  1483  1484  1485    1 1 
6  1486  1487  1488  1489  1490  1491    1 1 
6  1492  1493  1494  1495  1496  1497    1 1 
6  1498  1499  1500  1501  1502  1503    1 1 
6  1504  1505  1506  1507  1508  1509    1 1 
6  1510  1511  1512  1513  1514  1515    1 1 
5  1516  1517  1518  1519  1520    1 1 
7  1521  1522  1523  1524  1525  1526  1527    1 1 
6  1528  1529  1530  1531  1532  1533    1 1 
6  1534  1535  1536  1537  1538  1539    1 1 
6  1540  1541  1542  1543  1544  1545    1 1 
6  1546  1547  1548  1549  1550  1551    1 1 
6  1552  1553  1554  1555  1556  1557    1 1 
6  1558  1559  1560  1561  1562  1563    1 1 
6  1564  1565  1566  1567  1568  1569    1 1 
7  1570  1571  1572  1573  1574  1575  1576    1 1 
5  1577  1578  1579  1580  1581    1 1 
6  1582  1583  1584  1585  1586  1587    1 1 
5  1588  1589  1590  1591  1592    1 1 
5  1593  1594  1595  1596  1597    1 1 
6  1598  1599  1600  1601  1602  1603    1 1 
6  1604  1605  1606  1607  1608  1609    1 1 
6  1610  1611  1612  1613  1614  1615    1 1 
6  1616  1617  1618  1619  1620  1621    1 1 
6  1622  1623  1624  1625  1626  1627    1 1 
6  1628  1629  1630  1631  1632  1633    1 1 
5  1634  1635  1636  1637  1638    1 1 
7  1639  1640  1641  1642  1643  1644  1645    1 1 
6  1646  1647  1648  1649  1650  1651    1 1 
6  1652  1653  1654  1655  1656  1657    1 1 
6  1658  1659  1660  1661  1662  1663    1 1 
6  1664  1665  1666  1667  1668  1669    1 1 
6  1670  1671  1672  1673  1674  1675    1 1 
6  1676  1677  1678  1679  1680  1681    1 1 
6  1682  1683  1684  1685  1686  1687    1 1 
7  1688  1689  1690  1691  1692  1693  1694    1 1 
5  1695  1696  1697  1698  1699    1 1 
6  1700  1701  1702  1703  1704  1705    1 1 
6  1706  1707  1708  1709  1710  1711    1 1 
5  1712  1713  1714  1715  1716    1 1 
5  1717  1718  1719  1720  1721    1 1 
6  1722  1723  1724  1725  1726  1727    1 1 
6  1728  1729  1730  1731  1732  1733    1 1 
6  1734  1735  1736  1737  1738  1739    1 1 
6  1740  1741  1742  1743  1744  1745    1 1 
6  1746  1747  1748  1749  1750  1751    1 1 
5  1752  1753  1754  1755  1756    1 1 
7  1757  1758  1759  1760  1761  1762  1763    1 1 
6  1764  1765  1766  1767  1768  1769    1 1 
6  1770  1771  1772  1773  1774  1775    1 1 
6  1776  1777  1778  1779  1780  1781    1 1 
6  1782  1783  1784  1785  1786  1787    1 1 
6  1788  1789  1790  1791  1792  1793    1 1 
6  1794  1795  1796  1797  1798  1799    1 1 
6  1800  1801  1802  1803  1804  1805    1 1 
7  1806  1807  1808  1809  1810  1811  1812    1 1 
5  1813  1814  1815  1816  1817    1 1 
6  1818  1819  1820  1821  1822  1823    1 1 
6  1824  1825  1826  1827  1828  1829    1 1 
6  1830  1831  1832  1833  1834  1835    1 1 
5  1836  1837  1838  1839  1840    1 1 
5  1841  1842  1843  1844  1845    1 1 
6  1846  1847  1848  1849  1850  1851    1 1 
6  1852  1853  1854  1855  1856  1857    1 1 
6  1858  1859  1860  1861  1862  1863    1 1 
6  1864  1865  1866  1867  1868  1869    1 1 
5  1870  1871  1872  1873  1874    1 1 
7  1875  1876  1877  1878  1879  1880  1881    1 1 
6  1882  1883  1884  1885  1886  1887    1 1 
6  1888  1889  1890  1891  1892  1893    1 1 
6  1894  1895  1896  1897  1898  1899    1 1 
6  1900  1901  1902  1903  1904  1905    1 1 
6  1906  1907  1908  1909  1910  1911    1 1 
6  1912  1913  1914  1915  1916  1917    1 1 
6  1918  1919  1920  1921  1922  1923    1 1 
7  1924  1925  1926  1927  1928  1929  1930    1 1 
5  1931  1932  1933  1934  1935    1 1 
6  1936  1937  1938  1939  1940  1941    1 1 
6  1942  1943  1944  1945  1946  1947    1 1 
6  1948  1949  1950  1951  1952  1953    1 1 
6  1954  1955  1956  1957  1958  1959    1 1 
5  1960  1961  1962  1963  1964    1 1 
5  1965  1966  1967  1968  1969    1 1 
6  1970  1971  1972  1973  1974  1975    1 1 
6  1976  1977  1978  1979  1980  1981    1 1 
6  1982  1983  1984  1985  1986  1987    1 1 
5  1988  1989  1990  1991  1992    1 1 
7  1993  1994  1995  1996  1997  1998  1999    1 1 
6  2000  2001  2002  2003  2004  2005    1 1 
6  2006  2007  2008  2009  2010  2011    1 1 
6  2012  2013  2014  2015  2016  2017    1 1 
6  2018  2019  2020  2021  2022  2023    1 1 
6  2024  2025  2026  2027  2028  2029    1 1 
6  2030  2031  2032  2033  2034  2035    1 1 
6  2036  2037  2038  2039  2040  2041    1 1 
7  2042  2043  2044  2045  2046  2047  2048    1 1 
5  2049  2050  2051  2052  2053    1 1 
6  2054  2055  2056  2057  2058  2059    1 1 
6  2060  2061  2062  2063  2064  2065    1 1 
6  2066  2067  2068  2069  2070  2071    1 1 
6  2072  2073  2074  2075  2076  2077    1 1 
6  2078  2079  2080  2081  2082  2083    1 1 
5  2084  2085  2086  2087  2088    1 1 
5  2089  2090  2091  2092  2093    1 1 
6  2094  2095  2096  2097  2098  2099    1 1 
6  2100  2101  2102  2103  2104  2105    1 1 
5  2106  2107  2108  2109  2110    1 1 
7  2111  2112  2113  2114  2115  2116  2117    1 1 
6  2118  2119  2120  2121  2122  2123    1 1 
6  2124  2125  2126  2127  2128  2129    1 1 
6  2130  2131  2132  2133  2134  2135    1 1 
6  2136  2137  2138  2139  2140  2141    1 1 
6  2142  2143  2144  2145  2146  2147    1 1 
6  2148  2149  2150  2151  2152  2153    1 1 
6  2154  2155  2156  2157  2158  2159    1 1 
7  2160  2161  2162  2163  2164  2165  2166    1 1 
5  2167  2168  2169  2170  2171    1 1 
6  2172  2173  2174  2175  2176  2177    1 1 
6  2178  2179  2180  2181  2182  2183    1 1 
6  2184  2185  2186  2187  2188  2189    1 1 
6  2190  2191  2192  2193  2194  2195    1 1 
6  2196  2197  2198  2199  2200  2201    1 1 
6  2202  2203  2204  2205  2206  2207    1 1 
5  2208  2209  2210  2211  2212    1 1 
5  2213  2214  2215  2216  2217    1 1 
6  2218  2219  2220  2221  2222  2223    1 1 
5  2224  2225  2226  2227  2228    1 1 
7  2229  2230  2231  2232  2233  2234  2235    1 1 
6  2236  2237  2238  2239  2240  2241    1 1 
6  2242  2243  2244  2245  2246  2247    1 1 
6  2248  2249  2250  2251  2252  2253    1 1 
6  2254  2255  2256  2257  2258  2259    1 1 
6  2260  2261  2262  2263  2264  2265    1 1 
6  2266  2267  2268  2269  2270  2271    1 1 
6  2272  2273  2274  2275  2276  2277    1 1 
7  2278  2279  2280  2281  2282  2283  2284    1 1 
5  2285  2286  2287  2288  2289    1 1 
6  2290  2291  2292  2293  2294  2295    1 1 
6  2296  2297  2298  2299  2300  2301    1 1 
6  2302  2303  2304  2305  2306  2307    1 1 
6  2308  2309  2310  2311  2312  2313    1 1 
6  2314  2315  2316  2317  2318  2319    1 1 
6  2320  2321  2322  2323  2324  2325    1 1 
6  2326  2327  2328  2329  2330  2331    1 1 
5  2332  2333  2334  2335  2336    1 1 
5  2337  2338  2339  2340  2341    1 1 
5  2342  2343  2344  2345  2346    1 1 
7  2347  2348  2349  2350  2351  2352  2353    1 1 
6  2354  2355  2356  2357  2358  2359    1 1 
6  2360  2361  2362  2363  2364  2365    1 1 
6  2366  2367  2368  2369  2370  2371    1 1 
6  2372  2373  2374  2375  2376  2377    1 1 
6  2378  2379  2380  2381  2382  2383    1 1 
6  2384  2385  2386  2387  2388  2389    1 1 
6  2390  2391  2392  2393  2394  2395    1 1 
7  2396  2397  2398  2399  2400  2401  2402    1 1 
5  2403  2404  2405  2406  2407    1 1 
6  2408  2409  2410  2411  2412  2413    1 1 
6  2414  2415  2416  2417  2418  2419    1 1 
6  2420  2421  2422  2423  2424  2425    1 1 
6  2426  2427  2428  2429  2430  2431    1 1 
6  2432  2433  2434  2435  2436  2437    1 1 
6  2438  2439  2440  2441  2442  2443    1 1 
6  2444  2445  2446  2447  2448  2449    1 1 
6  2450  2451  2452  2453  2454  2455    1 1 
5  2456  2457  2458  2459  2460    1 1 
4  2461  2462  2463  2464    1 1 
6  2465  2466  2467  2468  2469  2470    1 1 
5  2471  2472  2473  2474  2475    1 1 
5  2476  2477  2478  2479  2480    1 1 
5  2481  2482  2483  2484  2485    1 1 
5  2486  2487  2488  2489  2490    1 1 
5  2491  2492  2493  2494  2495    1 1 
5  2496  2497  2498  2499  2500    1 1 
5  2501  2502  2503  2504  2505    1 1 
5  2506  2507  2508  2509  2510    1 1 
4  2511  2512  2513  2514    1 1 
5  2515  2516  2517  2518  2519    1 1 
5  2520  2521  2522  2523  2524    1 1 
5  2525  2526  2527  2528  2529    1 1 
5  2530  2531  2532  2533  2534    1 1 
5  2535  2536  2537  2538  2539    1 1 
5  2540  2541  2542  2543  2544    1 1 
5  2545  2546  2547  2548  2549    1 1 
5  2550  2551  2552  2553  2554    1 1 
5  2555  2556  2557  2558  2559    1 1 
5  2560  2561  2562  2563  2564    1 1 
# DG vertices (counter-clockwise) 
2564
0  0  
0.25  0  
0.25  0.25  
0  0.25  
0  0.25  
0.25  0.25  
0.317453  0.317453  
0.260125  0.75  
0  0.75  
0  0.75  
0.260125  0.75  
0.363603  0.890801  
0.28272  1.25  
0  1.25  
0  1.25  
0.28272  1.25  
0.392786  1.45025  
0.307143  1.75  
0  1.75  
0  1.75  
0.307143  1.75  
0.409057  1.9878  
0.325197  2.25  
0  2.25  
0  2.25  
0.325197  2.25  
0.414875  2.49887  
0.33179  2.75  
0  2.75  
0  2.75  
0.33179  2.75  
0.410604  2.98297  
0.325197  3.25  
0  3.25  
0  3.25  
0.325197  3.25  
0.394806  3.44318  
0.307143  3.75  
0  3.75  
0  3.75  
0.307143  3.75  
0.364941  3.88486  
0.28272  4.25  
0  4.25  
0  4.25  
0.28272  4.25  
0.317908  4.31402  
0.261672  4.73833  
0.25  4.75  
0  4.75  
0  4.75  
0.25  4.75  
0.25  5.17361  
0.173607  5.25  
0  5.25  
0  5.25  
0.173607  5.25  
0.239471  5.61522  
0.104691  5.75  
0  5.75  
0  5.75  
0.104691  5.75  
0.234106  6.06589  
0.05  6.25  
0  6.25  
0  6.25  
0.05  6.25  
0.235954  6.52893  
0.0148859  6.75  
0  6.75  
0  6.75  
0.0148859  6.75  
0.24431  7.00848  
0.0027864  7.25  
0  7.25  
0  7.25  
0.0027864  7.25  
0.255982  7.5089  
0.0148859  7.75  
0  7.75  
0  7.75  
0.0148859  7.75  
0.266512  8.03349  
0.05  8.25  
0  8.25  
0  8.25  
0.05  8.25  
0.271877  8.58281  
0.104691  8.75  
0  8.75  
0  8.75  
0.104691  8.75  
0.270028  9.15358  
0.173607  9.25  
0  9.25  
0  9.25  
0.173607  9.25  
0.261672  9.73833  
0.25  9.75  
0  9.75  
0  9.75  
0.25  9.75  
0.25  10  
0  10  
0.25  0  
0.75  0  
0.75  0.260125  
0.317453  0.317453  
0.25  0.25  
0.317453  0.317453  
0.75  0.260125  
0.890801  0.363603  
0.833839  0.833839  
0.363603  0.890801  
0.260125  0.75  
0.363603  0.890801  
0.833839  0.833839  
1.00385  1.00385  
0.921962  1.39807  
0.392786  1.45025  
0.28272  1.25  
0.392786  1.45025  
0.921962  1.39807  
1.08527  1.62028  
0.998067  1.94915  
0.409057  1.9878  
0.307143  1.75  
0.409057  1.9878  
0.998067  1.94915  
1.13417  2.19677  
1.04865  2.4839  
0.414875  2.49887  
0.325197  2.25  
0.414875  2.49887  
1.04865  2.4839  
1.15081  2.72227  
1.06539  2.9992  
0.410604  2.98297  
0.33179  2.75  
0.410604  2.98297  
1.06539  2.9992  
1.13526  3.19311  
1.04613  3.49237  
0.394806  3.44318  
0.325197  3.25  
0.394806  3.44318  
1.04613  3.49237  
1.08708  3.61344  
0.994608  3.9622  
0.364941  3.88486  
0.307143  3.75  
0.364941  3.88486  
0.994608  3.9622  
1.00596  3.99369  
0.929675  4.36094  
0.88581  4.40481  
0.317908  4.31402  
0.28272  4.25  
0.317908  4.31402  
0.88581  4.40481  
0.846421  4.72997  
0.75  4.82639  
0.261672  4.73833  
0.25  4.75  
0.261672  4.73833  
0.75  4.82639  
0.75  5.10469  
0.615221  5.23947  
0.25  5.17361  
0.173607  5.25  
0.25  5.17361  
0.615221  5.23947  
0.655539  5.49167  
0.491674  5.65554  
0.239471  5.61522  
0.104691  5.75  
0.239471  5.61522  
0.491674  5.65554  
0.577418  5.89685  
0.389313  6.08496  
0.234106  6.06589  
0.05  6.25  
0.234106  6.06589  
0.389313  6.08496  
0.525899  6.32689  
0.317682  6.5351  
0.235954  6.52893  
0.0148859  6.75  
0.235954  6.52893  
0.317682  6.5351  
0.505123  6.78953  
0.285169  7.00949  
0.24431  7.00848  
0.0027864  7.25  
0.24431  7.00848  
0.285169  7.00949  
0.513052  7.29252  
0.297654  7.50792  
0.255982  7.5089  
0.0148859  7.75  
0.255982  7.5089  
0.297654  7.50792  
0.543219  7.84124  
0.356907  8.02756  
0.266512  8.03349  
0.05  8.25  
0.266512  8.03349  
0.356907  8.02756  
0.587539  8.43607  
0.459268  8.56434  
0.271877  8.58281  
0.104691  8.75  
0.271877  8.58281  
0.459268  8.56434  
0.639058  9.07033  
0.595193  9.11419  
0.270028  9.15358  
0.173607  9.25  
0.270028  9.15358  
0.595193  9.11419  
0.68598  9.68209  
0.261672  9.73833  
0.25  9.75  
0.261672  9.73833  
0.68598  9.68209  
0.75  9.71728  
0.75  10  
0.25  10  
0.75  0  
1.25  0  
1.25  0.28272  
0.890801  0.363603  
0.75  0.260125  
0.890801  0.363603  
1.25  0.28272  
1.45025  0.392786  
1.39807  0.921962  
1.00385  1.00385  
0.833839  0.833839  
1.00385  1.00385  
1.39807  0.921962  
1.62028  1.08527  
1.54168  1.54168  
1.08527  1.62028  
0.921962  1.39807  
1.08527  1.62028  
1.54168  1.54168  
1.74754  1.74754  
1.66136  2.13465  
1.13417  2.19677  
0.998067  1.94915  
1.13417  2.19677  
1.66136  2.13465  
1.82516  2.35753  
1.73982  2.69635  
1.15081  2.72227  
1.04865  2.4839  
1.15081  2.72227  
1.73982  2.69635  
1.85071  2.8981  
1.76563  3.22353  
1.13526  3.19311  
1.06539  2.9992  
1.13526  3.19311  
1.76563  3.22353  
1.82438  3.36061  
1.73553  3.71342  
1.08708  3.61344  
1.04613  3.49237  
1.08708  3.61344  
1.73553  3.71342  
1.74764  3.74705  
1.67143  4.08942  
1.60878  4.15207  
1.00596  3.99369  
0.994608  3.9622  
1.00596  3.99369  
1.60878  4.15207  
1.56393  4.41246  
1.43566  4.54073  
0.929675  4.36094  
0.88581  4.40481  
0.929675  4.36094  
1.43566  4.54073  
1.41719  4.72812  
1.25  4.89531  
0.846421  4.72997  
0.75  4.82639  
0.846421  4.72997  
1.25  4.89531  
1.25  5.05  
1.06589  5.23411  
0.75  5.10469  
0.615221  5.23947  
0.75  5.10469  
1.06589  5.23411  
1.08496  5.38931  
0.896851  5.57742  
0.655539  5.49167  
0.491674  5.65554  
0.655539  5.49167  
0.896851  5.57742  
0.943816  5.75618  
0.756184  5.94382  
0.577418  5.89685  
0.389313  6.08496  
0.577418  5.89685  
0.756184  5.94382  
0.843252  6.16079  
0.656948  6.34709  
0.525899  6.32689  
0.317682  6.5351  
0.525899  6.32689  
0.656948  6.34709  
0.792122  6.61345  
0.610933  6.79464  
0.505123  6.78953  
0.285169  7.00949  
0.505123  6.78953  
0.610933  6.79464  
0.790984  7.12325  
0.626716  7.28752  
0.513052  7.29252  
0.297654  7.50792  
0.513052  7.29252  
0.626716  7.28752  
0.833734  7.69545  
0.707266  7.82191  
0.543219  7.84124  
0.356907  8.02756  
0.543219  7.84124  
0.707266  7.82191  
0.910581  8.32857  
0.847933  8.39122  
0.587539  8.43607  
0.459268  8.56434  
0.587539  8.43607  
0.847933  8.39122  
1.00631  8.99404  
0.639058  9.07033  
0.595193  9.11419  
0.639058  9.07033  
1.00631  8.99404  
1.0378  9.00539  
1.11514  9.63506  
0.75  9.71728  
0.68598  9.68209  
0.75  9.71728  
1.11514  9.63506  
1.25  9.69286  
1.25  10  
0.75  10  
1.25  0  
1.75  0  
1.75  0.307143  
1.45025  0.392786  
1.25  0.28272  
1.45025  0.392786  
1.75  0.307143  
1.9878  0.409057  
1.94915  0.998067  
1.62028  1.08527  
1.39807  0.921962  
1.62028  1.08527  
1.94915  0.998067  
2.19677  1.13417  
2.13465  1.66136  
1.74754  1.74754  
1.54168  1.54168  
1.74754  1.74754  
2.13465  1.66136  
2.35753  1.82516  
2.28596  2.28596  
1.82516  2.35753  
1.66136  2.13465  
1.82516  2.35753  
2.28596  2.28596  
2.4573  2.4573  
2.38461  2.86629  
1.85071  2.8981  
1.73982  2.69635  
1.85071  2.8981  
2.38461  2.86629  
2.49001  3.00971  
2.4176  3.40074  
1.82438  3.36061  
1.76563  3.22353  
1.82438  3.36061  
2.4176  3.40074  
2.4552  3.46913  
2.38889  3.84218  
2.34863  3.88244  
1.74764  3.74705  
1.73553  3.71342  
1.74764  3.74705  
2.34863  3.88244  
2.30455  4.16627  
2.17809  4.29273  
1.67143  4.08942  
1.60878  4.15207  
1.67143  4.08942  
2.17809  4.29273  
2.15876  4.45678  
1.97244  4.64309  
1.56393  4.41246  
1.43566  4.54073  
1.56393  4.41246  
1.97244  4.64309  
1.96651  4.73349  
1.75  4.95  
1.41719  4.72812  
1.25  4.89531  
1.41719  4.72812  
1.75  4.95  
1.75  5.01489  
1.52893  5.23595  
1.25  5.05  
1.06589  5.23411  
1.25  5.05  
1.52893  5.23595  
1.5351  5.31768  
1.32689  5.5259  
1.08496  5.38931  
0.896851  5.57742  
1.08496  5.38931  
1.32689  5.5259  
1.34709  5.65695  
1.16079  5.84325  
0.943816  5.75618  
0.756184  5.94382  
0.943816  5.75618  
1.16079  5.84325  
1.20652  6.04626  
1.04626  6.20652  
0.843252  6.16079  
0.656948  6.34709  
0.843252  6.16079  
1.04626  6.20652  
1.12641  6.4972  
0.996354  6.62726  
0.792122  6.61345  
0.610933  6.79464  
0.792122  6.61345  
0.996354  6.62726  
1.11125  7.01793  
1.01955  7.10963  
0.790984  7.12325  
0.626716  7.28752  
0.790984  7.12325  
1.01955  7.10963  
1.15782  7.61111  
1.11756  7.65137  
0.833734  7.69545  
0.707266  7.82191  
0.833734  7.69545  
1.11756  7.65137  
1.25295  8.25236  
0.910581  8.32857  
0.847933  8.39122  
0.910581  8.32857  
1.25295  8.25236  
1.28658  8.26447  
1.38656  8.91292  
1.0378  9.00539  
1.00631  8.99404  
1.0378  9.00539  
1.38656  8.91292  
1.50763  8.95387  
1.55682  9.60519  
1.25  9.69286  
1.11514  9.63506  
1.25  9.69286  
1.55682  9.60519  
1.75  9.6748  
1.75  10  
1.25  10  
1.75  0  
2.25  0  
2.25  0.325197  
1.9878  0.409057  
1.75  0.307143  
1.9878  0.409057  
2.25  0.325197  
2.49887  0.414875  
2.4839  1.04865  
2.19677  1.13417  
1.94915  0.998067  
2.19677  1.13417  
2.4839  1.04865  
2.72227  1.15081  
2.69635  1.73982  
2.35753  1.82516  
2.13465  1.66136  
2.35753  1.82516  
2.69635  1.73982  
2.8981  1.85071  
2.86629  2.38461  
2.4573  2.4573  
2.28596  2.28596  
2.4573  2.4573  
2.86629  2.38461  
3.00971  2.49001  
2.97602  2.97602  
2.49001  3.00971  
2.38461  2.86629  
2.49001  3.00971  
2.97602  2.97602  
3.04735  3.04735  
3.01391  3.50778  
3.00807  3.51362  
2.4552  3.46913  
2.4176  3.40074  
2.4552  3.46913  
3.00807  3.51362  
2.98207  3.88875  
2.89037  3.98045  
2.38889  3.84218  
2.34863  3.88244  
2.38889  3.84218  
2.89037  3.98045  
2.87675  4.20902  
2.71248  4.37328  
2.30455  4.16627  
2.17809  4.29273  
2.30455  4.16627  
2.71248  4.37328  
2.70748  4.48695  
2.49208  4.70235  
2.15876  4.45678  
1.97244  4.64309  
2.15876  4.45678  
2.49208  4.70235  
2.4911  4.74402  
2.25  4.98511  
1.96651  4.73349  
1.75  4.95  
1.96651  4.73349  
2.25  4.98511  
2.25  5.00279  
2.00848  5.24431  
1.75  5.01489  
1.52893  5.23595  
1.75  5.01489  
2.00848  5.24431  
2.00949  5.28517  
1.78953  5.50512  
1.5351  5.31768  
1.32689  5.5259  
1.5351  5.31768  
1.78953  5.50512  
1.79464  5.61093  
1.61345  5.79212  
1.34709  5.65695  
1.16079  5.84325  
1.34709  5.65695  
1.61345  5.79212  
1.62726  5.99635  
1.4972  6.12641  
1.20652  6.04626  
1.04626  6.20652  
1.20652  6.04626  
1.4972  6.12641  
1.52348  6.45292  
1.45292  6.52348  
1.12641  6.4972  
0.996354  6.62726  
1.12641  6.4972  
1.45292  6.52348  
1.49222  6.98609  
1.48638  6.99193  
1.11125  7.01793  
1.01955  7.10963  
1.11125  7.01793  
1.48638  6.99193  
1.53087  7.5448  
1.15782  7.61111  
1.11756  7.65137  
1.15782  7.61111  
1.53087  7.5448  
1.59926  7.5824  
1.63939  8.17562  
1.28658  8.26447  
1.25295  8.25236  
1.28658  8.26447  
1.63939  8.17562  
1.77647  8.23437  
1.80689  8.86474  
1.50763  8.95387  
1.38656  8.91292  
1.50763  8.95387  
1.80689  8.86474  
2.0008  8.93461  
2.01703  9.5894  
1.75  9.6748  
1.55682  9.60519  
1.75  9.6748  
2.01703  9.5894  
2.25  9.66821  
2.25  10  
1.75  10  
2.25  0  
2.75  0  
2.75  0.33179  
2.49887  0.414875  
2.25  0.325197  
2.49887  0.414875  
2.75  0.33179  
2.98297  0.410604  
2.9992  1.06539  
2.72227  1.15081  
2.4839  1.04865  
2.72227  1.15081  
2.9992  1.06539  
3.19311  1.13526  
3.22353  1.76563  
2.8981  1.85071  
2.69635  1.73982  
2.8981  1.85071  
3.22353  1.76563  
3.36061  1.82438  
3.40074  2.4176  
3.00971  2.49001  
2.86629  2.38461  
3.00971  2.49001  
3.40074  2.4176  
3.46913  2.4552  
3.51362  3.00807  
3.50778  3.01391  
3.04735  3.04735  
2.97602  2.97602  
3.04735  3.04735  
3.50778  3.01391  
3.54708  3.47652  
3.47652  3.54708  
3.01391  3.50778  
3.00807  3.51362  
3.01391  3.50778  
3.47652  3.54708  
3.5028  3.87359  
3.37274  4.00365  
2.98207  3.88875  
2.89037  3.98045  
2.98207  3.88875  
3.37274  4.00365  
3.38655  4.20788  
3.20536  4.38907  
2.87675  4.20902  
2.71248  4.37328  
2.87675  4.20902  
3.20536  4.38907  
3.21047  4.49488  
2.99051  4.71483  
2.70748  4.48695  
2.49208  4.70235  
2.70748  4.48695  
2.99051  4.71483  
2.99152  4.75569  
2.75  4.99721  
2.4911  4.74402  
2.25  4.98511  
2.4911  4.74402  
2.75  4.99721  
2.75  5.01489  
2.5089  5.25598  
2.25  5.00279  
2.00848  5.24431  
2.25  5.00279  
2.5089  5.25598  
2.50792  5.29765  
2.29252  5.51305  
2.00949  5.28517  
1.78953  5.50512  
2.00949  5.28517  
2.29252  5.51305  
2.28752  5.62672  
2.12325  5.79098  
1.79464  5.61093  
1.61345  5.79212  
1.79464  5.61093  
2.12325  5.79098  
2.10963  6.01955  
2.01793  6.11125  
1.62726  5.99635  
1.4972  6.12641  
1.62726  5.99635  
2.01793  6.11125  
1.99193  6.48638  
1.98609  6.49222  
1.52348  6.45292  
1.45292  6.52348  
1.52348  6.45292  
1.98609  6.49222  
1.95265  6.95265  
1.49222  6.98609  
1.48638  6.99193  
1.49222  6.98609  
1.95265  6.95265  
2.02398  7.02398  
1.99029  7.50999  
1.59926  7.5824  
1.53087  7.5448  
1.59926  7.5824  
1.99029  7.50999  
2.13371  7.61539  
2.1019  8.14929  
1.77647  8.23437  
1.63939  8.17562  
1.77647  8.23437  
2.1019  8.14929  
2.30365  8.26018  
2.27773  8.84919  
2.0008  8.93461  
1.80689  8.86474  
2.0008  8.93461  
2.27773  8.84919  
2.5161  8.95135  
2.50113  9.58513  
2.25  9.66821  
2.01703  9.5894  
2.25  9.66821  
2.50113  9.58513  
2.75  9.6748  
2.75  10  
2.25  10  
2.75  0  
3.25  0  
3.25  0.325197  
2.98297  0.410604  
2.75  0.33179  
2.98297  0.410604  
3.25  0.325197  
3.44318  0.394806  
3.49237  1.04613  
3.19311  1.13526  
2.9992  1.06539  
3.19311  1.13526  
3.49237  1.04613  
3.61344  1.08708  
3.71342  1.73553  
3.36061  1.82438  
3.22353  1.76563  
3.36061  1.82438  
3.71342  1.73553  
3.74705  1.74764  
3.88244  2.34863  
3.84218  2.38889  
3.46913  2.4552  
3.40074  2.4176  
3.46913  2.4552  
3.84218  2.38889  
3.98045  2.89037  
3.88875  2.98207  
3.51362  3.00807  
3.50778  3.01391  
3.51362  3.00807  
3.88875  2.98207  
4.00365  3.37274  
3.87359  3.5028  
3.54708  3.47652  
3.47652  3.54708  
3.54708  3.47652  
3.87359  3.5028  
3.95374  3.79348  
3.79348  3.95374  
3.5028  3.87359  
3.37274  4.00365  
3.5028  3.87359  
3.79348  3.95374  
3.83921  4.15675  
3.65291  4.34305  
3.38655  4.20788  
3.20536  4.38907  
3.38655  4.20788  
3.65291  4.34305  
3.67311  4.4741  
3.4649  4.68232  
3.21047  4.49488  
2.99051  4.71483  
3.21047  4.49488  
3.4649  4.68232  
3.47107  4.76405  
3.25  4.98511  
2.99152  4.75569  
2.75  4.99721  
2.99152  4.75569  
3.25  4.98511  
3.25  5.05  
3.03349  5.26651  
2.75  5.01489  
2.5089  5.25598  
2.75  5.01489  
3.03349  5.26651  
3.02756  5.35691  
2.84124  5.54322  
2.50792  5.29765  
2.29252  5.51305  
2.50792  5.29765  
2.84124  5.54322  
2.82191  5.70727  
2.69545  5.83373  
2.28752  5.62672  
2.12325  5.79098  
2.28752  5.62672  
2.69545  5.83373  
2.65137  6.11756  
2.61111  6.15782  
2.10963  6.01955  
2.01793  6.11125  
2.10963  6.01955  
2.61111  6.15782  
2.5448  6.53087  
1.99193  6.48638  
1.98609  6.49222  
1.99193  6.48638  
2.5448  6.53087  
2.5824  6.59926  
2.50999  6.99029  
2.02398  7.02398  
1.95265  6.95265  
2.02398  7.02398  
2.50999  6.99029  
2.61539  7.13371  
2.5427  7.5427  
2.13371  7.61539  
1.99029  7.50999  
2.13371  7.61539  
2.5427  7.5427  
2.71404  7.71404  
2.64247  8.17484  
2.30365  8.26018  
2.1019  8.14929  
2.30365  8.26018  
2.64247  8.17484  
2.86535  8.33864  
2.80323  8.86583  
2.5161  8.95135  
2.27773  8.84919  
2.5161  8.95135  
2.80323  8.86583  
3.05085  9.00193  
3.0122  9.59094  
2.75  9.6748  
2.50113  9.58513  
2.75  9.6748  
3.0122  9.59094  
3.25  9.69286  
3.25  10  
2.75  10  
3.25  0  
3.75  0  
3.75  0.307143  
3.44318  0.394806  
3.25  0.325197  
3.44318  0.394806  
3.75  0.307143  
3.88486  0.364941  
3.9622  0.994608  
3.61344  1.08708  
3.49237  1.04613  
3.61344  1.08708  
3.9622  0.994608  
3.99369  1.00596  
4.15207  1.60878  
4.08942  1.67143  
3.74705  1.74764  
3.71342  1.73553  
3.74705  1.74764  
4.08942  1.67143  
4.29273  2.17809  
4.16627  2.30455  
3.88244  2.34863  
3.84218  2.38889  
3.88244  2.34863  
4.16627  2.30455  
4.37328  2.71248  
4.20902  2.87675  
3.98045  2.89037  
3.88875  2.98207  
3.98045  2.89037  
4.20902  2.87675  
4.38907  3.20536  
4.20788  3.38655  
4.00365  3.37274  
3.87359  3.5028  
4.00365  3.37274  
4.20788  3.38655  
4.34305  3.65291  
4.15675  3.83921  
3.95374  3.79348  
3.79348  3.95374  
3.95374  3.79348  
4.15675  3.83921  
4.24382  4.05618  
4.05618  4.24382  
3.83921  4.15675  
3.65291  4.34305  
3.83921  4.15675  
4.05618  4.24382  
4.10315  4.42258  
3.91504  4.61069  
3.67311  4.4741  
3.4649  4.68232  
3.67311  4.4741  
3.91504  4.61069  
3.93411  4.76589  
3.75  4.95  
3.47107  4.76405  
3.25  4.98511  
3.47107  4.76405  
3.75  4.95  
3.75  5.10469  
3.58281  5.27188  
3.25  5.05  
3.03349  5.26651  
3.25  5.05  
3.58281  5.27188  
3.56434  5.45927  
3.43607  5.58754  
3.02756  5.35691  
2.84124  5.54322  
3.02756  5.35691  
3.43607  5.58754  
3.39122  5.84793  
3.32857  5.91058  
2.82191  5.70727  
2.69545  5.83373  
2.82191  5.70727  
3.32857  5.91058  
3.25236  6.25295  
2.65137  6.11756  
2.61111  6.15782  
2.65137  6.11756  
3.25236  6.25295  
3.26447  6.28658  
3.17562  6.63939  
2.5824  6.59926  
2.5448  6.53087  
2.5824  6.59926  
3.17562  6.63939  
3.23437  6.77647  
3.14929  7.1019  
2.61539  7.13371  
2.50999  6.99029  
2.61539  7.13371  
3.14929  7.1019  
3.26018  7.30365  
3.17484  7.64247  
2.71404  7.71404  
2.5427  7.5427  
2.71404  7.71404  
3.17484  7.64247  
3.33864  7.86535  
3.25246  8.25246  
2.86535  8.33864  
2.64247  8.17484  
2.86535  8.33864  
3.25246  8.25246  
3.45832  8.45832  
3.37972  8.91473  
3.05085  9.00193  
2.80323  8.86583  
3.05085  9.00193  
3.37972  8.91473  
3.60193  9.07804  
3.54975  9.60721  
3.25  9.69286  
3.0122  9.59094  
3.25  9.69286  
3.54975  9.60721  
3.75  9.71728  
3.75  10  
3.25  10  
3.75  0  
4.25  0  
4.25  0.28272  
3.88486  0.364941  
3.75  0.307143  
3.88486  0.364941  
4.25  0.28272  
4.31402  0.317908  
4.40481  0.88581  
4.36094  0.929675  
3.99369  1.00596  
3.9622  0.994608  
3.99369  1.00596  
4.36094  0.929675  
4.54073  1.43566  
4.41246  1.56393  
4.15207  1.60878  
4.08942  1.67143  
4.15207  1.60878  
4.41246  1.56393  
4.64309  1.97244  
4.45678  2.15876  
4.29273  2.17809  
4.16627  2.30455  
4.29273  2.17809  
4.45678  2.15876  
4.70235  2.49208  
4.48695  2.70748  
4.37328  2.71248  
4.20902  2.87675  
4.37328  2.71248  
4.48695  2.70748  
4.71483  2.99051  
4.49488  3.21047  
4.38907  3.20536  
4.20788  3.38655  
4.38907  3.20536  
4.49488  3.21047  
4.68232  3.4649  
4.4741  3.67311  
4.34305  3.65291  
4.15675  3.83921  
4.34305  3.65291  
4.4741  3.67311  
4.61069  3.91504  
4.42258  4.10315  
4.24382  4.05618  
4.05618  4.24382  
4.24382  4.05618  
4.42258  4.10315  
4.50833  4.34446  
4.34446  4.50833  
4.10315  4.42258  
3.91504  4.61069  
4.10315  4.42258  
4.34446  4.50833  
4.38478  4.76053  
4.25  4.89531  
3.93411  4.76589  
3.75  4.95  
3.93411  4.76589  
4.25  4.89531  
4.25  5.17361  
4.15358  5.27003  
3.75  5.10469  
3.58281  5.27188  
3.75  5.10469  
4.15358  5.27003  
4.11419  5.59519  
4.07033  5.63906  
3.56434  5.45927  
3.43607  5.58754  
3.56434  5.45927  
4.07033  5.63906  
3.99404  6.00631  
3.39122  5.84793  
3.32857  5.91058  
3.39122  5.84793  
3.99404  6.00631  
4.00539  6.0378  
3.91292  6.38656  
3.26447  6.28658  
3.25236  6.25295  
3.26447  6.28658  
3.91292  6.38656  
3.95387  6.50763  
3.86474  6.80689  
3.23437  6.77647  
3.17562  6.63939  
3.23437  6.77647  
3.86474  6.80689  
3.93461  7.0008  
3.84919  7.27773  
3.26018  7.30365  
3.14929  7.1019  
3.26018  7.30365  
3.84919  7.27773  
3.95135  7.5161  
3.86583  7.80323  
3.33864  7.86535  
3.17484  7.64247  
3.33864  7.86535  
3.86583  7.80323  
4.00193  8.05085  
3.91473  8.37972  
3.45832  8.45832  
3.25246  8.25246  
3.45832  8.45832  
3.91473  8.37972  
4.07804  8.60193  
3.99615  8.99615  
3.60193  9.07804  
3.37972  8.91473  
3.60193  9.07804  
3.99615  8.99615  
4.16616  9.16616  
4.1092  9.6364  
3.75  9.71728  
3.54975  9.60721  
3.75  9.71728  
4.1092  9.6364  
4.25  9.73988  
4.25  10  
3.75  10  
4.25  0  
4.75  0  
4.75  0.25  
4.73833  0.261672  
4.31402  0.317908  
4.25  0.28272  
4.31402  0.317908  
4.73833  0.261672  
4.82639  0.75  
4.72997  0.846421  
4.40481  0.88581  
4.36094  0.929675  
4.40481  0.88581  
4.72997  0.846421  
4.89531  1.25  
4.72812  1.41719  
4.54073  1.43566  
4.41246  1.56393  
4.54073  1.43566  
4.72812  1.41719  
4.95  1.75  
4.73349  1.96651  
4.64309  1.97244  
4.45678  2.15876  
4.64309  1.97244  
4.73349  1.96651  
4.98511  2.25  
4.74402  2.4911  
4.70235  2.49208  
4.48695  2.70748  
4.70235  2.49208  
4.74402  2.4911  
4.99721  2.75  
4.75569  2.99152  
4.71483  2.99051  
4.49488  3.21047  
4.71483  2.99051  
4.75569  2.99152  
4.98511  3.25  
4.76405  3.47107  
4.68232  3.4649  
4.4741  3.67311  
4.68232  3.4649  
4.76405  3.47107  
4.95  3.75  
4.76589  3.93411  
4.61069  3.91504  
4.42258  4.10315  
4.61069  3.91504  
4.76589  3.93411  
4.89531  4.25  
4.76053  4.38478  
4.50833  4.34446  
4.34446  4.50833  
4.50833  4.34446  
4.76053  4.38478  
4.82639  4.75  
4.75  4.82639  
4.38478  4.76053  
4.25  4.89531  
4.38478  4.76053  
4.75  4.82639  
4.75  5.25  
4.73833  5.26167  
4.25  5.17361  
4.15358  5.27003  
4.25  5.17361  
4.73833  5.26167  
4.68209  5.68598  
4.11419  5.59519  
4.07033  5.63906  
4.11419  5.59519  
4.68209  5.68598  
4.71728  5.75  
4.63506  6.11514  
4.00539  6.0378  
3.99404  6.00631  
4.00539  6.0378  
4.63506  6.11514  
4.69286  6.25  
4.60519  6.55682  
3.95387  6.50763  
3.91292  6.38656  
3.95387  6.50763  
4.60519  6.55682  
4.6748  6.75  
4.5894  7.01703  
3.93461  7.0008  
3.86474  6.80689  
3.93461  7.0008  
4.5894  7.01703  
4.66821  7.25  
4.58513  7.50113  
3.95135  7.5161  
3.84919  7.27773  
3.95135  7.5161  
4.58513  7.50113  
4.6748  7.75  
4.59094  8.0122  
4.00193  8.05085  
3.86583  7.80323  
4.00193  8.05085  
4.59094  8.0122  
4.69286  8.25  
4.60721  8.54975  
4.07804  8.60193  
3.91473  8.37972  
4.07804  8.60193  
4.60721  8.54975  
4.71728  8.75  
4.6364  9.1092  
4.16616  9.16616  
3.99615  8.99615  
4.16616  9.16616  
4.6364  9.1092  
4.73988  9.25  
4.68255  9.68255  
4.25  9.73988  
4.1092  9.6364  
4.25  9.73988  
4.68255  9.68255  
4.75  9.75  
4.75  10  
4.25  10  
4.75  0  
5.25  0  
5.25  0.173607  
5.17361  0.25  
4.75  0.25  
4.73833  0.261672  
4.75  0.25  
5.17361  0.25  
5.23947  0.615221  
5.10469  0.75  
4.82639  0.75  
4.72997  0.846421  
4.82639  0.75  
5.10469  0.75  
5.23411  1.06589  
5.05  1.25  
4.89531  1.25  
4.72812  1.41719  
4.89531  1.25  
5.05  1.25  
5.23595  1.52893  
5.01489  1.75  
4.95  1.75  
4.73349  1.96651  
4.95  1.75  
5.01489  1.75  
5.24431  2.00848  
5.00279  2.25  
4.98511  2.25  
4.74402  2.4911  
4.98511  2.25  
5.00279  2.25  
5.25598  2.5089  
5.01489  2.75  
4.99721  2.75  
4.75569  2.99152  
4.99721  2.75  
5.01489  2.75  
5.26651  3.03349  
5.05  3.25  
4.98511  3.25  
4.76405  3.47107  
4.98511  3.25  
5.05  3.25  
5.27188  3.58281  
5.10469  3.75  
4.95  3.75  
4.76589  3.93411  
4.95  3.75  
5.10469  3.75  
5.27003  4.15358  
5.17361  4.25  
4.89531  4.25  
4.76053  4.38478  
4.89531  4.25  
5.17361  4.25  
5.26167  4.73833  
5.25  4.75  
4.82639  4.75  
4.75  4.82639  
4.82639  4.75  
5.25  4.75  
5.25  5.25  
4.75  5.25  
4.73833  5.26167  
4.75  5.25  
5.25  5.25  
5.31745  5.31745  
5.26012  5.75  
4.71728  5.75  
4.68209  5.68598  
4.71728  5.75  
5.26012  5.75  
5.3636  5.8908  
5.28272  6.25  
4.69286  6.25  
4.63506  6.11514  
4.69286  6.25  
5.28272  6.25  
5.39279  6.45025  
5.30714  6.75  
4.6748  6.75  
4.60519  6.55682  
4.6748  6.75  
5.30714  6.75  
5.40906  6.9878  
5.3252  7.25  
4.66821  7.25  
4.5894  7.01703  
4.66821  7.25  
5.3252  7.25  
5.41487  7.49887  
5.33179  7.75  
4.6748  7.75  
4.58513  7.50113  
4.6748  7.75  
5.33179  7.75  
5.4106  7.98297  
5.3252  8.25  
4.69286  8.25  
4.59094  8.0122  
4.69286  8.25  
5.3252  8.25  
5.39481  8.44318  
5.30714  8.75  
4.71728  8.75  
4.60721  8.54975  
4.71728  8.75  
5.30714  8.75  
5.36494  8.88486  
5.28272  9.25  
4.73988  9.25  
4.6364  9.1092  
4.73988  9.25  
5.28272  9.25  
5.31791  9.31402  
5.26167  9.73833  
5.25  9.75  
4.75  9.75  
4.68255  9.68255  
4.75  9.75  
5.25  9.75  
5.25  10  
4.75  10  
5.25  0  
5.75  0  
5.75  0.104691  
5.61522  0.239471  
5.25  0.173607  
5.17361  0.25  
5.25  0.173607  
5.61522  0.239471  
5.65554  0.491674  
5.49167  0.655539  
5.23947  0.615221  
5.10469  0.75  
5.23947  0.615221  
5.49167  0.655539  
5.57742  0.896851  
5.38931  1.08496  
5.23411  1.06589  
5.05  1.25  
5.23411  1.06589  
5.38931  1.08496  
5.5259  1.32689  
5.31768  1.5351  
5.23595  1.52893  
5.01489  1.75  
5.23595  1.52893  
5.31768  1.5351  
5.50512  1.78953  
5.28517  2.00949  
5.24431  2.00848  
5.00279  2.25  
5.24431  2.00848  
5.28517  2.00949  
5.51305  2.29252  
5.29765  2.50792  
5.25598  2.5089  
5.01489  2.75  
5.25598  2.5089  
5.29765  2.50792  
5.54322  2.84124  
5.35691  3.02756  
5.26651  3.03349  
5.05  3.25  
5.26651  3.03349  
5.35691  3.02756  
5.58754  3.43607  
5.45927  3.56434  
5.27188  3.58281  
5.10469  3.75  
5.27188  3.58281  
5.45927  3.56434  
5.63906  4.07033  
5.59519  4.11419  
5.27003  4.15358  
5.17361  4.25  
5.27003  4.15358  
5.59519  4.11419  
5.68598  4.68209  
5.26167  4.73833  
5.25  4.75  
5.26167  4.73833  
5.68598  4.68209  
5.75  4.71728  
5.75  5.26012  
5.31745  5.31745  
5.25  5.25  
5.31745  5.31745  
5.75  5.26012  
5.8908  5.3636  
5.83384  5.83384  
5.3636  5.8908  
5.26012  5.75  
5.3636  5.8908  
5.83384  5.83384  
6.00385  6.00385  
5.92196  6.39807  
5.39279  6.45025  
5.28272  6.25  
5.39279  6.45025  
5.92196  6.39807  
6.08527  6.62028  
5.99807  6.94915  
5.40906  6.9878  
5.30714  6.75  
5.40906  6.9878  
5.99807  6.94915  
6.13417  7.19677  
6.04865  7.4839  
5.41487  7.49887  
5.3252  7.25  
5.41487  7.49887  
6.04865  7.4839  
6.15081  7.72227  
6.06539  7.9992  
5.4106  7.98297  
5.33179  7.75  
5.4106  7.98297  
6.06539  7.9992  
6.13526  8.19311  
6.04613  8.49237  
5.39481  8.44318  
5.3252  8.25  
5.39481  8.44318  
6.04613  8.49237  
6.08708  8.61344  
5.99461  8.9622  
5.36494  8.88486  
5.30714  8.75  
5.36494  8.88486  
5.99461  8.9622  
6.00596  8.99369  
5.92967  9.36094  
5.88581  9.40481  
5.31791  9.31402  
5.28272  9.25  
5.31791  9.31402  
5.88581  9.40481  
5.84642  9.72997  
5.75  9.82639  
5.26167  9.73833  
5.25  9.75  
5.26167  9.73833  
5.75  9.82639  
5.75  10  
5.25  10  
5.75  0  
6.25  0  
6.25  0.05  
6.06589  0.234106  
5.75  0.104691  
5.61522  0.239471  
5.75  0.104691  
6.06589  0.234106  
6.08496  0.389313  
5.89685  0.577418  
5.65554  0.491674  
5.49167  0.655539  
5.65554  0.491674  
5.89685  0.577418  
5.94382  0.756184  
5.75618  0.943816  
5.57742  0.896851  
5.38931  1.08496  
5.57742  0.896851  
5.75618  0.943816  
5.84325  1.16079  
5.65695  1.34709  
5.5259  1.32689  
5.31768  1.5351  
5.5259  1.32689  
5.65695  1.34709  
5.79212  1.61345  
5.61093  1.79464  
5.50512  1.78953  
5.28517  2.00949  
5.50512  1.78953  
5.61093  1.79464  
5.79098  2.12325  
5.62672  2.28752  
5.51305  2.29252  
5.29765  2.50792  
5.51305  2.29252  
5.62672  2.28752  
5.83373  2.69545  
5.70727  2.82191  
5.54322  2.84124  
5.35691  3.02756  
5.54322  2.84124  
5.70727  2.82191  
5.91058  3.32857  
5.84793  3.39122  
5.58754  3.43607  
5.45927  3.56434  
5.58754  3.43607  
5.84793  3.39122  
6.00631  3.99404  
5.63906  4.07033  
5.59519  4.11419  
5.63906  4.07033  
6.00631  3.99404  
6.0378  4.00539  
6.11514  4.63506  
5.75  4.71728  
5.68598  4.68209  
5.75  4.71728  
6.11514  4.63506  
6.25  4.69286  
6.25  5.28272  
5.8908  5.3636  
5.75  5.26012  
5.8908  5.3636  
6.25  5.28272  
6.45025  5.39279  
6.39807  5.92196  
6.00385  6.00385  
5.83384  5.83384  
6.00385  6.00385  
6.39807  5.92196  
6.62028  6.08527  
6.54168  6.54168  
6.08527  6.62028  
5.92196  6.39807  
6.08527  6.62028  
6.54168  6.54168  
6.74754  6.74754  
6.66136  7.13465  
6.13417  7.19677  
5.99807  6.94915  
6.13417  7.19677  
6.66136  7.13465  
6.82516  7.35753  
6.73982  7.69635  
6.15081  7.72227  
6.04865  7.4839  
6.15081  7.72227  
6.73982  7.69635  
6.85071  7.8981  
6.76563  8.22353  
6.13526  8.19311  
6.06539  7.9992  
6.13526  8.19311  
6.76563  8.22353  
6.82438  8.36061  
6.73553  8.71342  
6.08708  8.61344  
6.04613  8.49237  
6.08708  8.61344  
6.73553  8.71342  
6.74764  8.74705  
6.67143  9.08942  
6.60878  9.15207  
6.00596  8.99369  
5.99461  8.9622  
6.00596  8.99369  
6.60878  9.15207  
6.56393  9.41246  
6.43566  9.54073  
5.92967  9.36094  
5.88581  9.40481  
5.92967  9.36094  
6.43566  9.54073  
6.41719  9.72812  
6.25  9.89531  
5.84642  9.72997  
5.75  9.82639  
5.84642  9.72997  
6.25  9.89531  
6.25  10  
5.75  10  
6.25  0.05  
6.25  0  
6.75  0  
6.75  0.0148859  
6.52893  0.235954  
6.06589  0.234106  
6.25  0.05  
6.52893  0.235954  
6.5351  0.317682  
6.32689  0.525899  
6.08496  0.389313  
5.89685  0.577418  
6.08496  0.389313  
6.32689  0.525899  
6.34709  0.656948  
6.16079  0.843252  
5.94382  0.756184  
5.75618  0.943816  
5.94382  0.756184  
6.16079  0.843252  
6.20652  1.04626  
6.04626  1.20652  
5.84325  1.16079  
5.65695  1.34709  
5.84325  1.16079  
6.04626  1.20652  
6.12641  1.4972  
5.99635  1.62726  
5.79212  1.61345  
5.61093  1.79464  
5.79212  1.61345  
5.99635  1.62726  
6.11125  2.01793  
6.01955  2.10963  
5.79098  2.12325  
5.62672  2.28752  
5.79098  2.12325  
6.01955  2.10963  
6.15782  2.61111  
6.11756  2.65137  
5.83373  2.69545  
5.70727  2.82191  
5.83373  2.69545  
6.11756  2.65137  
6.25295  3.25236  
5.91058  3.32857  
5.84793  3.39122  
5.91058  3.32857  
6.25295  3.25236  
6.28658  3.26447  
6.38656  3.91292  
6.0378  4.00539  
6.00631  3.99404  
6.0378  4.00539  
6.38656  3.91292  
6.50763  3.95387  
6.55682  4.60519  
6.25  4.69286  
6.11514  4.63506  
6.25  4.69286  
6.55682  4.60519  
6.75  4.6748  
6.75  5.30714  
6.45025  5.39279  
6.25  5.28272  
6.45025  5.39279  
6.75  5.30714  
6.9878  5.40906  
6.94915  5.99807  
6.62028  6.08527  
6.39807  5.92196  
6.62028  6.08527  
6.94915  5.99807  
7.19677  6.13417  
7.13465  6.66136  
6.74754  6.74754  
6.54168  6.54168  
6.74754  6.74754  
7.13465  6.66136  
7.35753  6.82516  
7.28596  7.28596  
6.82516  7.35753  
6.66136  7.13465  
6.82516  7.35753  
7.28596  7.28596  
7.4573  7.4573  
7.38461  7.86629  
6.85071  7.8981  
6.73982  7.69635  
6.85071  7.8981  
7.38461  7.86629  
7.49001  8.00971  
7.4176  8.40074  
6.82438  8.36061  
6.76563  8.22353  
6.82438  8.36061  
7.4176  8.40074  
7.4552  8.46913  
7.38889  8.84218  
7.34863  8.88244  
6.74764  8.74705  
6.73553  8.71342  
6.74764  8.74705  
7.34863  8.88244  
7.30455  9.16627  
7.17809  9.29273  
6.67143  9.08942  
6.60878  9.15207  
6.67143  9.08942  
7.17809  9.29273  
7.15876  9.45678  
6.97244  9.64309  
6.56393  9.41246  
6.43566  9.54073  
6.56393  9.41246  
6.97244  9.64309  
6.96651  9.73349  
6.75  9.95  
6.41719  9.72812  
6.25  9.89531  
6.41719  9.72812  
6.75  9.95  
6.75  10  
6.25  10  
6.75  0.0148859  
6.75  0  
7.25  0  
7.25  0.0027864  
7.00848  0.24431  
6.52893  0.235954  
6.75  0.0148859  
7.00848  0.24431  
7.00949  0.285169  
6.78953  0.505123  
6.5351  0.317682  
6.32689  0.525899  
6.5351  0.317682  
6.78953  0.505123  
6.79464  0.610933  
6.61345  0.792122  
6.34709  0.656948  
6.16079  0.843252  
6.34709  0.656948  
6.61345  0.792122  
6.62726  0.996354  
6.4972  1.12641  
6.20652  1.04626  
6.04626  1.20652  
6.20652  1.04626  
6.4972  1.12641  
6.52348  1.45292  
6.45292  1.52348  
6.12641  1.4972  
5.99635  1.62726  
6.12641  1.4972  
6.45292  1.52348  
6.49222  1.98609  
6.48638  1.99193  
6.11125  2.01793  
6.01955  2.10963  
6.11125  2.01793  
6.48638  1.99193  
6.53087  2.5448  
6.15782  2.61111  
6.11756  2.65137  
6.15782  2.61111  
6.53087  2.5448  
6.59926  2.5824  
6.63939  3.17562  
6.28658  3.26447  
6.25295  3.25236  
6.28658  3.26447  
6.63939  3.17562  
6.77647  3.23437  
6.80689  3.86474  
6.50763  3.95387  
6.38656  3.91292  
6.50763  3.95387  
6.80689  3.86474  
7.0008  3.93461  
7.01703  4.5894  
6.75  4.6748  
6.55682  4.60519  
6.75  4.6748  
7.01703  4.5894  
7.25  4.66821  
7.25  5.3252  
6.9878  5.40906  
6.75  5.30714  
6.9878  5.40906  
7.25  5.3252  
7.49887  5.41487  
7.4839  6.04865  
7.19677  6.13417  
6.94915  5.99807  
7.19677  6.13417  
7.4839  6.04865  
7.72227  6.15081  
7.69635  6.73982  
7.35753  6.82516  
7.13465  6.66136  
7.35753  6.82516  
7.69635  6.73982  
7.8981  6.85071  
7.86629  7.38461  
7.4573  7.4573  
7.28596  7.28596  
7.4573  7.4573  
7.86629  7.38461  
8.00971  7.49001  
7.97602  7.97602  
7.49001  8.00971  
7.38461  7.86629  
7.49001  8.00971  
7.97602  7.97602  
8.04735  8.04735  
8.01391  8.50778  
8.00807  8.51362  
7.4552  8.46913  
7.4176  8.40074  
7.4552  8.46913  
8.00807  8.51362  
7.98207  8.88875  
7.89037  8.98045  
7.38889  8.84218  
7.34863  8.88244  
7.38889  8.84218  
7.89037  8.98045  
7.87675  9.20902  
7.71248  9.37328  
7.30455  9.16627  
7.17809  9.29273  
7.30455  9.16627  
7.71248  9.37328  
7.70748  9.48695  
7.49208  9.70235  
7.15876  9.45678  
6.97244  9.64309  
7.15876  9.45678  
7.49208  9.70235  
7.4911  9.74402  
7.25  9.98511  
6.96651  9.73349  
6.96651  9.73349  
7.25  9.98511  
7.25  10  
6.75  10  
6.75  9.95  
7.25  0.0027864  
7.25  0  
7.75  0  
7.75  0.0148859  
7.5089  0.255982  
7.00848  0.24431  
7.25  0.0027864  
7.5089  0.255982  
7.50792  0.297654  
7.29252  0.513052  
7.00949  0.285169  
6.78953  0.505123  
7.00949  0.285169  
7.29252  0.513052  
7.28752  0.626716  
7.12325  0.790984  
6.79464  0.610933  
6.61345  0.792122  
6.79464  0.610933  
7.12325  0.790984  
7.10963  1.01955  
7.01793  1.11125  
6.62726  0.996354  
6.4972  1.12641  
6.62726  0.996354  
7.01793  1.11125  
6.99193  1.48638  
6.98609  1.49222  
6.52348  1.45292  
6.45292  1.52348  
6.52348  1.45292  
6.98609  1.49222  
6.95265  1.95265  
6.49222  1.98609  
6.48638  1.99193  
6.49222  1.98609  
6.95265  1.95265  
7.02398  2.02398  
6.99029  2.50999  
6.59926  2.5824  
6.53087  2.5448  
6.59926  2.5824  
6.99029  2.50999  
7.13371  2.61539  
7.1019  3.14929  
6.77647  3.23437  
6.63939  3.17562  
6.77647  3.23437  
7.1019  3.14929  
7.30365  3.26018  
7.27773  3.84919  
7.0008  3.93461  
6.80689  3.86474  
7.0008  3.93461  
7.27773  3.84919  
7.5161  3.95135  
7.50113  4.58513  
7.25  4.66821  
7.01703  4.5894  
7.25  4.66821  
7.50113  4.58513  
7.75  4.6748  
7.75  5.33179  
7.49887  5.41487  
7.25  5.3252  
7.49887  5.41487  
7.75  5.33179  
7.98297  5.4106  
7.9992  6.06539  
7.72227  6.15081  
7.4839  6.04865  
7.72227  6.15081  
7.9992  6.06539  
8.19311  6.13526  
8.22353  6.76563  
7.8981  6.85071  
7.69635  6.73982  
7.8981  6.85071  
8.22353  6.76563  
8.36061  6.82438  
8.40074  7.4176  
8.00971  7.49001  
7.86629  7.38461  
8.00971  7.49001  
8.40074  7.4176  
8.46913  7.4552  
8.51362  8.00807  
8.50778  8.01391  
8.04735  8.04735  
7.97602  7.97602  
8.04735  8.04735  
8.50778  8.01391  
8.54708  8.47652  
8.47652  8.54708  
8.01391  8.50778  
8.00807  8.51362  
8.01391  8.50778  
8.47652  8.54708  
8.5028  8.87359  
8.37274  9.00365  
7.98207  8.88875  
7.89037  8.98045  
7.98207  8.88875  
8.37274  9.00365  
8.38655  9.20788  
8.20536  9.38907  
7.87675  9.20902  
7.71248  9.37328  
7.87675  9.20902  
8.20536  9.38907  
8.21047  9.49488  
7.99051  9.71483  
7.70748  9.48695  
7.49208  9.70235  
7.70748  9.48695  
7.99051  9.71483  
7.99152  9.75569  
7.75  9.99721  
7.4911  9.74402  
7.4911  9.74402  
7.75  9.99721  
7.75  10  
7.25  10  
7.25  9.98511  
7.75  0.0148859  
7.75  0  
8.25  0  
8.25  0.05  
8.03349  0.266512  
7.5089  0.255982  
7.75  0.0148859  
8.03349  0.266512  
8.02756  0.356907  
7.84124  0.543219  
7.50792  0.297654  
7.29252  0.513052  
7.50792  0.297654  
7.84124  0.543219  
7.82191  0.707266  
7.69545  0.833734  
7.28752  0.626716  
7.12325  0.790984  
7.28752  0.626716  
7.69545  0.833734  
7.65137  1.11756  
7.61111  1.15782  
7.10963  1.01955  
7.01793  1.11125  
7.10963  1.01955  
7.61111  1.15782  
7.5448  1.53087  
6.99193  1.48638  
6.98609  1.49222  
6.99193  1.48638  
7.5448  1.53087  
7.5824  1.59926  
7.50999  1.99029  
7.02398  2.02398  
6.95265  1.95265  
7.02398  2.02398  
7.50999  1.99029  
7.61539  2.13371  
7.5427  2.5427  
7.13371  2.61539  
6.99029  2.50999  
7.13371  2.61539  
7.5427  2.5427  
7.71404  2.71404  
7.64247  3.17484  
7.30365  3.26018  
7.1019  3.14929  
7.30365  3.26018  
7.64247  3.17484  
7.86535  3.33864  
7.80323  3.86583  
7.5161  3.95135  
7.27773  3.84919  
7.5161  3.95135  
7.80323  3.86583  
8.05085  4.00193  
8.0122  4.59094  
7.75  4.6748  
7.50113  4.58513  
7.75  4.6748  
8.0122  4.59094  
8.25  4.69286  
8.25  5.3252  
7.98297  5.4106  
7.75  5.33179  
7.98297  5.4106  
8.25  5.3252  
8.44318  5.39481  
8.49237  6.04613  
8.19311  6.13526  
7.9992  6.06539  
8.19311  6.13526  
8.49237  6.04613  
8.61344  6.08708  
8.71342  6.73553  
8.36061  6.82438  
8.22353  6.76563  
8.36061  6.82438  
8.71342  6.73553  
8.74705  6.74764  
8.88244  7.34863  
8.84218  7.38889  
8.46913  7.4552  
8.40074  7.4176  
8.46913  7.4552  
8.84218  7.38889  
8.98045  7.89037  
8.88875  7.98207  
8.51362  8.00807  
8.50778  8.01391  
8.51362  8.00807  
8.88875  7.98207  
9.00365  8.37274  
8.87359  8.5028  
8.54708  8.47652  
8.47652  8.54708  
8.54708  8.47652  
8.87359  8.5028  
8.95374  8.79348  
8.79348  8.95374  
8.5028  8.87359  
8.37274  9.00365  
8.5028  8.87359  
8.79348  8.95374  
8.83921  9.15675  
8.65291  9.34305  
8.38655  9.20788  
8.20536  9.38907  
8.38655  9.20788  
8.65291  9.34305  
8.67311  9.4741  
8.4649  9.68232  
8.21047  9.49488  
7.99051  9.71483  
8.21047  9.49488  
8.4649  9.68232  
8.47107  9.76405  
8.25  9.98511  
7.99152  9.75569  
7.99152  9.75569  
8.25  9.98511  
8.25  10  
7.75  10  
7.75  9.99721  
8.25  0.05  
8.25  0  
8.75  0  
8.75  0.104691  
8.58281  0.271877  
8.03349  0.266512  
8.25  0.05  
8.58281  0.271877  
8.56434  0.459268  
8.43607  0.587539  
8.02756  0.356907  
7.84124  0.543219  
8.02756  0.356907  
8.43607  0.587539  
8.39122  0.847933  
8.32857  0.910581  
7.82191  0.707266  
7.69545  0.833734  
7.82191  0.707266  
8.32857  0.910581  
8.25236  1.25295  
7.65137  1.11756  
7.61111  1.15782  
7.65137  1.11756  
8.25236  1.25295  
8.26447  1.28658  
8.17562  1.63939  
7.5824  1.59926  
7.5448  1.53087  
7.5824  1.59926  
8.17562  1.63939  
8.23437  1.77647  
8.14929  2.1019  
7.61539  2.13371  
7.50999  1.99029  
7.61539  2.13371  
8.14929  2.1019  
8.26018  2.30365  
8.17484  2.64247  
7.71404  2.71404  
7.5427  2.5427  
7.71404  2.71404  
8.17484  2.64247  
8.33864  2.86535  
8.25246  3.25246  
7.86535  3.33864  
7.64247  3.17484  
7.86535  3.33864  
8.25246  3.25246  
8.45832  3.45832  
8.37972  3.91473  
8.05085  4.00193  
7.80323  3.86583  
8.05085  4.00193  
8.37972  3.91473  
8.60193  4.07804  
8.54975  4.60721  
8.25  4.69286  
8.0122  4.59094  
8.25  4.69286  
8.54975  4.60721  
8.75  4.71728  
8.75  5.30714  
8.44318  5.39481  
8.25  5.3252  
8.44318  5.39481  
8.75  5.30714  
8.88486  5.36494  
8.9622  5.99461  
8.61344  6.08708  
8.49237  6.04613  
8.61344  6.08708  
8.9622  5.99461  
8.99369  6.00596  
9.15207  6.60878  
9.08942  6.67143  
8.74705  6.74764  
8.71342  6.73553  
8.74705  6.74764  
9.08942  6.67143  
9.29273  7.17809  
9.16627  7.30455  
8.88244  7.34863  
8.84218  7.38889  
8.88244  7.34863  
9.16627  7.30455  
9.37328  7.71248  
9.20902  7.87675  
8.98045  7.89037  
8.88875  7.98207  
8.98045  7.89037  
9.20902  7.87675  
9.38907  8.20536  
9.20788  8.38655  
9.00365  8.37274  
8.87359  8.5028  
9.00365  8.37274  
9.20788  8.38655  
9.34305  8.65291  
9.15675  8.83921  
8.95374  8.79348  
8.79348  8.95374  
8.95374  8.79348  
9.15675  8.83921  
9.24382  9.05618  
9.05618  9.24382  
8.83921  9.15675  
8.65291  9.34305  
8.83921  9.15675  
9.05618  9.24382  
9.10315  9.42258  
8.91504  9.61069  
8.67311  9.4741  
8.4649  9.68232  
8.67311  9.4741  
8.91504  9.61069  
8.93411  9.76589  
8.75  9.95  
8.47107  9.76405  
8.47107  9.76405  
8.75  9.95  
8.75  10  
8.25  10  
8.25  9.98511  
8.75  0.104691  
8.75  0  
9.25  0  
9.25  0.173607  
9.15358  0.270028  
8.58281  0.271877  
8.75  0.104691  
9.15358  0.270028  
9.11419  0.595193  
9.07033  0.639058  
8.56434  0.459268  
8.43607  0.587539  
8.56434  0.459268  
9.07033  0.639058  
8.99404  1.00631  
8.39122  0.847933  
8.32857  0.910581  
8.39122  0.847933  
8.99404  1.00631  
9.00539  1.0378  
8.91292  1.38656  
8.26447  1.28658  
8.25236  1.25295  
8.26447  1.28658  
8.91292  1.38656  
8.95387  1.50763  
8.86474  1.80689  
8.23437  1.77647  
8.17562  1.63939  
8.23437  1.77647  
8.86474  1.80689  
8.93461  2.0008  
8.84919  2.27773  
8.26018  2.30365  
8.14929  2.1019  
8.26018  2.30365  
8.84919  2.27773  
8.95135  2.5161  
8.86583  2.80323  
8.33864  2.86535  
8.17484  2.64247  
8.33864  2.86535  
8.86583  2.80323  
9.00193  3.05085  
8.91473  3.37972  
8.45832  3.45832  
8.25246  3.25246  
8.45832  3.45832  
8.91473  3.37972  
9.07804  3.60193  
8.99615  3.99615  
8.60193  4.07804  
8.37972  3.91473  
8.60193  4.07804  
8.99615  3.99615  
9.16616  4.16616  
9.1092  4.6364  
8.75  4.71728  
8.54975  4.60721  
8.75  4.71728  
9.1092  4.6364  
9.25  4.73988  
9.25  5.28272  
8.88486  5.36494  
8.75  5.30714  
8.88486  5.36494  
9.25  5.28272  
9.31402  5.31791  
9.40481  5.88581  
9.36094  5.92967  
8.99369  6.00596  
8.9622  5.99461  
8.99369  6.00596  
9.36094  5.92967  
9.54073  6.43566  
9.41246  6.56393  
9.15207  6.60878  
9.08942  6.67143  
9.15207  6.60878  
9.41246  6.56393  
9.64309  6.97244  
9.45678  7.15876  
9.29273  7.17809  
9.16627  7.30455  
9.29273  7.17809  
9.45678  7.15876  
9.70235  7.49208  
9.48695  7.70748  
9.37328  7.71248  
9.20902  7.87675  
9.37328  7.71248  
9.48695  7.70748  
9.71483  7.99051  
9.49488  8.21047  
9.38907  8.20536  
9.20788  8.38655  
9.38907  8.20536  
9.49488  8.21047  
9.68232  8.4649  
9.4741  8.67311  
9.34305  8.65291  
9.15675  8.83921  
9.34305  8.65291  
9.4741  8.67311  
9.61069  8.91504  
9.42258  9.10315  
9.24382  9.05618  
9.05618  9.24382  
9.24382  9.05618  
9.42258  9.10315  
9.50833  9.34446  
9.34446  9.50833  
9.10315  9.42258  
8.91504  9.61069  
9.10315  9.42258  
9.34446  9.50833  
9.38478  9.76053  
9.25  9.89531  
8.93411  9.76589  
8.93411  9.76589  
9.25  9.89531  
9.25  10  
8.75  10  
8.75  9.95  
9.25  0  
9.75  0  
9.75  0.25  
9.73833  0.261672  
9.25  0.173607  
9.15358  0.270028  
9.25  0.173607  
9.73833  0.261672  
9.68209  0.68598  
9.11419  0.595193  
9.07033  0.639058  
9.11419  0.595193  
9.68209  0.68598  
9.71728  0.75  
9.63506  1.11514  
9.00539  1.0378  
8.99404  1.00631  
9.00539  1.0378  
9.63506  1.11514  
9.69286  1.25  
9.60519  1.55682  
8.95387  1.50763  
8.91292  1.38656  
8.95387  1.50763  
9.60519  1.55682  
9.6748  1.75  
9.5894  2.01703  
8.93461  2.0008  
8.86474  1.80689  
8.93461  2.0008  
9.5894  2.01703  
9.66821  2.25  
9.58513  2.50113  
8.95135  2.5161  
8.84919  2.27773  
8.95135  2.5161  
9.58513  2.50113  
9.6748  2.75  
9.59094  3.0122  
9.00193  3.05085  
8.86583  2.80323  
9.00193  3.05085  
9.59094  3.0122  
9.69286  3.25  
9.60721  3.54975  
9.07804  3.60193  
8.91473  3.37972  
9.07804  3.60193  
9.60721  3.54975  
9.71728  3.75  
9.6364  4.1092  
9.16616  4.16616  
8.99615  3.99615  
9.16616  4.16616  
9.6364  4.1092  
9.73988  4.25  
9.68255  4.68255  
9.25  4.73988  
9.1092  4.6364  
9.25  4.73988  
9.68255  4.68255  
9.75  4.75  
9.75  5.25  
9.73833  5.26167  
9.31402  5.31791  
9.25  5.28272  
9.31402  5.31791  
9.73833  5.26167  
9.82639  5.75  
9.72997  5.84642  
9.40481  5.88581  
9.36094  5.92967  
9.40481  5.88581  
9.72997  5.84642  
9.89531  6.25  
9.72812  6.41719  
9.54073  6.43566  
9.41246  6.56393  
9.54073  6.43566  
9.72812  6.41719  
9.95  6.75  
9.73349  6.96651  
9.64309  6.97244  
9.45678  7.15876  
9.64309  6.97244  
9.73349  6.96651  
9.98511  7.25  
9.74402  7.4911  
9.70235  7.49208  
9.48695  7.70748  
9.70235  7.49208  
9.74402  7.4911  
9.99721  7.75  
9.75569  7.99152  
9.71483  7.99051  
9.49488  8.21047  
9.71483  7.99051  
9.75569  7.99152  
9.98511  8.25  
9.76405  8.47107  
9.68232  8.4649  
9.4741  8.67311  
9.68232  8.4649  
9.76405  8.47107  
9.95  8.75  
9.76589  8.93411  
9.61069  8.91504  
9.42258  9.10315  
9.61069  8.91504  
9.76589  8.93411  
9.89531  9.25  
9.76053  9.38478  
9.50833  9.34446  
9.34446  9.50833  
9.50833  9.34446  
9.76053  9.38478  
9.82639  9.75  
9.75  9.82639  
9.38478  9.76053  
9.25  9.89531  
9.38478  9.76053  
9.75  9.82639  
9.75  10  
9.25  10  
9.75  0  
10  0  
10  0.25  
9.75  0.25  
9.73833  0.261672  
9.75  0.25  
10  0.25  
10  0.75  
9.71728  0.75  
9.68209  0.68598  
9.71728  0.75  
10  0.75  
10  1.25  
9.69286  1.25  
9.63506  1.11514  
9.69286  1.25  
10  1.25  
10  1.75  
9.6748  1.75  
9.60519  1.55682  
9.6748  1.75  
10  1.75  
10  2.25  
9.66821  2.25  
9.5894  2.01703  
9.66821  2.25  
10  2.25  
10  2.75  
9.6748  2.75  
9.58513  2.50113  
9.6748  2.75  
10  2.75  
10  3.25  
9.69286  3.25  
9.59094  3.0122  
9.69286  3.25  
10  3.25  
10  3.75  
9.71728  3.75  
9.60721  3.54975  
9.71728  3.75  
10  3.75  
10  4.25  
9.73988  4.25  
9.6364  4.1092  
9.73988  4.25  
10  4.25  
10  4.75  
9.75  4.75  
9.68255  4.68255  
9.75  4.75  
10  4.75  
10  5.25  
9.75  5.25  
9.73833  5.26167  
9.75  5.25  
10  5.25  
10  5.75  
9.82639  5.75  
9.72997  5.84642  
9.82639  5.75  
10  5.75  
10  6.25  
9.89531  6.25  
9.72812  6.41719  
9.89531  6.25  
10  6.25  
10  6.75  
9.95  6.75  
9.73349  6.96651  
9.95  6.75  
10  6.75  
10  7.25  
9.98511  7.25  
9.74402  7.4911  
9.98511  7.25  
10  7.25  
10  7.75  
9.99721  7.75  
9.75569  7.99152  
9.99721  7.75  
10  7.75  
10  8.25  
9.98511  8.25  
9.76405  8.47107  
9.98511  8.25  
10  8.25  
10  8.75  
9.95  8.75  
9.76589  8.93411  
9.95  8.75  
10  8.75  
10  9.25  
9.89531  9.25  
9.76053  9.38478  
9.89531  9.25  
10  9.25  
10  9.75  
9.82639  9.75  
9.75  9.82639  
9.82639  9.75  
10  9.75  
10  10  
9.75  10  
# grid vertices 
965
Inf Inf 
4.71728 8.75 
9.24382 9.05618 
0.943816 5.75618 
7.97602 7.97602 
9.72812 6.41719 
3.93411 4.76589 
8.88875 7.98207 
7.38889 8.84218 
0.307143 1.75 
3.95374 3.79348 
1.74754 1.74754 
8.00971 7.49001 
3.21047 4.49488 
4.36094 0.929675 
2.97602 2.97602 
5.10469 0.75 
0.389313 6.08496 
5.84642 9.72997 
0.271877 8.58281 
1.73982 2.69635 
1.15081 2.72227 
3.99615 8.99615 
1.38656 8.91292 
3.60193 9.07804 
3.86474 6.80689 
5.28272 9.25 
4.68255 9.68255 
6.96651 9.73349 
6.04613 8.49237 
7.30455 9.16627 
7.38461 7.86629 
9.72997 5.84642 
7.9992 6.06539 
9.4741 8.67311 
7.28596 7.28596 
9.71483 7.99051 
3.98045 2.89037 
6.16079 0.843252 
9.82639 5.75 
6.25 0.05 
7.50792 0.297654 
1.94915 0.998067 
0.998067 1.94915 
1.04865 2.4839 
2.69635 1.73982 
2.25 0.325197 
4.08942 1.67143 
4.31402 0.317908 
4.72812 1.41719 
4.25 0.28272 
6.9878 5.40906 
3.40074 2.4176 
4.45678 2.15876 
1.66136 2.13465 
4.82639 0.75 
4.41246 1.56393 
2.86629 2.38461 
2.49208 4.70235 
4.74402 2.4911 
2.4573 2.4573 
4.42258 4.10315 
5.5259 1.32689 
2.69545 5.83373 
3.47107 4.76405 
3.65291 4.34305 
3.04735 3.04735 
1.79464 5.61093 
0.410604 2.98297 
2.38889 3.84218 
2.49001 3.00971 
0.994608 3.9622 
0.325197 3.25 
0.28272 4.25 
0.846421 4.72997 
0.364941 3.88486 
0.25 5.17361 
1.78953 5.50512 
0.577418 5.89685 
1.61345 5.79212 
0.05 6.25 
1.20652 6.04626 
0.104691 5.75 
0.75 4.82639 
0.285169 7.00949 
0.790984 7.12325 
2.64247 8.17484 
1.48638 6.99193 
0.24431 7.00848 
0.610933 6.79464 
0.491674 5.65554 
1.99029 7.50999 
0.843252 6.16079 
2.01793 6.11125 
2.02398 7.02398 
3.23437 6.77647 
1.95265 6.95265 
3.75 9.71728 
3.17484 7.64247 
3.33864 7.86535 
0.639058 9.07033 
4.34446 4.50833 
5.30714 8.75 
5.30714 6.75 
3.84919 7.27773 
3.32857 5.91058 
2.61111 6.15782 
4.07033 5.63906 
4.58513 7.50113 
2.12325 5.79098 
2.65137 6.11756 
3.75 4.95 
3.99404 6.00631 
8.05085 4.00193 
4.68209 5.68598 
5.3252 7.25 
3.26018 7.30365 
6.04865 7.4839 
9.54073 6.43566 
9.00365 8.37274 
8.20536 9.38907 
6.60878 9.15207 
4.60721 8.54975 
7.49001 8.00971 
6.08708 8.61344 
7.70748 9.48695 
5.26167 9.73833 
6.43566 9.54073 
8.83921 9.15675 
5.88581 9.40481 
6.97244 9.64309 
7.34863 8.88244 
8.21047 9.49488 
9.38907 8.20536 
9.10315 9.42258 
8.50778 8.01391 
8.79348 8.95374 
8.65291 9.34305 
8.93411 9.76589 
9.20788 8.38655 
9.50833 9.34446 
9.75569 7.99152 
9.49488 8.21047 
8.47652 8.54708 
9.74402 7.4911 
9.48695 7.70748 
8.22353 6.76563 
5.26012 5.75 
8.36061 6.82438 
9.16627 7.30455 
9.45678 7.15876 
8.71342 6.73553 
8.99369 6.00596 
9.68255 4.68255 
8.86583 2.80323 
8.75 4.71728 
7.25 5.3252 
9.08942 6.67143 
8.9622 5.99461 
7.69635 6.73982 
6.25 4.69286 
6.62028 6.08527 
4.75 4.82639 
5.01489 2.75 
6.80689 3.86474 
5.35691 3.02756 
5.79098 2.12325 
6.74754 6.74754 
5.31745 5.31745 
7.25 4.66821 
6.11125 2.01793 
4.76405 3.47107 
5.24431 2.00848 
6.06589 0.234106 
6.79464 0.610933 
6.62726 0.996354 
6.0378 4.00539 
7.00848 0.24431 
8.23437 1.77647 
8.43607 0.587539 
7.10963 1.01955 
8.25236 1.25295 
8.91292 1.38656 
7.80323 3.86583 
8.26018 2.30365 
9.07804 3.60193 
8.32857 0.910581 
9.00193 3.05085 
8.75 0.104691 
8.25 0.05 
0.25 0.25 
0.833839 0.833839 
0.28272 1.25 
0.317453 0.317453 
0.260125 0.75 
1.45025 0.392786 
0.363603 0.890801 
0.325197 2.25 
0.33179 2.75 
0.414875 2.49887 
1.08527 1.62028 
0.392786 1.45025 
0.409057 1.9878 
0.921962 1.39807 
1.13417 2.19677 
1.54168 1.54168 
2.19677 1.13417 
2.28596 2.28596 
1.85071 2.8981 
1.82516 2.35753 
2.49887 0.414875 
1.62028 1.08527 
2.9992 1.06539 
2.13465 1.66136 
1.39807 0.921962 
1.75 0.307143 
1.00385 1.00385 
0.75 0.260125 
1.25 0.28272 
0.890801 0.363603 
1.9878 0.409057 
2.75 0.33179 
3.25 0.325197 
2.98297 0.410604 
2.4839 1.04865 
3.99369 1.00596 
3.84218 2.38889 
3.49237 1.04613 
3.19311 1.13526 
3.75 0.307143 
3.44318 0.394806 
4.75 0.25 
4.73833 0.261672 
5.89685 0.577418 
3.9622 0.994608 
4.54073 1.43566 
3.61344 1.08708 
4.15207 1.60878 
3.88486 0.364941 
4.40481 0.88581 
3.74705 1.74764 
4.29273 2.17809 
5.01489 1.75 
4.73349 1.96651 
4.49488 3.21047 
4.64309 1.97244 
4.48695 2.70748 
4.16627 2.30455 
5.00279 2.25 
4.70235 2.49208 
3.46913 2.4552 
3.00807 3.51362 
3.71342 1.73553 
3.88244 2.34863 
3.87359 3.5028 
3.5028 3.87359 
2.72227 1.15081 
3.36061 1.82438 
2.35753 1.82516 
3.22353 1.76563 
3.00971 2.49001 
2.8981 1.85071 
3.51362 3.00807 
2.87675 4.20902 
3.47652 3.54708 
3.37274 4.00365 
3.50778 3.01391 
4.24382 4.05618 
4.00365 3.37274 
3.54708 3.47652 
3.88875 2.98207 
4.15675 3.83921 
4.37328 2.71248 
4.38907 3.20536 
4.20902 2.87675 
4.71483 2.99051 
5.05 3.25 
4.20788 3.38655 
4.68232 3.4649 
4.34305 3.65291 
4.76589 3.93411 
4.4741 3.67311 
4.61069 3.91504 
4.25 5.17361 
4.95 3.75 
4.89531 4.25 
4.76053 4.38478 
4.82639 4.75 
3.67311 4.4741 
4.38478 4.76053 
4.50833 4.34446 
3.79348 3.95374 
4.10315 4.42258 
3.91504 4.61069 
4.05618 4.24382 
3.83921 4.15675 
3.4649 4.68232 
3.38655 4.20788 
3.03349 5.26651 
3.20536 4.38907 
3.25 4.98511 
2.99152 4.75569 
2.5089 5.25598 
2.34863 3.88244 
2.50792 5.29765 
1.34709 5.65695 
1.96651 4.73349 
1.67143 4.08942 
2.30455 4.16627 
2.15876 4.45678 
2.99051 4.71483 
2.70748 4.48695 
2.4176 3.40074 
2.98207 3.88875 
3.01391 3.50778 
2.4552 3.46913 
1.82438 3.36061 
2.38461 2.86629 
2.17809 4.29273 
1.08708 3.61344 
2.89037 3.98045 
2.71248 4.37328 
1.74764 3.74705 
1.06539 2.9992 
1.76563 3.22353 
1.13526 3.19311 
1.04613 3.49237 
0.394806 3.44318 
0.307143 3.75 
1.73553 3.71342 
0.261672 4.73833 
0.25 4.75 
1.60878 4.15207 
0.317908 4.31402 
1.00596 3.99369 
1.97244 4.64309 
1.56393 4.41246 
1.5351 5.31768 
0.929675 4.36094 
1.43566 4.54073 
0.88581 4.40481 
1.32689 5.5259 
0.239471 5.61522 
0.173607 5.25 
0.615221 5.23947 
0.756184 5.94382 
0.896851 5.57742 
1.12641 6.4972 
1.08496 5.38931 
0.655539 5.49167 
1.41719 4.72812 
0.75 5.10469 
1.25 4.89531 
1.75 4.95 
1.75 5.01489 
2.29252 5.51305 
2.50999 6.99029 
1.52348 6.45292 
1.16079 5.84325 
1.06589 5.23411 
1.25 5.05 
1.52893 5.23595 
0.996354 6.62726 
0.317682 6.5351 
1.04626 6.20652 
1.4972 6.12641 
1.63939 8.17562 
1.99193 6.48638 
1.53087 7.5448 
1.01955 7.10963 
1.49222 6.98609 
1.45292 6.52348 
0.910581 8.32857 
0.626716 7.28752 
1.11125 7.01793 
0.505123 6.78953 
0.234106 6.06589 
0.656948 6.34709 
0.0148859 6.75 
0.235954 6.52893 
0.525899 6.32689 
0.792122 6.61345 
0.0027864 7.25 
0.513052 7.29252 
0.266512 8.03349 
0.297654 7.50792 
0.68598 9.68209 
0.104691 8.75 
0.0148859 7.75 
0.05 8.25 
0.255982 7.5089 
0.543219 7.84124 
0.173607 9.25 
0.25 9.75 
0.270028 9.15358 
0.595193 9.11419 
0.261672 9.73833 
1.0378 9.00539 
0.75 9.71728 
1.11514 9.63506 
1.25 9.69286 
1.00631 8.99404 
1.55682 9.60519 
1.80689 8.86474 
1.75 9.6748 
1.28658 8.26447 
1.50763 8.95387 
0.459268 8.56434 
0.833734 7.69545 
0.587539 8.43607 
1.15782 7.61111 
0.847933 8.39122 
0.356907 8.02756 
1.25295 8.25236 
0.707266 7.82191 
1.11756 7.65137 
2.1019 8.14929 
1.59926 7.5824 
2.13371 7.61539 
2.71404 7.71404 
2.86535 8.33864 
3.0122 9.59094 
2.0008 8.93461 
2.27773 8.84919 
1.77647 8.23437 
2.5161 8.95135 
2.30365 8.26018 
2.80323 8.86583 
2.25 9.66821 
2.01703 9.5894 
2.50113 9.58513 
3.05085 9.00193 
2.75 9.6748 
3.37972 8.91473 
3.54975 9.60721 
3.25 9.69286 
4.6364 9.1092 
4.1092 9.6364 
4.75 9.75 
4.25 9.73988 
4.16616 9.16616 
5.25 9.75 
5.36494 8.88486 
4.73988 9.25 
3.25246 8.25246 
3.91473 8.37972 
4.69286 8.25 
5.4106 7.98297 
4.00193 8.05085 
3.14929 7.1019 
3.86583 7.80323 
3.45832 8.45832 
4.59094 8.0122 
4.07804 8.60193 
4.5894 7.01703 
5.28272 6.25 
4.11419 5.59519 
4.69286 6.25 
4.00539 6.0378 
4.63506 6.11514 
4.66821 7.25 
3.95135 7.5161 
3.95387 6.50763 
4.60519 6.55682 
3.17562 6.63939 
3.93461 7.0008 
2.61539 7.13371 
2.5427 7.5427 
1.98609 6.49222 
2.5448 6.53087 
3.25236 6.25295 
2.5824 6.59926 
3.26447 6.28658 
3.91292 6.38656 
2.75 4.99721 
2.84124 5.54322 
2.10963 6.01955 
1.62726 5.99635 
2.00848 5.24431 
2.28752 5.62672 
2.00949 5.28517 
2.25 4.98511 
2.25 5.00279 
2.4911 4.74402 
2.75 5.01489 
3.58281 5.27188 
3.56434 5.45927 
2.82191 5.70727 
3.02756 5.35691 
3.25 5.05 
3.39122 5.84793 
3.43607 5.58754 
3.75 5.10469 
4.25 4.89531 
4.15358 5.27003 
4.75 5.25 
5.25 4.75 
4.73833 5.26167 
5.25 5.25 
4.71728 5.75 
5.17361 4.25 
5.8908 5.3636 
5.27003 4.15358 
5.26167 4.73833 
7.0008 3.93461 
5.68598 4.68209 
7.75 4.6748 
5.75 4.71728 
8.25 5.3252 
7.4839 6.04865 
7.50113 4.58513 
7.72227 6.15081 
6.11514 4.63506 
5.3636 5.8908 
6.75 5.30714 
6.45025 5.39279 
7.75 5.33179 
7.19677 6.13417 
7.49887 5.41487 
8.75 5.30714 
6.13417 7.19677 
6.94915 5.99807 
6.82516 7.35753 
5.40906 6.9878 
7.13465 6.66136 
6.00385 6.00385 
6.54168 6.54168 
6.08527 6.62028 
6.25 5.28272 
6.39807 5.92196 
5.75 5.26012 
5.83384 5.83384 
4.6748 6.75 
5.39279 6.45025 
5.92196 6.39807 
5.99807 6.94915 
6.66136 7.13465 
5.41487 7.49887 
6.85071 7.8981 
5.39481 8.44318 
6.13526 8.19311 
5.3252 8.25 
4.6748 7.75 
5.33179 7.75 
6.15081 7.72227 
6.73553 8.71342 
5.31791 9.31402 
5.99461 8.9622 
5.75 9.82639 
6.56393 9.41246 
5.92967 9.36094 
6.74764 8.74705 
6.00596 8.99369 
6.06539 7.9992 
6.82438 8.36061 
6.41719 9.72812 
7.15876 9.45678 
6.25 9.89531 
6.75 9.95 
7.49208 9.70235 
7.4911 9.74402 
7.25 9.98511 
7.89037 8.98045 
7.4176 8.40074 
7.17809 9.29273 
6.67143 9.08942 
7.98207 8.88875 
7.71248 9.37328 
6.73982 7.69635 
6.76563 8.22353 
7.4573 7.4573 
7.35753 6.82516 
8.04735 8.04735 
7.4552 8.46913 
7.86629 7.38461 
8.84218 7.38889 
8.51362 8.00807 
8.38655 9.20788 
8.87359 8.5028 
8.95374 8.79348 
8.00807 8.51362 
8.5028 8.87359 
8.54708 8.47652 
8.01391 8.50778 
7.87675 9.20902 
8.37274 9.00365 
7.75 9.99721 
7.99051 9.71483 
8.4649 9.68232 
8.25 9.98511 
7.99152 9.75569 
8.67311 9.4741 
8.47107 9.76405 
9.34446 9.50833 
8.75 9.95 
9.25 9.89531 
9.75 9.82639 
9.38478 9.76053 
9.76053 9.38478 
9.82639 9.75 
9.61069 8.91504 
9.89531 9.25 
9.05618 9.24382 
8.91504 9.61069 
9.42258 9.10315 
9.15675 8.83921 
9.76405 8.47107 
9.34305 8.65291 
9.68232 8.4649 
9.76589 8.93411 
9.95 8.75 
9.98511 8.25 
9.99721 7.75 
9.64309 6.97244 
9.98511 7.25 
9.41246 6.56393 
9.70235 7.49208 
9.20902 7.87675 
9.95 6.75 
9.73349 6.96651 
8.88244 7.34863 
9.37328 7.71248 
8.46913 7.4552 
8.98045 7.89037 
7.8981 6.85071 
8.40074 7.4176 
8.61344 6.08708 
9.15207 6.60878 
8.74705 6.74764 
9.29273 7.17809 
8.88486 5.36494 
7.98297 5.4106 
8.49237 6.04613 
8.19311 6.13526 
8.60193 4.07804 
8.54975 4.60721 
8.44318 5.39481 
8.25 4.69286 
9.1092 4.6364 
8.37972 3.91473 
9.75 4.75 
9.16616 4.16616 
9.25 5.28272 
9.36094 5.92967 
9.73833 5.26167 
9.25 4.73988 
9.89531 6.25 
9.40481 5.88581 
9.31402 5.31791 
9.75 5.25 
9.73988 4.25 
9.6364 4.1092 
8.99615 3.99615 
9.71728 3.75 
8.25246 3.25246 
8.91473 3.37972 
8.93461 2.0008 
9.60721 3.54975 
9.69286 3.25 
9.59094 3.0122 
8.84919 2.27773 
8.95387 1.50763 
9.66821 2.25 
9.5894 2.01703 
9.6748 2.75 
8.95135 2.5161 
9.58513 2.50113 
6.11756 2.65137 
7.61111 1.15782 
8.14929 2.1019 
8.86474 1.80689 
7.61539 2.13371 
8.17562 1.63939 
7.02398 2.02398 
6.63939 3.17562 
7.5427 2.5427 
7.86535 3.33864 
7.71404 2.71404 
8.17484 2.64247 
8.45832 3.45832 
8.33864 2.86535 
7.5161 3.95135 
8.0122 4.59094 
6.55682 4.60519 
7.27773 3.84919 
7.30365 3.26018 
7.64247 3.17484 
6.75 4.6748 
6.00631 3.99404 
7.01703 4.5894 
6.50763 3.95387 
5.99635 1.62726 
6.77647 3.23437 
5.84793 3.39122 
5.59519 4.11419 
6.25295 3.25236 
6.38656 3.91292 
5.27188 3.58281 
5.63906 4.07033 
4.75569 2.99152 
5.10469 3.75 
4.99721 2.75 
4.98511 3.25 
5.58754 3.43607 
5.45927 3.56434 
5.91058 3.32857 
5.26651 3.03349 
5.28517 2.00949 
5.70727 2.82191 
5.29765 2.50792 
5.54322 2.84124 
4.98511 2.25 
5.25598 2.5089 
5.61093 1.79464 
4.95 1.75 
5.50512 1.78953 
5.51305 2.29252 
6.45292 1.52348 
6.15782 2.61111 
5.83373 2.69545 
5.62672 2.28752 
6.59926 2.5824 
6.01955 2.10963 
6.53087 2.5448 
6.28658 3.26447 
6.95265 1.95265 
7.13371 2.61539 
6.99029 2.50999 
7.1019 3.14929 
6.99193 1.48638 
6.48638 1.99193 
6.34709 0.656948 
6.04626 1.20652 
5.75618 0.943816 
6.20652 1.04626 
6.12641 1.4972 
6.49222 1.98609 
6.4972 1.12641 
6.52348 1.45292 
5.05 1.25 
5.79212 1.61345 
4.72997 0.846421 
5.23595 1.52893 
4.89531 1.25 
5.75 0.104691 
5.65695 1.34709 
5.31768 1.5351 
5.84325 1.16079 
5.23411 1.06589 
5.38931 1.08496 
5.65554 0.491674 
5.23947 0.615221 
5.57742 0.896851 
5.25 0.173607 
5.49167 0.655539 
5.17361 0.25 
6.32689 0.525899 
5.61522 0.239471 
6.52893 0.235954 
5.94382 0.756184 
6.08496 0.389313 
6.75 0.0148859 
6.61345 0.792122 
7.12325 0.790984 
6.5351 0.317682 
6.78953 0.505123 
7.00949 0.285169 
7.29252 0.513052 
8.58281 0.271877 
7.75 0.0148859 
8.03349 0.266512 
7.25 0.0027864 
7.5089 0.255982 
7.82191 0.707266 
7.28752 0.626716 
7.50999 1.99029 
7.01793 1.11125 
6.98609 1.49222 
7.5448 1.53087 
7.5824 1.59926 
7.69545 0.833734 
7.65137 1.11756 
7.84124 0.543219 
8.02756 0.356907 
8.56434 0.459268 
8.99404 1.00631 
8.26447 1.28658 
9.00539 1.0378 
9.60519 1.55682 
9.6748 1.75 
9.11419 0.595193 
9.63506 1.11514 
9.69286 1.25 
9.71728 0.75 
9.07033 0.639058 
8.39122 0.847933 
9.15358 0.270028 
9.68209 0.68598 
9.25 0.173607 
9.73833 0.261672 
9.75 0.25 
0.25 -20.6097 
-20.6097 0.25 
-20.2482 0.75 
-19.8856 1.25 
-19.5434 1.75 
-19.2406 2.25 
-18.9925 2.75 
-18.8086 3.25 
-18.6915 3.75 
-18.6359 4.25 
-18.6487 4.75 
-18.8014 5.25 
-18.9899 5.75 
-19.1975 6.25 
-19.4106 6.75 
-19.6197 7.25 
-19.8206 7.75 
-20.0137 8.25 
-20.204 8.75 
-20.3994 9.25 
-20.6097 9.75 
0.75 -20.2482 
0.25 30.6097 
1.25 -19.8856 
0.75 30.2088 
1.75 -19.5434 
1.25 29.8421 
2.25 -19.2406 
1.75 29.5105 
2.75 -18.9925 
2.25 29.2283 
3.25 -18.8086 
2.75 29.005 
3.75 -18.6915 
3.25 28.8435 
4.25 -18.6359 
3.75 28.7395 
4.75 -18.6487 
4.25 28.6809 
5.25 -18.8014 
4.75 28.6487 
5.75 -18.9899 
5.25 28.6487 
6.25 -19.1975 
5.75 28.8528 
6.75 -19.4106 
6.25 29.0898 
7.25 -19.6197 
6.75 29.3424 
7.75 -19.8206 
7.25 29.5966 
8.25 -20.0137 
7.75 29.8433 
8.75 -20.204 
8.25 30.0782 
9.25 -20.3994 
8.75 30.3022 
9.75 -20.6097 
9.25 30.5202 
30.6097 0.25 
30.2088 0.75 
29.8421 1.25 
29.5105 1.75 
29.2283 2.25 
29.005 2.75 
28.8435 3.25 
28.7395 3.75 
28.6809 4.25 
28.6487 4.75 
28.6487 5.25 
28.8528 5.75 
29.0898 6.25 
29.3424 6.75 
29.5966 7.25 
29.8433 7.75 
30.0782 8.25 
30.3022 8.75 
30.5202 9.25 
30.7403 9.75 
9.75 30.7403 
0.25 0 
0 0 
0 0.25 
0 0.75 
0 1.25 
0 1.75 
0 2.25 
0 2.75 
0 3.25 
0 3.75 
0 4.25 
0 4.75 
0 5.25 
0 5.75 
0 6.25 
0 6.75 
0 7.25 
0 7.75 
0 8.25 
0 8.75 
0 9.25 
0 9.75 
0 10 
0.25 10 
0.75 0 
0.75 10 
1.25 0 
1.25 10 
1.75 0 
1.75 10 
2.25 0 
2.25 10 
2.75 0 
2.75 10 
3.25 0 
3.25 10 
3.75 0 
3.75 10 
4.25 0 
4.25 10 
4.75 0 
4.75 10 
5.25 0 
5.25 10 
5.75 0 
5.75 10 
6.25 0 
6.25 10 
6.75 0 
6.75 10 
7.25 0 
7.25 10 
7.75 0 
7.75 10 
8.25 0 
8.25 10 
8.75 0 
8.75 10 
9.25 0 
9.25 10 
9.75 0 
9.75 10 
10 0 
10 0.25 
10 0.75 
10 1.25 
10 1.75 
10 2.25 
10 2.75 
10 3.25 
10 3.75 
10 4.25 
10 4.75 
10 5.25 
10 5.75 
10 6.25 
10 6.75 
10 7.25 
10 7.75 
10 8.25 
10 8.75 
10 9.25 
10 9.75 
10 10 
