# Date: 8/4/2013   Time: 8:50
# dimensions 
1 1 
# connectivity 
25
4  1  2  3  4    1 1 
6  5  6  7  8  9  10    1 1 
4  11  12  13  14    1 1 
4  15  16  17  18    1 1 
4  19  20  21  22    1 1 
6  23  24  25  26  27  28    1 1 
5  29  30  31  32  33    1 1 
6  34  35  36  37  38  39    1 1 
6  40  41  42  43  44  45    1 1 
6  46  47  48  49  50  51    1 1 
4  52  53  54  55    1 1 
6  56  57  58  59  60  61    1 1 
5  62  63  64  65  66    1 1 
8  67  68  69  70  71  72  73  74    1 1 
4  75  76  77  78    1 1 
4  79  80  81  82    1 1 
6  83  84  85  86  87  88    1 1 
8  89  90  91  92  93  94  95  96    1 1 
7  97  98  99  100  101  102  103    1 1 
4  104  105  106  107    1 1 
4  108  109  110  111    1 1 
6  112  113  114  115  116  117    1 1 
4  118  119  120  121    1 1 
4  122  123  124  125    1 1 
3  126  127  128    1 1 
# DG vertices (counter-clockwise) 
128
0  0  
0.125  0  
0.125  0.125  
0  0.125  
0  0.125  
0.125  0.125  
0.234091  0.234091  
0.215  0.285  
0.125  0.375  
0  0.375  
0  0.375  
0.125  0.375  
0.125  0.475  
0  0.6  
0  0.641667  
0.215  0.785  
0.125  0.875  
0  0.875  
0  0.875  
0.125  0.875  
0.125  1  
0  1  
0.125  0  
0.375  0  
0.375  0.125  
0.285  0.215  
0.234091  0.234091  
0.125  0.125  
0.215  0.285  
0.234091  0.234091  
0.285  0.215  
0.525  0.375  
0.375  0.525  
0.125  0.475  
0.125  0.375  
0.215  0.285  
0.375  0.525  
0.375  0.625  
0.285  0.715  
0  0.641667  
0  0.6  
0.125  0.475  
0.285  0.715  
0.265909  0.765909  
0.215  0.785  
0.125  0.875  
0.215  0.785  
0.265909  0.765909  
0.375  0.875  
0.375  1  
0.125  1  
0.375  0  
0.6  0  
0.475  0.125  
0.375  0.125  
0.285  0.215  
0.375  0.125  
0.475  0.125  
0.715  0.285  
0.625  0.375  
0.525  0.375  
0.525  0.375  
0.625  0.375  
0.625  0.625  
0.375  0.625  
0.375  0.525  
0.285  0.715  
0.375  0.625  
0.625  0.625  
0.734091  0.734091  
0.715  0.785  
0.625  0.875  
0.375  0.875  
0.265909  0.765909  
0.375  0.875  
0.625  0.875  
0.625  1  
0.375  1  
0.641667  0  
0.875  0  
0.875  0.125  
0.785  0.215  
0.475  0.125  
0.6  0  
0.641667  0  
0.785  0.215  
0.765909  0.265909  
0.715  0.285  
0.625  0.375  
0.715  0.285  
0.765909  0.265909  
0.875  0.375  
0.875  0.625  
0.785  0.715  
0.734091  0.734091  
0.625  0.625  
0.715  0.785  
0.734091  0.734091  
0.785  0.715  
1  0.858333  
1  0.9  
0.9  1  
0.858333  1  
0.625  0.875  
0.715  0.785  
0.858333  1  
0.625  1  
0.875  0  
1  0  
1  0.125  
0.875  0.125  
0.785  0.215  
0.875  0.125  
1  0.125  
1  0.375  
0.875  0.375  
0.765909  0.265909  
0.875  0.375  
1  0.375  
1  0.625  
0.875  0.625  
0.875  0.625  
1  0.625  
1  0.858333  
0.785  0.715  
1  0.9  
1  1  
0.9  1  
# grid vertices 
72
0.215 0.785 
0.234091 0.234091 
0.785 0.715 
0.125 0.125 
0.215 0.285 
0.125 0.375 
0.715 0.285 
0.265909 0.765909 
0.285 0.715 
-0.025 0.625 
0.734091 0.734091 
0.125 0.875 
0.375 0.525 
0.125 0.475 
0.525 0.375 
0.375 0.625 
0.375 0.875 
0.625 0.875 
0.875 1.025 
0.875 0.625 
0.625 0.625 
0.715 0.785 
1.025 0.875 
0.875 0.375 
0.625 0.375 
0.475 0.125 
0.285 0.215 
0.785 0.215 
0.375 0.125 
0.625 -0.025 
0.765909 0.265909 
0.875 0.125 
0.125 -1.81954 
-1.81954 0.125 
-1.6845 0.375 
-1.97889 0.625 
-1.81954 0.875 
0.375 -1.6845 
0.125 2.81954 
0.625 -1.97889 
0.375 2.6845 
0.875 -1.81954 
0.625 2.6845 
2.81954 0.125 
2.6845 0.375 
2.6845 0.625 
3.08439 0.875 
0.875 3.08439 
0.125 0 
0 0 
0 0.125 
0 0.375 
0 0.6 
0 0.641667 
0 0.875 
0 1 
0.125 1 
0.375 0 
0.375 1 
0.6 0 
0.625 1 
0.875 0 
0.641667 0 
1 0.9 
1 0.858333 
0.858333 1 
0.9 1 
1 0 
1 0.125 
1 0.375 
1 0.625 
1 1 
