# Date: 7/14/2013   Time: 17:21
# dimensions 
1 1 
# connectivity 
441
4  1  2  3  4    1 1 
5  5  6  7  8  9    1 1 
5  10  11  12  13  14    1 1 
5  15  16  17  18  19    1 1 
5  20  21  22  23  24    1 1 
5  25  26  27  28  29    1 1 
5  30  31  32  33  34    1 1 
5  35  36  37  38  39    1 1 
5  40  41  42  43  44    1 1 
6  45  46  47  48  49  50    1 1 
5  51  52  53  54  55    1 1 
5  56  57  58  59  60    1 1 
4  61  62  63  64    1 1 
4  65  66  67  68    1 1 
4  69  70  71  72    1 1 
4  73  74  75  76    1 1 
4  77  78  79  80    1 1 
4  81  82  83  84    1 1 
5  85  86  87  88  89    1 1 
5  90  91  92  93  94    1 1 
4  95  96  97  98    1 1 
5  99  100  101  102  103    1 1 
6  104  105  106  107  108  109    1 1 
6  110  111  112  113  114  115    1 1 
6  116  117  118  119  120  121    1 1 
6  122  123  124  125  126  127    1 1 
6  128  129  130  131  132  133    1 1 
6  134  135  136  137  138  139    1 1 
6  140  141  142  143  144  145    1 1 
7  146  147  148  149  150  151  152    1 1 
5  153  154  155  156  157    1 1 
6  158  159  160  161  162  163    1 1 
6  164  165  166  167  168  169    1 1 
6  170  171  172  173  174  175    1 1 
5  176  177  178  179  180    1 1 
5  181  182  183  184  185    1 1 
5  186  187  188  189  190    1 1 
5  191  192  193  194  195    1 1 
5  196  197  198  199  200    1 1 
6  201  202  203  204  205  206    1 1 
5  207  208  209  210  211    1 1 
6  212  213  214  215  216  217    1 1 
5  218  219  220  221  222    1 1 
6  223  224  225  226  227  228    1 1 
6  229  230  231  232  233  234    1 1 
6  235  236  237  238  239  240    1 1 
6  241  242  243  244  245  246    1 1 
6  247  248  249  250  251  252    1 1 
6  253  254  255  256  257  258    1 1 
7  259  260  261  262  263  264  265    1 1 
5  266  267  268  269  270    1 1 
6  271  272  273  274  275  276    1 1 
6  277  278  279  280  281  282    1 1 
6  283  284  285  286  287  288    1 1 
6  289  290  291  292  293  294    1 1 
6  295  296  297  298  299  300    1 1 
7  301  302  303  304  305  306  307    1 1 
7  308  309  310  311  312  313  314    1 1 
7  315  316  317  318  319  320  321    1 1 
7  322  323  324  325  326  327  328    1 1 
5  329  330  331  332  333    1 1 
7  334  335  336  337  338  339  340    1 1 
5  341  342  343  344  345    1 1 
5  346  347  348  349  350    1 1 
6  351  352  353  354  355  356    1 1 
6  357  358  359  360  361  362    1 1 
6  363  364  365  366  367  368    1 1 
6  369  370  371  372  373  374    1 1 
6  375  376  377  378  379  380    1 1 
7  381  382  383  384  385  386  387    1 1 
5  388  389  390  391  392    1 1 
7  393  394  395  396  397  398  399    1 1 
6  400  401  402  403  404  405    1 1 
6  406  407  408  409  410  411    1 1 
5  412  413  414  415  416    1 1 
6  417  418  419  420  421  422    1 1 
6  423  424  425  426  427  428    1 1 
6  429  430  431  432  433  434    1 1 
6  435  436  437  438  439  440    1 1 
6  441  442  443  444  445  446    1 1 
5  447  448  449  450  451    1 1 
7  452  453  454  455  456  457  458    1 1 
6  459  460  461  462  463  464    1 1 
5  465  466  467  468  469    1 1 
5  470  471  472  473  474    1 1 
6  475  476  477  478  479  480    1 1 
6  481  482  483  484  485  486    1 1 
6  487  488  489  490  491  492    1 1 
6  493  494  495  496  497  498    1 1 
7  499  500  501  502  503  504  505    1 1 
5  506  507  508  509  510    1 1 
6  511  512  513  514  515  516    1 1 
7  517  518  519  520  521  522  523    1 1 
5  524  525  526  527  528    1 1 
6  529  530  531  532  533  534    1 1 
5  535  536  537  538  539    1 1 
7  540  541  542  543  544  545  546    1 1 
6  547  548  549  550  551  552    1 1 
6  553  554  555  556  557  558    1 1 
6  559  560  561  562  563  564    1 1 
5  565  566  567  568  569    1 1 
7  570  571  572  573  574  575  576    1 1 
6  577  578  579  580  581  582    1 1 
6  583  584  585  586  587  588    1 1 
5  589  590  591  592  593    1 1 
5  594  595  596  597  598    1 1 
6  599  600  601  602  603  604    1 1 
6  605  606  607  608  609  610    1 1 
6  611  612  613  614  615  616    1 1 
7  617  618  619  620  621  622  623    1 1 
5  624  625  626  627  628    1 1 
6  629  630  631  632  633  634    1 1 
6  635  636  637  638  639  640    1 1 
7  641  642  643  644  645  646  647    1 1 
5  648  649  650  651  652    1 1 
6  653  654  655  656  657  658    1 1 
5  659  660  661  662  663    1 1 
7  664  665  666  667  668  669  670    1 1 
6  671  672  673  674  675  676    1 1 
6  677  678  679  680  681  682    1 1 
5  683  684  685  686  687    1 1 
7  688  689  690  691  692  693  694    1 1 
6  695  696  697  698  699  700    1 1 
6  701  702  703  704  705  706    1 1 
6  707  708  709  710  711  712    1 1 
5  713  714  715  716  717    1 1 
5  718  719  720  721  722    1 1 
6  723  724  725  726  727  728    1 1 
6  729  730  731  732  733  734    1 1 
7  735  736  737  738  739  740  741    1 1 
5  742  743  744  745  746    1 1 
6  747  748  749  750  751  752    1 1 
6  753  754  755  756  757  758    1 1 
6  759  760  761  762  763  764    1 1 
7  765  766  767  768  769  770  771    1 1 
5  772  773  774  775  776    1 1 
6  777  778  779  780  781  782    1 1 
5  783  784  785  786  787    1 1 
7  788  789  790  791  792  793  794    1 1 
6  795  796  797  798  799  800    1 1 
5  801  802  803  804  805    1 1 
7  806  807  808  809  810  811  812    1 1 
6  813  814  815  816  817  818    1 1 
6  819  820  821  822  823  824    1 1 
6  825  826  827  828  829  830    1 1 
6  831  832  833  834  835  836    1 1 
5  837  838  839  840  841    1 1 
5  842  843  844  845  846    1 1 
6  847  848  849  850  851  852    1 1 
7  853  854  855  856  857  858  859    1 1 
5  860  861  862  863  864    1 1 
6  865  866  867  868  869  870    1 1 
6  871  872  873  874  875  876    1 1 
6  877  878  879  880  881  882    1 1 
6  883  884  885  886  887  888    1 1 
6  889  890  891  892  893  894    1 1 
5  895  896  897  898  899    1 1 
6  900  901  902  903  904  905    1 1 
6  906  907  908  909  910  911    1 1 
7  912  913  914  915  916  917  918    1 1 
5  919  920  921  922  923    1 1 
7  924  925  926  927  928  929  930    1 1 
6  931  932  933  934  935  936    1 1 
6  937  938  939  940  941  942    1 1 
6  943  944  945  946  947  948    1 1 
6  949  950  951  952  953  954    1 1 
6  955  956  957  958  959  960    1 1 
5  961  962  963  964  965    1 1 
5  966  967  968  969  970    1 1 
7  971  972  973  974  975  976  977    1 1 
5  978  979  980  981  982    1 1 
7  983  984  985  986  987  988  989    1 1 
7  990  991  992  993  994  995  996    1 1 
7  997  998  999  1000  1001  1002  1003    1 1 
7  1004  1005  1006  1007  1008  1009  1010    1 1 
6  1011  1012  1013  1014  1015  1016    1 1 
6  1017  1018  1019  1020  1021  1022    1 1 
6  1023  1024  1025  1026  1027  1028    1 1 
6  1029  1030  1031  1032  1033  1034    1 1 
6  1035  1036  1037  1038  1039  1040    1 1 
5  1041  1042  1043  1044  1045    1 1 
7  1046  1047  1048  1049  1050  1051  1052    1 1 
6  1053  1054  1055  1056  1057  1058    1 1 
6  1059  1060  1061  1062  1063  1064    1 1 
6  1065  1066  1067  1068  1069  1070    1 1 
6  1071  1072  1073  1074  1075  1076    1 1 
6  1077  1078  1079  1080  1081  1082    1 1 
6  1083  1084  1085  1086  1087  1088    1 1 
5  1089  1090  1091  1092  1093    1 1 
6  1094  1095  1096  1097  1098  1099    1 1 
5  1100  1101  1102  1103  1104    1 1 
6  1105  1106  1107  1108  1109  1110    1 1 
6  1111  1112  1113  1114  1115  1116    1 1 
5  1117  1118  1119  1120  1121    1 1 
5  1122  1123  1124  1125  1126    1 1 
5  1127  1128  1129  1130  1131    1 1 
5  1132  1133  1134  1135  1136    1 1 
6  1137  1138  1139  1140  1141  1142    1 1 
6  1143  1144  1145  1146  1147  1148    1 1 
6  1149  1150  1151  1152  1153  1154    1 1 
5  1155  1156  1157  1158  1159    1 1 
7  1160  1161  1162  1163  1164  1165  1166    1 1 
6  1167  1168  1169  1170  1171  1172    1 1 
6  1173  1174  1175  1176  1177  1178    1 1 
6  1179  1180  1181  1182  1183  1184    1 1 
6  1185  1186  1187  1188  1189  1190    1 1 
6  1191  1192  1193  1194  1195  1196    1 1 
6  1197  1198  1199  1200  1201  1202    1 1 
6  1203  1204  1205  1206  1207  1208    1 1 
5  1209  1210  1211  1212  1213    1 1 
5  1214  1215  1216  1217  1218    1 1 
6  1219  1220  1221  1222  1223  1224    1 1 
6  1225  1226  1227  1228  1229  1230    1 1 
6  1231  1232  1233  1234  1235  1236    1 1 
6  1237  1238  1239  1240  1241  1242    1 1 
6  1243  1244  1245  1246  1247  1248    1 1 
6  1249  1250  1251  1252  1253  1254    1 1 
6  1255  1256  1257  1258  1259  1260    1 1 
6  1261  1262  1263  1264  1265  1266    1 1 
6  1267  1268  1269  1270  1271  1272    1 1 
5  1273  1274  1275  1276  1277    1 1 
7  1278  1279  1280  1281  1282  1283  1284    1 1 
6  1285  1286  1287  1288  1289  1290    1 1 
6  1291  1292  1293  1294  1295  1296    1 1 
6  1297  1298  1299  1300  1301  1302    1 1 
6  1303  1304  1305  1306  1307  1308    1 1 
6  1309  1310  1311  1312  1313  1314    1 1 
6  1315  1316  1317  1318  1319  1320    1 1 
6  1321  1322  1323  1324  1325  1326    1 1 
7  1327  1328  1329  1330  1331  1332  1333    1 1 
4  1334  1335  1336  1337    1 1 
5  1338  1339  1340  1341  1342    1 1 
6  1343  1344  1345  1346  1347  1348    1 1 
6  1349  1350  1351  1352  1353  1354    1 1 
5  1355  1356  1357  1358  1359    1 1 
5  1360  1361  1362  1363  1364    1 1 
5  1365  1366  1367  1368  1369    1 1 
5  1370  1371  1372  1373  1374    1 1 
6  1375  1376  1377  1378  1379  1380    1 1 
6  1381  1382  1383  1384  1385  1386    1 1 
5  1387  1388  1389  1390  1391    1 1 
7  1392  1393  1394  1395  1396  1397  1398    1 1 
6  1399  1400  1401  1402  1403  1404    1 1 
6  1405  1406  1407  1408  1409  1410    1 1 
6  1411  1412  1413  1414  1415  1416    1 1 
6  1417  1418  1419  1420  1421  1422    1 1 
6  1423  1424  1425  1426  1427  1428    1 1 
6  1429  1430  1431  1432  1433  1434    1 1 
6  1435  1436  1437  1438  1439  1440    1 1 
7  1441  1442  1443  1444  1445  1446  1447    1 1 
5  1448  1449  1450  1451  1452    1 1 
5  1453  1454  1455  1456  1457    1 1 
4  1458  1459  1460  1461    1 1 
6  1462  1463  1464  1465  1466  1467    1 1 
6  1468  1469  1470  1471  1472  1473    1 1 
6  1474  1475  1476  1477  1478  1479    1 1 
7  1480  1481  1482  1483  1484  1485  1486    1 1 
7  1487  1488  1489  1490  1491  1492  1493    1 1 
7  1494  1495  1496  1497  1498  1499  1500    1 1 
7  1501  1502  1503  1504  1505  1506  1507    1 1 
5  1508  1509  1510  1511  1512    1 1 
7  1513  1514  1515  1516  1517  1518  1519    1 1 
6  1520  1521  1522  1523  1524  1525    1 1 
6  1526  1527  1528  1529  1530  1531    1 1 
6  1532  1533  1534  1535  1536  1537    1 1 
6  1538  1539  1540  1541  1542  1543    1 1 
6  1544  1545  1546  1547  1548  1549    1 1 
6  1550  1551  1552  1553  1554  1555    1 1 
6  1556  1557  1558  1559  1560  1561    1 1 
7  1562  1563  1564  1565  1566  1567  1568    1 1 
5  1569  1570  1571  1572  1573    1 1 
6  1574  1575  1576  1577  1578  1579    1 1 
5  1580  1581  1582  1583  1584    1 1 
4  1585  1586  1587  1588    1 1 
5  1589  1590  1591  1592  1593    1 1 
6  1594  1595  1596  1597  1598  1599    1 1 
6  1600  1601  1602  1603  1604  1605    1 1 
6  1606  1607  1608  1609  1610  1611    1 1 
6  1612  1613  1614  1615  1616  1617    1 1 
6  1618  1619  1620  1621  1622  1623    1 1 
5  1624  1625  1626  1627  1628    1 1 
7  1629  1630  1631  1632  1633  1634  1635    1 1 
6  1636  1637  1638  1639  1640  1641    1 1 
6  1642  1643  1644  1645  1646  1647    1 1 
6  1648  1649  1650  1651  1652  1653    1 1 
6  1654  1655  1656  1657  1658  1659    1 1 
6  1660  1661  1662  1663  1664  1665    1 1 
6  1666  1667  1668  1669  1670  1671    1 1 
6  1672  1673  1674  1675  1676  1677    1 1 
7  1678  1679  1680  1681  1682  1683  1684    1 1 
5  1685  1686  1687  1688  1689    1 1 
7  1690  1691  1692  1693  1694  1695  1696    1 1 
5  1697  1698  1699  1700  1701    1 1 
4  1702  1703  1704  1705    1 1 
4  1706  1707  1708  1709    1 1 
5  1710  1711  1712  1713  1714    1 1 
7  1715  1716  1717  1718  1719  1720  1721    1 1 
6  1722  1723  1724  1725  1726  1727    1 1 
6  1728  1729  1730  1731  1732  1733    1 1 
6  1734  1735  1736  1737  1738  1739    1 1 
5  1740  1741  1742  1743  1744    1 1 
7  1745  1746  1747  1748  1749  1750  1751    1 1 
6  1752  1753  1754  1755  1756  1757    1 1 
6  1758  1759  1760  1761  1762  1763    1 1 
6  1764  1765  1766  1767  1768  1769    1 1 
6  1770  1771  1772  1773  1774  1775    1 1 
6  1776  1777  1778  1779  1780  1781    1 1 
6  1782  1783  1784  1785  1786  1787    1 1 
6  1788  1789  1790  1791  1792  1793    1 1 
7  1794  1795  1796  1797  1798  1799  1800    1 1 
5  1801  1802  1803  1804  1805    1 1 
6  1806  1807  1808  1809  1810  1811    1 1 
7  1812  1813  1814  1815  1816  1817  1818    1 1 
5  1819  1820  1821  1822  1823    1 1 
4  1824  1825  1826  1827    1 1 
4  1828  1829  1830  1831    1 1 
5  1832  1833  1834  1835  1836    1 1 
7  1837  1838  1839  1840  1841  1842  1843    1 1 
6  1844  1845  1846  1847  1848  1849    1 1 
6  1850  1851  1852  1853  1854  1855    1 1 
5  1856  1857  1858  1859  1860    1 1 
7  1861  1862  1863  1864  1865  1866  1867    1 1 
6  1868  1869  1870  1871  1872  1873    1 1 
6  1874  1875  1876  1877  1878  1879    1 1 
6  1880  1881  1882  1883  1884  1885    1 1 
6  1886  1887  1888  1889  1890  1891    1 1 
6  1892  1893  1894  1895  1896  1897    1 1 
6  1898  1899  1900  1901  1902  1903    1 1 
6  1904  1905  1906  1907  1908  1909    1 1 
7  1910  1911  1912  1913  1914  1915  1916    1 1 
5  1917  1918  1919  1920  1921    1 1 
6  1922  1923  1924  1925  1926  1927    1 1 
6  1928  1929  1930  1931  1932  1933    1 1 
7  1934  1935  1936  1937  1938  1939  1940    1 1 
5  1941  1942  1943  1944  1945    1 1 
4  1946  1947  1948  1949    1 1 
4  1950  1951  1952  1953    1 1 
5  1954  1955  1956  1957  1958    1 1 
7  1959  1960  1961  1962  1963  1964  1965    1 1 
6  1966  1967  1968  1969  1970  1971    1 1 
5  1972  1973  1974  1975  1976    1 1 
7  1977  1978  1979  1980  1981  1982  1983    1 1 
6  1984  1985  1986  1987  1988  1989    1 1 
6  1990  1991  1992  1993  1994  1995    1 1 
6  1996  1997  1998  1999  2000  2001    1 1 
6  2002  2003  2004  2005  2006  2007    1 1 
6  2008  2009  2010  2011  2012  2013    1 1 
6  2014  2015  2016  2017  2018  2019    1 1 
6  2020  2021  2022  2023  2024  2025    1 1 
7  2026  2027  2028  2029  2030  2031  2032    1 1 
5  2033  2034  2035  2036  2037    1 1 
6  2038  2039  2040  2041  2042  2043    1 1 
6  2044  2045  2046  2047  2048  2049    1 1 
6  2050  2051  2052  2053  2054  2055    1 1 
7  2056  2057  2058  2059  2060  2061  2062    1 1 
5  2063  2064  2065  2066  2067    1 1 
4  2068  2069  2070  2071    1 1 
4  2072  2073  2074  2075    1 1 
5  2076  2077  2078  2079  2080    1 1 
7  2081  2082  2083  2084  2085  2086  2087    1 1 
5  2088  2089  2090  2091  2092    1 1 
7  2093  2094  2095  2096  2097  2098  2099    1 1 
6  2100  2101  2102  2103  2104  2105    1 1 
6  2106  2107  2108  2109  2110  2111    1 1 
6  2112  2113  2114  2115  2116  2117    1 1 
6  2118  2119  2120  2121  2122  2123    1 1 
6  2124  2125  2126  2127  2128  2129    1 1 
6  2130  2131  2132  2133  2134  2135    1 1 
6  2136  2137  2138  2139  2140  2141    1 1 
7  2142  2143  2144  2145  2146  2147  2148    1 1 
5  2149  2150  2151  2152  2153    1 1 
6  2154  2155  2156  2157  2158  2159    1 1 
6  2160  2161  2162  2163  2164  2165    1 1 
6  2166  2167  2168  2169  2170  2171    1 1 
6  2172  2173  2174  2175  2176  2177    1 1 
6  2178  2179  2180  2181  2182  2183    1 1 
5  2184  2185  2186  2187  2188    1 1 
4  2189  2190  2191  2192    1 1 
5  2193  2194  2195  2196  2197    1 1 
6  2198  2199  2200  2201  2202  2203    1 1 
5  2204  2205  2206  2207  2208    1 1 
7  2209  2210  2211  2212  2213  2214  2215    1 1 
6  2216  2217  2218  2219  2220  2221    1 1 
6  2222  2223  2224  2225  2226  2227    1 1 
6  2228  2229  2230  2231  2232  2233    1 1 
6  2234  2235  2236  2237  2238  2239    1 1 
6  2240  2241  2242  2243  2244  2245    1 1 
6  2246  2247  2248  2249  2250  2251    1 1 
6  2252  2253  2254  2255  2256  2257    1 1 
7  2258  2259  2260  2261  2262  2263  2264    1 1 
5  2265  2266  2267  2268  2269    1 1 
7  2270  2271  2272  2273  2274  2275  2276    1 1 
7  2277  2278  2279  2280  2281  2282  2283    1 1 
7  2284  2285  2286  2287  2288  2289  2290    1 1 
7  2291  2292  2293  2294  2295  2296  2297    1 1 
6  2298  2299  2300  2301  2302  2303    1 1 
6  2304  2305  2306  2307  2308  2309    1 1 
6  2310  2311  2312  2313  2314  2315    1 1 
4  2316  2317  2318  2319    1 1 
5  2320  2321  2322  2323  2324    1 1 
5  2325  2326  2327  2328  2329    1 1 
7  2330  2331  2332  2333  2334  2335  2336    1 1 
6  2337  2338  2339  2340  2341  2342    1 1 
6  2343  2344  2345  2346  2347  2348    1 1 
6  2349  2350  2351  2352  2353  2354    1 1 
6  2355  2356  2357  2358  2359  2360    1 1 
6  2361  2362  2363  2364  2365  2366    1 1 
6  2367  2368  2369  2370  2371  2372    1 1 
6  2373  2374  2375  2376  2377  2378    1 1 
7  2379  2380  2381  2382  2383  2384  2385    1 1 
5  2386  2387  2388  2389  2390    1 1 
6  2391  2392  2393  2394  2395  2396    1 1 
5  2397  2398  2399  2400  2401    1 1 
5  2402  2403  2404  2405  2406    1 1 
5  2407  2408  2409  2410  2411    1 1 
5  2412  2413  2414  2415  2416    1 1 
5  2417  2418  2419  2420  2421    1 1 
6  2422  2423  2424  2425  2426  2427    1 1 
6  2428  2429  2430  2431  2432  2433    1 1 
5  2434  2435  2436  2437  2438    1 1 
4  2439  2440  2441  2442    1 1 
6  2443  2444  2445  2446  2447  2448    1 1 
5  2449  2450  2451  2452  2453    1 1 
5  2454  2455  2456  2457  2458    1 1 
5  2459  2460  2461  2462  2463    1 1 
5  2464  2465  2466  2467  2468    1 1 
5  2469  2470  2471  2472  2473    1 1 
5  2474  2475  2476  2477  2478    1 1 
5  2479  2480  2481  2482  2483    1 1 
5  2484  2485  2486  2487  2488    1 1 
4  2489  2490  2491  2492    1 1 
5  2493  2494  2495  2496  2497    1 1 
5  2498  2499  2500  2501  2502    1 1 
4  2503  2504  2505  2506    1 1 
4  2507  2508  2509  2510    1 1 
4  2511  2512  2513  2514    1 1 
4  2515  2516  2517  2518    1 1 
4  2519  2520  2521  2522    1 1 
4  2523  2524  2525  2526    1 1 
5  2527  2528  2529  2530  2531    1 1 
5  2532  2533  2534  2535  2536    1 1 
# DG vertices (counter-clockwise) 
2536
0  0  
0.025  0  
0.025  0.025  
0  0.025  
0  0.025  
0.025  0.025  
0.0332295  0.0332295  
0.0265313  0.075  
0  0.075  
0  0.075  
0.0265313  0.075  
0.0384774  0.0925862  
0.02984  0.125  
0  0.125  
0  0.125  
0.02984  0.125  
0.0416041  0.150188  
0.0333333  0.175  
0  0.175  
0  0.175  
0.0333333  0.175  
0.0433097  0.204929  
0.0358797  0.225  
0  0.225  
0  0.225  
0.0358797  0.225  
0.0439816  0.256207  
0.0368034  0.275  
0  0.275  
0  0.275  
0.0368034  0.275  
0.0436511  0.304007  
0.0358797  0.325  
0  0.325  
0  0.325  
0.0358797  0.325  
0.0420621  0.348814  
0.0333333  0.375  
0  0.375  
0  0.375  
0.0333333  0.375  
0.0387964  0.391389  
0.02984  0.425  
0  0.425  
0  0.425  
0.02984  0.425  
0.0333456  0.432506  
0.0268237  0.473176  
0.025  0.475  
0  0.475  
0  0.475  
0.025  0.475  
0.025  0.515451  
0.0154508  0.525  
0  0.525  
0  0.525  
0.0154508  0.525  
0.0233548  0.558482  
0.00683644  0.575  
0  0.575  
0  0.575  
0.00683644  0.575  
0.0225165  0.602483  
-1.38778e-17  0.625  
-1.38778e-17  0.625  
0.0220492  0.647049  
0.0222277  0.648383  
0  0.670611  
0  0.678078  
0.0198401  0.691992  
0.0211158  0.697982  
0  0.719098  
0  0.728647  
0.0213525  0.741844  
0.0222277  0.748383  
0  0.770611  
0  0.778078  
0.0264384  0.796619  
0.0263434  0.798657  
3.46945e-17  0.825  
3.46945e-17  0.825  
0.0284182  0.853418  
0.00683644  0.875  
0  0.875  
0  0.875  
0.00683644  0.875  
0.0281294  0.912321  
0.0154508  0.925  
0  0.925  
0  0.925  
0.0154508  0.925  
0.0268237  0.973176  
0.025  0.975  
0  0.975  
0  0.975  
0.025  0.975  
0.025  1  
0  1  
0.025  0  
0.075  0  
0.075  0.0265313  
0.0332295  0.0332295  
0.025  0.025  
0.0332295  0.0332295  
0.075  0.0265313  
0.0925862  0.0384774  
0.085653  0.085653  
0.0384774  0.0925862  
0.0265313  0.075  
0.0384774  0.0925862  
0.085653  0.085653  
0.106305  0.106305  
0.0971225  0.14351  
0.0416041  0.150188  
0.02984  0.125  
0.0416041  0.150188  
0.0971225  0.14351  
0.115953  0.171231  
0.107078  0.199783  
0.0433097  0.204929  
0.0333333  0.175  
0.0358797  0.225  
0.0433097  0.204929  
0.107078  0.199783  
0.121671  0.231028  
0.113655  0.254162  
0.0439816  0.256207  
0.0368034  0.275  
0.0439816  0.256207  
0.113655  0.254162  
0.123659  0.284173  
0.115754  0.306256  
0.0436511  0.304007  
0.0358797  0.325  
0.0436511  0.304007  
0.115754  0.306256  
0.121965  0.33018  
0.113138  0.355654  
0.0420621  0.348814  
0.0420621  0.348814  
0.113138  0.355654  
0.116443  0.369655  
0.106361  0.40209  
0.0387964  0.391389  
0.0333333  0.375  
0.0387964  0.391389  
0.106361  0.40209  
0.106866  0.404035  
0.0985333  0.437794  
0.0916794  0.444648  
0.0333456  0.432506  
0.02984  0.425  
0.0333456  0.432506  
0.0916794  0.444648  
0.0876785  0.471871  
0.075  0.484549  
0.0268237  0.473176  
0.025  0.475  
0.0268237  0.473176  
0.075  0.484549  
0.075  0.506836  
0.0584816  0.523355  
0.025  0.515451  
0.0154508  0.525  
0.025  0.515451  
0.0584816  0.523355  
0.0626278  0.543274  
0.0432739  0.562628  
0.0233548  0.558482  
0.00683644  0.575  
0.0233548  0.558482  
0.0432739  0.562628  
0.052575  0.581709  
0.0305308  0.603753  
0.0225165  0.602483  
0.0225165  0.602483  
0.0305308  0.603753  
0.0462342  0.622864  
0.0220492  0.647049  
-1.38778e-17  0.625  
0  0.670611  
0.0222277  0.648383  
0.0440853  0.667747  
0.0198401  0.691992  
0  0.678078  
0  0.719098  
0.0211158  0.697982  
0.0457022  0.717494  
0.0213525  0.741844  
0  0.728647  
0  0.770611  
0.0222277  0.748383  
0.0500377  0.77302  
0.0264384  0.796619  
0  0.778078  
3.46945e-17  0.825  
0.0263434  0.798657  
0.0558654  0.834585  
0.0382105  0.85224  
0.0284182  0.853418  
0.00683644  0.875  
0.0284182  0.853418  
0.0382105  0.85224  
0.0622062  0.901467  
0.0553523  0.908321  
0.0281294  0.912321  
0.0154508  0.925  
0.0281294  0.912321  
0.0553523  0.908321  
0.0674945  0.966654  
0.0268237  0.973176  
0.025  0.975  
0.0268237  0.973176  
0.0674945  0.966654  
0.075  0.97016  
0.075  1  
0.025  1  
0.075  0  
0.125  0  
0.125  0.02984  
0.0925862  0.0384774  
0.075  0.0265313  
0.0925862  0.0384774  
0.125  0.02984  
0.150188  0.0416041  
0.14351  0.0971225  
0.106305  0.106305  
0.085653  0.085653  
0.106305  0.106305  
0.14351  0.0971225  
0.171231  0.115953  
0.161774  0.161774  
0.115953  0.171231  
0.0971225  0.14351  
0.115953  0.171231  
0.161774  0.161774  
0.186717  0.186717  
0.177128  0.223093  
0.121671  0.231028  
0.107078  0.199783  
0.121671  0.231028  
0.177128  0.223093  
0.196019  0.250902  
0.187188  0.280716  
0.123659  0.284173  
0.113655  0.254162  
0.115754  0.306256  
0.123659  0.284173  
0.187188  0.280716  
0.199051  0.306114  
0.190387  0.334358  
0.121965  0.33018  
0.121965  0.33018  
0.190387  0.334358  
0.195964  0.351087  
0.186316  0.383661  
0.116443  0.369655  
0.113138  0.355654  
0.116443  0.369655  
0.186316  0.383661  
0.186915  0.385967  
0.17896  0.416146  
0.169171  0.425935  
0.106866  0.404035  
0.106361  0.40209  
0.106866  0.404035  
0.169171  0.425935  
0.165415  0.444135  
0.14776  0.46179  
0.0985333  0.437794  
0.0916794  0.444648  
0.0985333  0.437794  
0.14776  0.46179  
0.146582  0.471582  
0.125  0.493164  
0.0876785  0.471871  
0.075  0.484549  
0.0876785  0.471871  
0.125  0.493164  
0.125  0.5  
0.102483  0.522517  
0.075  0.506836  
0.0584816  0.523355  
0.075  0.506836  
0.102483  0.522517  
0.103753  0.530531  
0.0817086  0.552575  
0.0626278  0.543274  
0.0432739  0.562628  
0.0626278  0.543274  
0.0817086  0.552575  
0.085796  0.564204  
0.064204  0.585796  
0.052575  0.581709  
0.052575  0.581709  
0.064204  0.585796  
0.0733338  0.602171  
0.0515712  0.623934  
0.0462342  0.622864  
0.0305308  0.603753  
0.0462342  0.622864  
0.0515712  0.623934  
0.0674321  0.645765  
0.0453712  0.667825  
0.0440853  0.667747  
0.0222277  0.648383  
0.0220492  0.647049  
0.0198401  0.691992  
0.0440853  0.667747  
0.0453712  0.667825  
0.0679735  0.696306  
0.0468473  0.717432  
0.0457022  0.717494  
0.0211158  0.697982  
0.0213525  0.741844  
0.0457022  0.717494  
0.0468473  0.717432  
0.0739339  0.754714  
0.0565606  0.772087  
0.0500377  0.77302  
0.0222277  0.748383  
0.0263434  0.798657  
0.0264384  0.796619  
0.0500377  0.77302  
0.0565606  0.772087  
0.083854  0.82104  
0.0740653  0.830829  
0.0558654  0.834585  
0.0382105  0.85224  
0.0558654  0.834585  
0.0740653  0.830829  
0.0959646  0.893134  
0.0622062  0.901467  
0.0553523  0.908321  
0.0622062  0.901467  
0.0959646  0.893134  
0.0979098  0.893639  
0.108611  0.961204  
0.075  0.97016  
0.0674945  0.966654  
0.075  0.97016  
0.108611  0.961204  
0.125  0.966667  
0.125  1  
0.075  1  
0.125  0  
0.175  0  
0.175  0.0333333  
0.150188  0.0416041  
0.125  0.02984  
0.150188  0.0416041  
0.175  0.0333333  
0.204929  0.0433097  
0.199783  0.107078  
0.171231  0.115953  
0.14351  0.0971225  
0.171231  0.115953  
0.199783  0.107078  
0.231028  0.121671  
0.223093  0.177128  
0.186717  0.186717  
0.161774  0.161774  
0.186717  0.186717  
0.223093  0.177128  
0.250902  0.196019  
0.24226  0.24226  
0.196019  0.250902  
0.177128  0.223093  
0.196019  0.250902  
0.24226  0.24226  
0.263081  0.263081  
0.254798  0.302023  
0.199051  0.306114  
0.187188  0.280716  
0.199051  0.306114  
0.254798  0.302023  
0.266992  0.319974  
0.258911  0.356501  
0.195964  0.351087  
0.190387  0.334358  
0.195964  0.351087  
0.258911  0.356501  
0.262738  0.364695  
0.255592  0.398292  
0.249301  0.404583  
0.186915  0.385967  
0.186316  0.383661  
0.186915  0.385967  
0.249301  0.404583  
0.245286  0.426066  
0.227913  0.443439  
0.17896  0.416146  
0.165415  0.444135  
0.169171  0.425935  
0.17896  0.416146  
0.227913  0.443439  
0.22698  0.449962  
0.203381  0.473562  
0.201343  0.473657  
0.146582  0.471582  
0.14776  0.46179  
0.165415  0.444135  
0.201343  0.473657  
0.176809  0.498191  
0.172805  0.497805  
0.125  0.5  
0.125  0.493164  
0.146582  0.471582  
0.172805  0.497805  
0.148383  0.522228  
0.147049  0.522049  
0.102483  0.522517  
0.125  0.5  
0.147049  0.522049  
0.122864  0.546234  
0.103753  0.530531  
0.0817086  0.552575  
0.103753  0.530531  
0.122864  0.546234  
0.123934  0.551571  
0.102171  0.573334  
0.085796  0.564204  
0.064204  0.585796  
0.085796  0.564204  
0.102171  0.573334  
0.106445  0.587654  
0.0876538  0.606445  
0.0733338  0.602171  
0.0515712  0.623934  
0.0733338  0.602171  
0.0876538  0.606445  
0.0968003  0.631152  
0.0810192  0.646933  
0.0674321  0.645765  
0.0453712  0.667825  
0.0674321  0.645765  
0.0810192  0.646933  
0.0954206  0.683227  
0.0834794  0.695168  
0.0679735  0.696306  
0.0468473  0.717432  
0.0679735  0.696306  
0.0834794  0.695168  
0.101708  0.744408  
0.0954169  0.750699  
0.0739339  0.754714  
0.0565606  0.772087  
0.0739339  0.754714  
0.0954169  0.750699  
0.114033  0.813085  
0.083854  0.82104  
0.0740653  0.830829  
0.083854  0.82104  
0.114033  0.813085  
0.116339  0.813684  
0.130345  0.883557  
0.0979098  0.893639  
0.0959646  0.893134  
0.0979098  0.893639  
0.130345  0.883557  
0.144346  0.886862  
0.151186  0.957938  
0.125  0.966667  
0.108611  0.961204  
0.125  0.966667  
0.151186  0.957938  
0.175  0.96412  
0.175  1  
0.125  1  
0.175  0  
0.225  0  
0.225  0.0358797  
0.204929  0.0433097  
0.175  0.0333333  
0.204929  0.0433097  
0.225  0.0358797  
0.256207  0.0439816  
0.254162  0.113655  
0.231028  0.121671  
0.199783  0.107078  
0.231028  0.121671  
0.254162  0.113655  
0.284173  0.123659  
0.280716  0.187188  
0.250902  0.196019  
0.223093  0.177128  
0.250902  0.196019  
0.280716  0.187188  
0.306114  0.199051  
0.302023  0.254798  
0.263081  0.263081  
0.24226  0.24226  
0.263081  0.263081  
0.302023  0.254798  
0.319974  0.266992  
0.315816  0.315816  
0.266992  0.319974  
0.254798  0.302023  
0.266992  0.319974  
0.315816  0.315816  
0.324599  0.324599  
0.320585  0.369627  
0.319672  0.370539  
0.262738  0.364695  
0.258911  0.356501  
0.262738  0.364695  
0.319672  0.370539  
0.316773  0.404579  
0.304832  0.416521  
0.255592  0.398292  
0.249301  0.404583  
0.255592  0.398292  
0.304832  0.416521  
0.303694  0.432027  
0.282568  0.453153  
0.245286  0.426066  
0.22698  0.449962  
0.227913  0.443439  
0.245286  0.426066  
0.282568  0.453153  
0.282506  0.454298  
0.258156  0.478647  
0.251617  0.477772  
0.203381  0.473562  
0.22698  0.449962  
0.251617  0.477772  
0.228931  0.500458  
0.220758  0.49834  
0.201343  0.473657  
0.203381  0.473562  
0.220758  0.49834  
0.197982  0.521116  
0.191992  0.51984  
0.176809  0.498191  
0.172805  0.497805  
0.176809  0.498191  
0.191992  0.51984  
0.167747  0.544085  
0.148383  0.522228  
0.147049  0.522049  
0.148383  0.522228  
0.167747  0.544085  
0.167825  0.545371  
0.145765  0.567432  
0.123934  0.551571  
0.122864  0.546234  
0.102171  0.573334  
0.123934  0.551571  
0.145765  0.567432  
0.146933  0.581019  
0.131152  0.5968  
0.106445  0.587654  
0.0876538  0.606445  
0.106445  0.587654  
0.131152  0.5968  
0.134094  0.625456  
0.125456  0.634094  
0.0968003  0.631152  
0.0810192  0.646933  
0.0968003  0.631152  
0.125456  0.634094  
0.130373  0.679415  
0.129461  0.680328  
0.0954206  0.683227  
0.0834794  0.695168  
0.0954206  0.683227  
0.129461  0.680328  
0.135305  0.737262  
0.101708  0.744408  
0.0954169  0.750699  
0.101708  0.744408  
0.135305  0.737262  
0.143499  0.741089  
0.148913  0.804036  
0.116339  0.813684  
0.114033  0.813085  
0.116339  0.813684  
0.148913  0.804036  
0.165642  0.809613  
0.16982  0.878035  
0.144346  0.886862  
0.130345  0.883557  
0.144346  0.886862  
0.16982  0.878035  
0.193744  0.884246  
0.195993  0.956349  
0.175  0.96412  
0.151186  0.957938  
0.175  0.96412  
0.195993  0.956349  
0.225  0.963197  
0.225  1  
0.175  1  
0.225  0  
0.275  0  
0.275  0.0368034  
0.256207  0.0439816  
0.225  0.0358797  
0.256207  0.0439816  
0.275  0.0368034  
0.304007  0.0436511  
0.306256  0.115754  
0.284173  0.123659  
0.254162  0.113655  
0.284173  0.123659  
0.306256  0.115754  
0.33018  0.121965  
0.334358  0.190387  
0.306114  0.199051  
0.280716  0.187188  
0.306114  0.199051  
0.334358  0.190387  
0.351087  0.195964  
0.356501  0.258911  
0.319974  0.266992  
0.302023  0.254798  
0.319974  0.266992  
0.356501  0.258911  
0.364695  0.262738  
0.370539  0.319672  
0.369627  0.320585  
0.324599  0.324599  
0.315816  0.315816  
0.324599  0.324599  
0.369627  0.320585  
0.374544  0.365906  
0.365906  0.374544  
0.320585  0.369627  
0.319672  0.370539  
0.320585  0.369627  
0.365906  0.374544  
0.368848  0.4032  
0.353067  0.418981  
0.316773  0.404579  
0.304832  0.416521  
0.316773  0.404579  
0.353067  0.418981  
0.354235  0.432568  
0.332175  0.454629  
0.303694  0.432027  
0.282506  0.454298  
0.282568  0.453153  
0.303694  0.432027  
0.332175  0.454629  
0.332253  0.455915  
0.308008  0.48016  
0.302018  0.478884  
0.258156  0.478647  
0.282506  0.454298  
0.302018  0.478884  
0.279242  0.50166  
0.271069  0.499542  
0.251617  0.477772  
0.258156  0.478647  
0.271069  0.499542  
0.248383  0.522228  
0.241844  0.521353  
0.228931  0.500458  
0.220758  0.49834  
0.228931  0.500458  
0.241844  0.521353  
0.217494  0.545702  
0.197982  0.521116  
0.191992  0.51984  
0.197982  0.521116  
0.217494  0.545702  
0.217432  0.546847  
0.196306  0.567973  
0.167825  0.545371  
0.167747  0.544085  
0.145765  0.567432  
0.167825  0.545371  
0.196306  0.567973  
0.195168  0.583479  
0.183227  0.595421  
0.146933  0.581019  
0.131152  0.5968  
0.146933  0.581019  
0.183227  0.595421  
0.180328  0.629461  
0.179415  0.630373  
0.134094  0.625456  
0.125456  0.634094  
0.134094  0.625456  
0.179415  0.630373  
0.175401  0.675401  
0.130373  0.679415  
0.129461  0.680328  
0.130373  0.679415  
0.175401  0.675401  
0.184184  0.684184  
0.180026  0.733008  
0.143499  0.741089  
0.135305  0.737262  
0.143499  0.741089  
0.180026  0.733008  
0.197977  0.745202  
0.193886  0.800949  
0.165642  0.809613  
0.148913  0.804036  
0.165642  0.809613  
0.193886  0.800949  
0.219284  0.812812  
0.215827  0.876341  
0.193744  0.884246  
0.16982  0.878035  
0.193744  0.884246  
0.215827  0.876341  
0.245838  0.886345  
0.243793  0.956018  
0.225  0.963197  
0.195993  0.956349  
0.225  0.963197  
0.243793  0.956018  
0.275  0.96412  
0.275  1  
0.225  1  
0.275  0  
0.325  0  
0.325  0.0358797  
0.304007  0.0436511  
0.275  0.0368034  
0.304007  0.0436511  
0.325  0.0358797  
0.348814  0.0420621  
0.355654  0.113138  
0.33018  0.121965  
0.306256  0.115754  
0.33018  0.121965  
0.355654  0.113138  
0.369655  0.116443  
0.383661  0.186316  
0.351087  0.195964  
0.334358  0.190387  
0.351087  0.195964  
0.383661  0.186316  
0.385967  0.186915  
0.404583  0.249301  
0.398292  0.255592  
0.364695  0.262738  
0.356501  0.258911  
0.364695  0.262738  
0.398292  0.255592  
0.416521  0.304832  
0.404579  0.316773  
0.370539  0.319672  
0.369627  0.320585  
0.370539  0.319672  
0.404579  0.316773  
0.418981  0.353067  
0.4032  0.368848  
0.374544  0.365906  
0.365906  0.374544  
0.374544  0.365906  
0.4032  0.368848  
0.412346  0.393555  
0.393555  0.412346  
0.368848  0.4032  
0.353067  0.418981  
0.368848  0.4032  
0.393555  0.412346  
0.397829  0.426666  
0.376066  0.448429  
0.354235  0.432568  
0.332253  0.455915  
0.332175  0.454629  
0.354235  0.432568  
0.376066  0.448429  
0.377136  0.453766  
0.352951  0.477951  
0.351617  0.477772  
0.308008  0.48016  
0.332253  0.455915  
0.351617  0.477772  
0.327195  0.502195  
0.323191  0.501809  
0.279242  0.50166  
0.302018  0.478884  
0.308008  0.48016  
0.323191  0.501809  
0.298657  0.526343  
0.296619  0.526438  
0.271069  0.499542  
0.279242  0.50166  
0.296619  0.526438  
0.27302  0.550038  
0.248383  0.522228  
0.241844  0.521353  
0.248383  0.522228  
0.27302  0.550038  
0.272087  0.556561  
0.254714  0.573934  
0.217432  0.546847  
0.217494  0.545702  
0.196306  0.567973  
0.217432  0.546847  
0.254714  0.573934  
0.250699  0.595417  
0.244408  0.601708  
0.195168  0.583479  
0.183227  0.595421  
0.195168  0.583479  
0.244408  0.601708  
0.237262  0.635305  
0.180328  0.629461  
0.179415  0.630373  
0.180328  0.629461  
0.237262  0.635305  
0.241089  0.643499  
0.233008  0.680026  
0.184184  0.684184  
0.175401  0.675401  
0.184184  0.684184  
0.233008  0.680026  
0.245202  0.697977  
0.236919  0.736919  
0.197977  0.745202  
0.180026  0.733008  
0.197977  0.745202  
0.236919  0.736919  
0.25774  0.75774  
0.249098  0.803981  
0.219284  0.812812  
0.193886  0.800949  
0.219284  0.812812  
0.249098  0.803981  
0.276907  0.822872  
0.268972  0.878329  
0.245838  0.886345  
0.215827  0.876341  
0.245838  0.886345  
0.268972  0.878329  
0.300217  0.892922  
0.295071  0.95669  
0.275  0.96412  
0.243793  0.956018  
0.275  0.96412  
0.295071  0.95669  
0.325  0.966667  
0.325  1  
0.275  1  
0.325  0  
0.375  0  
0.375  0.0333333  
0.348814  0.0420621  
0.325  0.0358797  
0.348814  0.0420621  
0.375  0.0333333  
0.391389  0.0387964  
0.40209  0.106361  
0.369655  0.116443  
0.355654  0.113138  
0.369655  0.116443  
0.40209  0.106361  
0.404035  0.106866  
0.425935  0.169171  
0.416146  0.17896  
0.385967  0.186915  
0.383661  0.186316  
0.385967  0.186915  
0.416146  0.17896  
0.443439  0.227913  
0.426066  0.245286  
0.404583  0.249301  
0.398292  0.255592  
0.404583  0.249301  
0.426066  0.245286  
0.453153  0.282568  
0.432027  0.303694  
0.416521  0.304832  
0.404579  0.316773  
0.416521  0.304832  
0.432027  0.303694  
0.454629  0.332175  
0.432568  0.354235  
0.418981  0.353067  
0.4032  0.368848  
0.418981  0.353067  
0.432568  0.354235  
0.448429  0.376066  
0.426666  0.397829  
0.412346  0.393555  
0.393555  0.412346  
0.412346  0.393555  
0.426666  0.397829  
0.435796  0.414204  
0.414204  0.435796  
0.397829  0.426666  
0.397829  0.426666  
0.414204  0.435796  
0.418291  0.447425  
0.396247  0.469469  
0.377136  0.453766  
0.376066  0.448429  
0.377136  0.453766  
0.396247  0.469469  
0.397517  0.477483  
0.375  0.5  
0.352951  0.477951  
0.351617  0.477772  
0.352951  0.477951  
0.375  0.5  
0.375  0.506836  
0.353418  0.528418  
0.327195  0.502195  
0.323191  0.501809  
0.327195  0.502195  
0.353418  0.528418  
0.35224  0.53821  
0.334585  0.555865  
0.298657  0.526343  
0.27302  0.550038  
0.296619  0.526438  
0.298657  0.526343  
0.334585  0.555865  
0.330829  0.574065  
0.32104  0.583854  
0.272087  0.556561  
0.254714  0.573934  
0.272087  0.556561  
0.32104  0.583854  
0.313085  0.614033  
0.250699  0.595417  
0.244408  0.601708  
0.250699  0.595417  
0.313085  0.614033  
0.313684  0.616339  
0.304036  0.648913  
0.241089  0.643499  
0.237262  0.635305  
0.241089  0.643499  
0.304036  0.648913  
0.309613  0.665642  
0.300949  0.693886  
0.245202  0.697977  
0.233008  0.680026  
0.245202  0.697977  
0.300949  0.693886  
0.312812  0.719284  
0.303981  0.749098  
0.25774  0.75774  
0.236919  0.736919  
0.25774  0.75774  
0.303981  0.749098  
0.322872  0.776907  
0.313283  0.813283  
0.276907  0.822872  
0.249098  0.803981  
0.276907  0.822872  
0.313283  0.813283  
0.338226  0.838226  
0.328769  0.884047  
0.300217  0.892922  
0.268972  0.878329  
0.300217  0.892922  
0.328769  0.884047  
0.35649  0.902878  
0.349812  0.958396  
0.325  0.966667  
0.295071  0.95669  
0.325  0.966667  
0.349812  0.958396  
0.375  0.97016  
0.375  1  
0.325  1  
0.375  0  
0.425  0  
0.425  0.02984  
0.391389  0.0387964  
0.375  0.0333333  
0.391389  0.0387964  
0.425  0.02984  
0.432506  0.0333456  
0.444648  0.0916794  
0.437794  0.0985333  
0.404035  0.106866  
0.40209  0.106361  
0.404035  0.106866  
0.437794  0.0985333  
0.46179  0.14776  
0.444135  0.165415  
0.425935  0.169171  
0.416146  0.17896  
0.425935  0.169171  
0.444135  0.165415  
0.473657  0.201343  
0.473562  0.203381  
0.449962  0.22698  
0.443439  0.227913  
0.426066  0.245286  
0.443439  0.227913  
0.449962  0.22698  
0.477772  0.251617  
0.478647  0.258156  
0.454298  0.282506  
0.453153  0.282568  
0.432027  0.303694  
0.453153  0.282568  
0.454298  0.282506  
0.478884  0.302018  
0.48016  0.308008  
0.455915  0.332253  
0.454629  0.332175  
0.454629  0.332175  
0.455915  0.332253  
0.477772  0.351617  
0.477951  0.352951  
0.453766  0.377136  
0.448429  0.376066  
0.432568  0.354235  
0.448429  0.376066  
0.453766  0.377136  
0.469469  0.396247  
0.447425  0.418291  
0.435796  0.414204  
0.426666  0.397829  
0.435796  0.414204  
0.447425  0.418291  
0.456726  0.437372  
0.437372  0.456726  
0.418291  0.447425  
0.414204  0.435796  
0.396247  0.469469  
0.418291  0.447425  
0.437372  0.456726  
0.441518  0.476645  
0.425  0.493164  
0.397517  0.477483  
0.375  0.5  
0.397517  0.477483  
0.425  0.493164  
0.425  0.515451  
0.412321  0.528129  
0.375  0.506836  
0.353418  0.528418  
0.375  0.506836  
0.412321  0.528129  
0.408321  0.555352  
0.401467  0.562206  
0.35224  0.53821  
0.334585  0.555865  
0.35224  0.53821  
0.401467  0.562206  
0.393134  0.595965  
0.330829  0.574065  
0.32104  0.583854  
0.330829  0.574065  
0.393134  0.595965  
0.393639  0.59791  
0.383557  0.630345  
0.313684  0.616339  
0.313085  0.614033  
0.313684  0.616339  
0.383557  0.630345  
0.386862  0.644346  
0.378035  0.66982  
0.309613  0.665642  
0.304036  0.648913  
0.309613  0.665642  
0.378035  0.66982  
0.384246  0.693744  
0.376341  0.715827  
0.312812  0.719284  
0.300949  0.693886  
0.312812  0.719284  
0.376341  0.715827  
0.386345  0.745838  
0.378329  0.768972  
0.322872  0.776907  
0.303981  0.749098  
0.322872  0.776907  
0.378329  0.768972  
0.392922  0.800217  
0.384047  0.828769  
0.338226  0.838226  
0.313283  0.813283  
0.338226  0.838226  
0.384047  0.828769  
0.402878  0.85649  
0.393695  0.893695  
0.35649  0.902878  
0.328769  0.884047  
0.35649  0.902878  
0.393695  0.893695  
0.414347  0.914347  
0.407414  0.961523  
0.375  0.97016  
0.349812  0.958396  
0.375  0.97016  
0.407414  0.961523  
0.425  0.973469  
0.425  1  
0.375  1  
0.425  0  
0.475  0  
0.475  0.025  
0.473176  0.0268237  
0.432506  0.0333456  
0.425  0.02984  
0.432506  0.0333456  
0.473176  0.0268237  
0.484549  0.075  
0.471871  0.0876785  
0.444648  0.0916794  
0.437794  0.0985333  
0.444648  0.0916794  
0.471871  0.0876785  
0.493164  0.125  
0.471582  0.146582  
0.46179  0.14776  
0.444135  0.165415  
0.46179  0.14776  
0.471582  0.146582  
0.497805  0.172805  
0.498191  0.176809  
0.473657  0.201343  
0.473562  0.203381  
0.49834  0.220758  
0.500458  0.228931  
0.477772  0.251617  
0.449962  0.22698  
0.478647  0.258156  
0.499542  0.271069  
0.50166  0.279242  
0.478884  0.302018  
0.454298  0.282506  
0.48016  0.308008  
0.501809  0.323191  
0.502195  0.327195  
0.477772  0.351617  
0.455915  0.332253  
0.453766  0.377136  
0.477951  0.352951  
0.5  0.375  
0.477483  0.397517  
0.469469  0.396247  
0.447425  0.418291  
0.469469  0.396247  
0.477483  0.397517  
0.493164  0.425  
0.476645  0.441518  
0.456726  0.437372  
0.437372  0.456726  
0.456726  0.437372  
0.476645  0.441518  
0.484549  0.475  
0.475  0.484549  
0.441518  0.476645  
0.425  0.493164  
0.441518  0.476645  
0.475  0.484549  
0.475  0.525  
0.473176  0.526824  
0.425  0.515451  
0.412321  0.528129  
0.425  0.515451  
0.473176  0.526824  
0.466654  0.567494  
0.408321  0.555352  
0.401467  0.562206  
0.408321  0.555352  
0.466654  0.567494  
0.47016  0.575  
0.461204  0.608611  
0.393639  0.59791  
0.393134  0.595965  
0.393639  0.59791  
0.461204  0.608611  
0.466667  0.625  
0.457938  0.651186  
0.386862  0.644346  
0.383557  0.630345  
0.378035  0.66982  
0.386862  0.644346  
0.457938  0.651186  
0.46412  0.675  
0.456349  0.695993  
0.384246  0.693744  
0.376341  0.715827  
0.384246  0.693744  
0.456349  0.695993  
0.463197  0.725  
0.456018  0.743793  
0.386345  0.745838  
0.378329  0.768972  
0.386345  0.745838  
0.456018  0.743793  
0.46412  0.775  
0.45669  0.795071  
0.392922  0.800217  
0.392922  0.800217  
0.45669  0.795071  
0.466667  0.825  
0.458396  0.849812  
0.402878  0.85649  
0.384047  0.828769  
0.402878  0.85649  
0.458396  0.849812  
0.47016  0.875  
0.461523  0.907414  
0.414347  0.914347  
0.393695  0.893695  
0.414347  0.914347  
0.461523  0.907414  
0.473469  0.925  
0.466771  0.966771  
0.425  0.973469  
0.407414  0.961523  
0.425  0.973469  
0.466771  0.966771  
0.475  0.975  
0.475  1  
0.425  1  
0.475  0  
0.525  0  
0.525  0.0154508  
0.515451  0.025  
0.475  0.025  
0.473176  0.0268237  
0.475  0.025  
0.515451  0.025  
0.523355  0.0584816  
0.506836  0.075  
0.484549  0.075  
0.471871  0.0876785  
0.484549  0.075  
0.506836  0.075  
0.522517  0.102483  
0.5  0.125  
0.493164  0.125  
0.493164  0.125  
0.5  0.125  
0.522049  0.147049  
0.522228  0.148383  
0.497805  0.172805  
0.471582  0.146582  
0.498191  0.176809  
0.51984  0.191992  
0.521116  0.197982  
0.49834  0.220758  
0.473562  0.203381  
0.473657  0.201343  
0.500458  0.228931  
0.521353  0.241844  
0.522228  0.248383  
0.499542  0.271069  
0.478647  0.258156  
0.477772  0.251617  
0.50166  0.279242  
0.526438  0.296619  
0.526343  0.298657  
0.501809  0.323191  
0.48016  0.308008  
0.478884  0.302018  
0.477951  0.352951  
0.477772  0.351617  
0.502195  0.327195  
0.528418  0.353418  
0.506836  0.375  
0.5  0.375  
0.477483  0.397517  
0.5  0.375  
0.506836  0.375  
0.528129  0.412321  
0.515451  0.425  
0.493164  0.425  
0.476645  0.441518  
0.493164  0.425  
0.515451  0.425  
0.526824  0.473176  
0.525  0.475  
0.484549  0.475  
0.475  0.484549  
0.484549  0.475  
0.525  0.475  
0.525  0.525  
0.475  0.525  
0.473176  0.526824  
0.475  0.525  
0.525  0.525  
0.533229  0.533229  
0.526531  0.575  
0.47016  0.575  
0.466654  0.567494  
0.47016  0.575  
0.526531  0.575  
0.538477  0.592586  
0.52984  0.625  
0.466667  0.625  
0.461204  0.608611  
0.466667  0.625  
0.52984  0.625  
0.541604  0.650188  
0.533333  0.675  
0.46412  0.675  
0.457938  0.651186  
0.456349  0.695993  
0.46412  0.675  
0.533333  0.675  
0.54331  0.704929  
0.53588  0.725  
0.463197  0.725  
0.456018  0.743793  
0.463197  0.725  
0.53588  0.725  
0.543982  0.756207  
0.536803  0.775  
0.46412  0.775  
0.45669  0.795071  
0.46412  0.775  
0.536803  0.775  
0.543651  0.804007  
0.53588  0.825  
0.466667  0.825  
0.466667  0.825  
0.53588  0.825  
0.542062  0.848814  
0.533333  0.875  
0.47016  0.875  
0.458396  0.849812  
0.47016  0.875  
0.533333  0.875  
0.538796  0.891389  
0.52984  0.925  
0.473469  0.925  
0.461523  0.907414  
0.473469  0.925  
0.52984  0.925  
0.533346  0.932506  
0.526824  0.973176  
0.525  0.975  
0.475  0.975  
0.466771  0.966771  
0.475  0.975  
0.525  0.975  
0.525  1  
0.475  1  
0.525  0  
0.575  0  
0.575  0.00683644  
0.558482  0.0233548  
0.525  0.0154508  
0.515451  0.025  
0.525  0.0154508  
0.558482  0.0233548  
0.562628  0.0432739  
0.543274  0.0626278  
0.523355  0.0584816  
0.506836  0.075  
0.523355  0.0584816  
0.543274  0.0626278  
0.552575  0.0817086  
0.530531  0.103753  
0.522517  0.102483  
0.522517  0.102483  
0.530531  0.103753  
0.546234  0.122864  
0.522049  0.147049  
0.5  0.125  
0.522228  0.148383  
0.544085  0.167747  
0.51984  0.191992  
0.498191  0.176809  
0.497805  0.172805  
0.49834  0.220758  
0.521116  0.197982  
0.545702  0.217494  
0.521353  0.241844  
0.500458  0.228931  
0.499542  0.271069  
0.522228  0.248383  
0.550038  0.27302  
0.526438  0.296619  
0.50166  0.279242  
0.502195  0.327195  
0.501809  0.323191  
0.526343  0.298657  
0.555865  0.334585  
0.53821  0.35224  
0.528418  0.353418  
0.506836  0.375  
0.528418  0.353418  
0.53821  0.35224  
0.562206  0.401467  
0.555352  0.408321  
0.528129  0.412321  
0.515451  0.425  
0.528129  0.412321  
0.555352  0.408321  
0.567494  0.466654  
0.526824  0.473176  
0.525  0.475  
0.526824  0.473176  
0.567494  0.466654  
0.575  0.47016  
0.575  0.526531  
0.533229  0.533229  
0.525  0.525  
0.533229  0.533229  
0.575  0.526531  
0.592586  0.538477  
0.585653  0.585653  
0.538477  0.592586  
0.526531  0.575  
0.538477  0.592586  
0.585653  0.585653  
0.606305  0.606305  
0.597122  0.64351  
0.541604  0.650188  
0.52984  0.625  
0.541604  0.650188  
0.597122  0.64351  
0.615953  0.671231  
0.607078  0.699783  
0.54331  0.704929  
0.533333  0.675  
0.53588  0.725  
0.54331  0.704929  
0.607078  0.699783  
0.621671  0.731028  
0.613655  0.754162  
0.543982  0.756207  
0.536803  0.775  
0.543982  0.756207  
0.613655  0.754162  
0.623659  0.784173  
0.615754  0.806256  
0.543651  0.804007  
0.53588  0.825  
0.543651  0.804007  
0.615754  0.806256  
0.621965  0.83018  
0.613138  0.855654  
0.542062  0.848814  
0.542062  0.848814  
0.613138  0.855654  
0.616443  0.869655  
0.606361  0.90209  
0.538796  0.891389  
0.533333  0.875  
0.538796  0.891389  
0.606361  0.90209  
0.606866  0.904035  
0.598533  0.937794  
0.591679  0.944648  
0.533346  0.932506  
0.52984  0.925  
0.533346  0.932506  
0.591679  0.944648  
0.587679  0.971871  
0.575  0.984549  
0.526824  0.973176  
0.525  0.975  
0.526824  0.973176  
0.575  0.984549  
0.575  1  
0.525  1  
0.575  0.00683644  
0.575  0  
0.625  -1.6263e-17  
0.602483  0.0225165  
0.558482  0.0233548  
0.575  0.00683644  
0.602483  0.0225165  
0.603753  0.0305308  
0.581709  0.052575  
0.562628  0.0432739  
0.543274  0.0626278  
0.562628  0.0432739  
0.581709  0.052575  
0.585796  0.064204  
0.564204  0.085796  
0.552575  0.0817086  
0.552575  0.0817086  
0.564204  0.085796  
0.573334  0.102171  
0.551571  0.123934  
0.546234  0.122864  
0.530531  0.103753  
0.546234  0.122864  
0.551571  0.123934  
0.567432  0.145765  
0.545371  0.167825  
0.544085  0.167747  
0.522228  0.148383  
0.522049  0.147049  
0.51984  0.191992  
0.544085  0.167747  
0.545371  0.167825  
0.567973  0.196306  
0.546847  0.217432  
0.545702  0.217494  
0.521116  0.197982  
0.521353  0.241844  
0.545702  0.217494  
0.546847  0.217432  
0.573934  0.254714  
0.556561  0.272087  
0.550038  0.27302  
0.522228  0.248383  
0.526343  0.298657  
0.526438  0.296619  
0.550038  0.27302  
0.556561  0.272087  
0.583854  0.32104  
0.574065  0.330829  
0.555865  0.334585  
0.53821  0.35224  
0.555865  0.334585  
0.574065  0.330829  
0.595965  0.393134  
0.562206  0.401467  
0.555352  0.408321  
0.562206  0.401467  
0.595965  0.393134  
0.59791  0.393639  
0.608611  0.461204  
0.575  0.47016  
0.567494  0.466654  
0.575  0.47016  
0.608611  0.461204  
0.625  0.466667  
0.625  0.52984  
0.592586  0.538477  
0.575  0.526531  
0.592586  0.538477  
0.625  0.52984  
0.650188  0.541604  
0.64351  0.597122  
0.606305  0.606305  
0.585653  0.585653  
0.606305  0.606305  
0.64351  0.597122  
0.671231  0.615953  
0.661774  0.661774  
0.615953  0.671231  
0.597122  0.64351  
0.615953  0.671231  
0.661774  0.661774  
0.686717  0.686717  
0.677128  0.723093  
0.621671  0.731028  
0.607078  0.699783  
0.621671  0.731028  
0.677128  0.723093  
0.696019  0.750902  
0.687188  0.780716  
0.623659  0.784173  
0.613655  0.754162  
0.615754  0.806256  
0.623659  0.784173  
0.687188  0.780716  
0.699051  0.806114  
0.690387  0.834358  
0.621965  0.83018  
0.621965  0.83018  
0.690387  0.834358  
0.695964  0.851087  
0.686316  0.883661  
0.616443  0.869655  
0.613138  0.855654  
0.616443  0.869655  
0.686316  0.883661  
0.686915  0.885967  
0.67896  0.916146  
0.669171  0.925935  
0.606866  0.904035  
0.606361  0.90209  
0.606866  0.904035  
0.669171  0.925935  
0.665415  0.944135  
0.64776  0.96179  
0.598533  0.937794  
0.591679  0.944648  
0.598533  0.937794  
0.64776  0.96179  
0.646582  0.971582  
0.625  0.993164  
0.587679  0.971871  
0.575  0.984549  
0.587679  0.971871  
0.625  0.993164  
0.625  1  
0.575  1  
0.625  -1.6263e-17  
0.670611  0  
0.648383  0.0222277  
0.647049  0.0220492  
0.602483  0.0225165  
0.625  -1.6263e-17  
0.647049  0.0220492  
0.622864  0.0462342  
0.603753  0.0305308  
0.581709  0.052575  
0.603753  0.0305308  
0.622864  0.0462342  
0.623934  0.0515712  
0.602171  0.0733338  
0.585796  0.064204  
0.564204  0.085796  
0.585796  0.064204  
0.602171  0.0733338  
0.606445  0.0876538  
0.587654  0.106445  
0.573334  0.102171  
0.551571  0.123934  
0.573334  0.102171  
0.587654  0.106445  
0.5968  0.131152  
0.581019  0.146933  
0.567432  0.145765  
0.545371  0.167825  
0.567432  0.145765  
0.581019  0.146933  
0.595421  0.183227  
0.583479  0.195168  
0.567973  0.196306  
0.546847  0.217432  
0.567973  0.196306  
0.583479  0.195168  
0.601708  0.244408  
0.595417  0.250699  
0.573934  0.254714  
0.556561  0.272087  
0.573934  0.254714  
0.595417  0.250699  
0.614033  0.313085  
0.583854  0.32104  
0.574065  0.330829  
0.583854  0.32104  
0.614033  0.313085  
0.616339  0.313684  
0.630345  0.383557  
0.59791  0.393639  
0.595965  0.393134  
0.59791  0.393639  
0.630345  0.383557  
0.644346  0.386862  
0.651186  0.457938  
0.625  0.466667  
0.608611  0.461204  
0.625  0.466667  
0.651186  0.457938  
0.675  0.46412  
0.675  0.533333  
0.650188  0.541604  
0.625  0.52984  
0.650188  0.541604  
0.675  0.533333  
0.704929  0.54331  
0.699783  0.607078  
0.671231  0.615953  
0.64351  0.597122  
0.671231  0.615953  
0.699783  0.607078  
0.731028  0.621671  
0.723093  0.677128  
0.686717  0.686717  
0.661774  0.661774  
0.686717  0.686717  
0.723093  0.677128  
0.750902  0.696019  
0.74226  0.74226  
0.696019  0.750902  
0.677128  0.723093  
0.696019  0.750902  
0.74226  0.74226  
0.763081  0.763081  
0.754798  0.802023  
0.699051  0.806114  
0.687188  0.780716  
0.699051  0.806114  
0.754798  0.802023  
0.766992  0.819974  
0.758911  0.856501  
0.695964  0.851087  
0.690387  0.834358  
0.695964  0.851087  
0.758911  0.856501  
0.762738  0.864695  
0.755592  0.898292  
0.749301  0.904583  
0.686915  0.885967  
0.686316  0.883661  
0.686915  0.885967  
0.749301  0.904583  
0.745286  0.926066  
0.727913  0.943439  
0.67896  0.916146  
0.665415  0.944135  
0.669171  0.925935  
0.67896  0.916146  
0.727913  0.943439  
0.72698  0.949962  
0.703381  0.973562  
0.701343  0.973657  
0.64776  0.96179  
0.665415  0.944135  
0.701343  0.973657  
0.675  1  
0.646582  0.971582  
0.646582  0.971582  
0.675  1  
0.625  1  
0.625  0.993164  
0.678078  0  
0.719098  0  
0.697982  0.0211158  
0.691992  0.0198401  
0.670611  0  
0.678078  0  
0.691992  0.0198401  
0.667747  0.0440853  
0.648383  0.0222277  
0.647049  0.0220492  
0.648383  0.0222277  
0.667747  0.0440853  
0.667825  0.0453712  
0.645765  0.0674321  
0.623934  0.0515712  
0.622864  0.0462342  
0.602171  0.0733338  
0.623934  0.0515712  
0.645765  0.0674321  
0.646933  0.0810192  
0.631152  0.0968003  
0.606445  0.0876538  
0.587654  0.106445  
0.606445  0.0876538  
0.631152  0.0968003  
0.634094  0.125456  
0.625456  0.134094  
0.5968  0.131152  
0.581019  0.146933  
0.5968  0.131152  
0.625456  0.134094  
0.630373  0.179415  
0.629461  0.180328  
0.595421  0.183227  
0.583479  0.195168  
0.595421  0.183227  
0.629461  0.180328  
0.635305  0.237262  
0.601708  0.244408  
0.595417  0.250699  
0.601708  0.244408  
0.635305  0.237262  
0.643499  0.241089  
0.648913  0.304036  
0.616339  0.313684  
0.614033  0.313085  
0.616339  0.313684  
0.648913  0.304036  
0.665642  0.309613  
0.66982  0.378035  
0.644346  0.386862  
0.630345  0.383557  
0.644346  0.386862  
0.66982  0.378035  
0.693744  0.384246  
0.695993  0.456349  
0.675  0.46412  
0.651186  0.457938  
0.675  0.46412  
0.695993  0.456349  
0.725  0.463197  
0.725  0.53588  
0.704929  0.54331  
0.675  0.533333  
0.704929  0.54331  
0.725  0.53588  
0.756207  0.543982  
0.754162  0.613655  
0.731028  0.621671  
0.699783  0.607078  
0.731028  0.621671  
0.754162  0.613655  
0.784173  0.623659  
0.780716  0.687188  
0.750902  0.696019  
0.723093  0.677128  
0.750902  0.696019  
0.780716  0.687188  
0.806114  0.699051  
0.802023  0.754798  
0.763081  0.763081  
0.74226  0.74226  
0.763081  0.763081  
0.802023  0.754798  
0.819974  0.766992  
0.815816  0.815816  
0.766992  0.819974  
0.754798  0.802023  
0.766992  0.819974  
0.815816  0.815816  
0.824599  0.824599  
0.820585  0.869627  
0.819672  0.870539  
0.762738  0.864695  
0.758911  0.856501  
0.762738  0.864695  
0.819672  0.870539  
0.816773  0.904579  
0.804832  0.916521  
0.755592  0.898292  
0.749301  0.904583  
0.755592  0.898292  
0.804832  0.916521  
0.803694  0.932027  
0.782568  0.953153  
0.745286  0.926066  
0.72698  0.949962  
0.727913  0.943439  
0.745286  0.926066  
0.782568  0.953153  
0.782506  0.954298  
0.758156  0.978647  
0.751617  0.977772  
0.703381  0.973562  
0.72698  0.949962  
0.751617  0.977772  
0.729389  1  
0.721922  1  
0.701343  0.973657  
0.703381  0.973562  
0.721922  1  
0.675  1  
0.728647  0  
0.770611  0  
0.748383  0.0222277  
0.741844  0.0213525  
0.719098  0  
0.728647  0  
0.741844  0.0213525  
0.717494  0.0457022  
0.697982  0.0211158  
0.691992  0.0198401  
0.697982  0.0211158  
0.717494  0.0457022  
0.717432  0.0468473  
0.696306  0.0679735  
0.667825  0.0453712  
0.667747  0.0440853  
0.645765  0.0674321  
0.667825  0.0453712  
0.696306  0.0679735  
0.695168  0.0834794  
0.683227  0.0954206  
0.646933  0.0810192  
0.631152  0.0968003  
0.646933  0.0810192  
0.683227  0.0954206  
0.680328  0.129461  
0.679415  0.130373  
0.634094  0.125456  
0.625456  0.134094  
0.634094  0.125456  
0.679415  0.130373  
0.675401  0.175401  
0.630373  0.179415  
0.629461  0.180328  
0.630373  0.179415  
0.675401  0.175401  
0.684184  0.184184  
0.680026  0.233008  
0.643499  0.241089  
0.635305  0.237262  
0.643499  0.241089  
0.680026  0.233008  
0.697977  0.245202  
0.693886  0.300949  
0.665642  0.309613  
0.648913  0.304036  
0.665642  0.309613  
0.693886  0.300949  
0.719284  0.312812  
0.715827  0.376341  
0.693744  0.384246  
0.66982  0.378035  
0.693744  0.384246  
0.715827  0.376341  
0.745838  0.386345  
0.743793  0.456018  
0.725  0.463197  
0.695993  0.456349  
0.725  0.463197  
0.743793  0.456018  
0.775  0.46412  
0.775  0.536803  
0.756207  0.543982  
0.725  0.53588  
0.756207  0.543982  
0.775  0.536803  
0.804007  0.543651  
0.806256  0.615754  
0.784173  0.623659  
0.754162  0.613655  
0.784173  0.623659  
0.806256  0.615754  
0.83018  0.621965  
0.834358  0.690387  
0.806114  0.699051  
0.780716  0.687188  
0.806114  0.699051  
0.834358  0.690387  
0.851087  0.695964  
0.856501  0.758911  
0.819974  0.766992  
0.802023  0.754798  
0.819974  0.766992  
0.856501  0.758911  
0.864695  0.762738  
0.870539  0.819672  
0.869627  0.820585  
0.824599  0.824599  
0.815816  0.815816  
0.824599  0.824599  
0.869627  0.820585  
0.874544  0.865906  
0.865906  0.874544  
0.820585  0.869627  
0.819672  0.870539  
0.820585  0.869627  
0.865906  0.874544  
0.868848  0.9032  
0.853067  0.918981  
0.816773  0.904579  
0.804832  0.916521  
0.816773  0.904579  
0.853067  0.918981  
0.854235  0.932568  
0.832175  0.954629  
0.803694  0.932027  
0.782506  0.954298  
0.782568  0.953153  
0.803694  0.932027  
0.832175  0.954629  
0.832253  0.955915  
0.808008  0.98016  
0.802018  0.978884  
0.758156  0.978647  
0.782506  0.954298  
0.802018  0.978884  
0.780902  1  
0.771353  1  
0.751617  0.977772  
0.758156  0.978647  
0.771353  1  
0.729389  1  
0.778078  0  
0.825  3.25261e-17  
0.798657  0.0263434  
0.796619  0.0264384  
0.770611  0  
0.778078  0  
0.796619  0.0264384  
0.77302  0.0500377  
0.748383  0.0222277  
0.741844  0.0213525  
0.748383  0.0222277  
0.77302  0.0500377  
0.772087  0.0565606  
0.754714  0.0739339  
0.717432  0.0468473  
0.717494  0.0457022  
0.696306  0.0679735  
0.717432  0.0468473  
0.754714  0.0739339  
0.750699  0.0954169  
0.744408  0.101708  
0.695168  0.0834794  
0.683227  0.0954206  
0.695168  0.0834794  
0.744408  0.101708  
0.737262  0.135305  
0.680328  0.129461  
0.679415  0.130373  
0.680328  0.129461  
0.737262  0.135305  
0.741089  0.143499  
0.733008  0.180026  
0.684184  0.184184  
0.675401  0.175401  
0.684184  0.184184  
0.733008  0.180026  
0.745202  0.197977  
0.736919  0.236919  
0.697977  0.245202  
0.680026  0.233008  
0.697977  0.245202  
0.736919  0.236919  
0.75774  0.25774  
0.749098  0.303981  
0.719284  0.312812  
0.693886  0.300949  
0.719284  0.312812  
0.749098  0.303981  
0.776907  0.322872  
0.768972  0.378329  
0.745838  0.386345  
0.715827  0.376341  
0.745838  0.386345  
0.768972  0.378329  
0.800217  0.392922  
0.795071  0.45669  
0.775  0.46412  
0.743793  0.456018  
0.775  0.46412  
0.795071  0.45669  
0.825  0.466667  
0.825  0.53588  
0.804007  0.543651  
0.775  0.536803  
0.804007  0.543651  
0.825  0.53588  
0.848814  0.542062  
0.855654  0.613138  
0.83018  0.621965  
0.806256  0.615754  
0.83018  0.621965  
0.855654  0.613138  
0.869655  0.616443  
0.883661  0.686316  
0.851087  0.695964  
0.834358  0.690387  
0.851087  0.695964  
0.883661  0.686316  
0.885967  0.686915  
0.904583  0.749301  
0.898292  0.755592  
0.864695  0.762738  
0.856501  0.758911  
0.864695  0.762738  
0.898292  0.755592  
0.916521  0.804832  
0.904579  0.816773  
0.870539  0.819672  
0.869627  0.820585  
0.870539  0.819672  
0.904579  0.816773  
0.918981  0.853067  
0.9032  0.868848  
0.874544  0.865906  
0.865906  0.874544  
0.874544  0.865906  
0.9032  0.868848  
0.912346  0.893555  
0.893555  0.912346  
0.868848  0.9032  
0.853067  0.918981  
0.868848  0.9032  
0.893555  0.912346  
0.897829  0.926666  
0.876066  0.948429  
0.854235  0.932568  
0.832253  0.955915  
0.832175  0.954629  
0.854235  0.932568  
0.876066  0.948429  
0.877136  0.953766  
0.852951  0.977951  
0.851617  0.977772  
0.808008  0.98016  
0.832253  0.955915  
0.851617  0.977772  
0.829389  1  
0.821922  1  
0.802018  0.978884  
0.808008  0.98016  
0.821922  1  
0.780902  1  
0.825  3.25261e-17  
0.875  0  
0.875  0.00683644  
0.853418  0.0284182  
0.798657  0.0263434  
0.825  3.25261e-17  
0.853418  0.0284182  
0.85224  0.0382105  
0.834585  0.0558654  
0.77302  0.0500377  
0.796619  0.0264384  
0.798657  0.0263434  
0.834585  0.0558654  
0.830829  0.0740653  
0.82104  0.083854  
0.772087  0.0565606  
0.754714  0.0739339  
0.772087  0.0565606  
0.82104  0.083854  
0.813085  0.114033  
0.750699  0.0954169  
0.744408  0.101708  
0.750699  0.0954169  
0.813085  0.114033  
0.813684  0.116339  
0.804036  0.148913  
0.741089  0.143499  
0.737262  0.135305  
0.741089  0.143499  
0.804036  0.148913  
0.809613  0.165642  
0.800949  0.193886  
0.745202  0.197977  
0.733008  0.180026  
0.745202  0.197977  
0.800949  0.193886  
0.812812  0.219284  
0.803981  0.249098  
0.75774  0.25774  
0.736919  0.236919  
0.75774  0.25774  
0.803981  0.249098  
0.822872  0.276907  
0.813283  0.313283  
0.776907  0.322872  
0.749098  0.303981  
0.776907  0.322872  
0.813283  0.313283  
0.838226  0.338226  
0.828769  0.384047  
0.800217  0.392922  
0.768972  0.378329  
0.800217  0.392922  
0.828769  0.384047  
0.85649  0.402878  
0.849812  0.458396  
0.825  0.466667  
0.795071  0.45669  
0.825  0.466667  
0.849812  0.458396  
0.875  0.47016  
0.875  0.533333  
0.848814  0.542062  
0.825  0.53588  
0.848814  0.542062  
0.875  0.533333  
0.891389  0.538796  
0.90209  0.606361  
0.869655  0.616443  
0.855654  0.613138  
0.869655  0.616443  
0.90209  0.606361  
0.904035  0.606866  
0.925935  0.669171  
0.916146  0.67896  
0.885967  0.686915  
0.883661  0.686316  
0.885967  0.686915  
0.916146  0.67896  
0.943439  0.727913  
0.926066  0.745286  
0.904583  0.749301  
0.898292  0.755592  
0.904583  0.749301  
0.926066  0.745286  
0.953153  0.782568  
0.932027  0.803694  
0.916521  0.804832  
0.904579  0.816773  
0.916521  0.804832  
0.932027  0.803694  
0.954629  0.832175  
0.932568  0.854235  
0.918981  0.853067  
0.9032  0.868848  
0.918981  0.853067  
0.932568  0.854235  
0.948429  0.876066  
0.926666  0.897829  
0.912346  0.893555  
0.893555  0.912346  
0.912346  0.893555  
0.926666  0.897829  
0.935796  0.914204  
0.914204  0.935796  
0.897829  0.926666  
0.897829  0.926666  
0.914204  0.935796  
0.918291  0.947425  
0.896247  0.969469  
0.877136  0.953766  
0.876066  0.948429  
0.877136  0.953766  
0.896247  0.969469  
0.897517  0.977483  
0.875  1  
0.852951  0.977951  
0.851617  0.977772  
0.852951  0.977951  
0.875  1  
0.829389  1  
0.875  0.00683644  
0.875  0  
0.925  0  
0.925  0.0154508  
0.912321  0.0281294  
0.853418  0.0284182  
0.875  0.00683644  
0.912321  0.0281294  
0.908321  0.0553523  
0.901467  0.0622062  
0.85224  0.0382105  
0.834585  0.0558654  
0.85224  0.0382105  
0.901467  0.0622062  
0.893134  0.0959646  
0.830829  0.0740653  
0.82104  0.083854  
0.830829  0.0740653  
0.893134  0.0959646  
0.893639  0.0979098  
0.883557  0.130345  
0.813684  0.116339  
0.813085  0.114033  
0.813684  0.116339  
0.883557  0.130345  
0.886862  0.144346  
0.878035  0.16982  
0.809613  0.165642  
0.804036  0.148913  
0.809613  0.165642  
0.878035  0.16982  
0.884246  0.193744  
0.876341  0.215827  
0.812812  0.219284  
0.800949  0.193886  
0.812812  0.219284  
0.876341  0.215827  
0.886345  0.245838  
0.878329  0.268972  
0.822872  0.276907  
0.803981  0.249098  
0.822872  0.276907  
0.878329  0.268972  
0.892922  0.300217  
0.884047  0.328769  
0.838226  0.338226  
0.813283  0.313283  
0.838226  0.338226  
0.884047  0.328769  
0.902878  0.35649  
0.893695  0.393695  
0.85649  0.402878  
0.828769  0.384047  
0.85649  0.402878  
0.893695  0.393695  
0.914347  0.414347  
0.907414  0.461523  
0.875  0.47016  
0.849812  0.458396  
0.875  0.47016  
0.907414  0.461523  
0.925  0.473469  
0.925  0.52984  
0.891389  0.538796  
0.875  0.533333  
0.891389  0.538796  
0.925  0.52984  
0.932506  0.533346  
0.944648  0.591679  
0.937794  0.598533  
0.904035  0.606866  
0.90209  0.606361  
0.904035  0.606866  
0.937794  0.598533  
0.96179  0.64776  
0.944135  0.665415  
0.925935  0.669171  
0.916146  0.67896  
0.925935  0.669171  
0.944135  0.665415  
0.973657  0.701343  
0.973562  0.703381  
0.949962  0.72698  
0.943439  0.727913  
0.926066  0.745286  
0.943439  0.727913  
0.949962  0.72698  
0.977772  0.751617  
0.978647  0.758156  
0.954298  0.782506  
0.953153  0.782568  
0.932027  0.803694  
0.953153  0.782568  
0.954298  0.782506  
0.978884  0.802018  
0.98016  0.808008  
0.955915  0.832253  
0.954629  0.832175  
0.954629  0.832175  
0.955915  0.832253  
0.977772  0.851617  
0.977951  0.852951  
0.953766  0.877136  
0.948429  0.876066  
0.932568  0.854235  
0.948429  0.876066  
0.953766  0.877136  
0.969469  0.896247  
0.947425  0.918291  
0.935796  0.914204  
0.926666  0.897829  
0.935796  0.914204  
0.947425  0.918291  
0.956726  0.937372  
0.937372  0.956726  
0.918291  0.947425  
0.914204  0.935796  
0.896247  0.969469  
0.918291  0.947425  
0.937372  0.956726  
0.941518  0.976645  
0.925  0.993164  
0.897517  0.977483  
0.897517  0.977483  
0.925  0.993164  
0.925  1  
0.875  1  
0.925  0  
0.975  0  
0.975  0.025  
0.973176  0.0268237  
0.925  0.0154508  
0.912321  0.0281294  
0.925  0.0154508  
0.973176  0.0268237  
0.966654  0.0674945  
0.908321  0.0553523  
0.901467  0.0622062  
0.908321  0.0553523  
0.966654  0.0674945  
0.97016  0.075  
0.961204  0.108611  
0.893639  0.0979098  
0.893134  0.0959646  
0.893639  0.0979098  
0.961204  0.108611  
0.966667  0.125  
0.957938  0.151186  
0.886862  0.144346  
0.883557  0.130345  
0.878035  0.16982  
0.886862  0.144346  
0.957938  0.151186  
0.96412  0.175  
0.956349  0.195993  
0.884246  0.193744  
0.876341  0.215827  
0.884246  0.193744  
0.956349  0.195993  
0.963197  0.225  
0.956018  0.243793  
0.886345  0.245838  
0.878329  0.268972  
0.886345  0.245838  
0.956018  0.243793  
0.96412  0.275  
0.95669  0.295071  
0.892922  0.300217  
0.892922  0.300217  
0.95669  0.295071  
0.966667  0.325  
0.958396  0.349812  
0.902878  0.35649  
0.884047  0.328769  
0.902878  0.35649  
0.958396  0.349812  
0.97016  0.375  
0.961523  0.407414  
0.914347  0.414347  
0.893695  0.393695  
0.914347  0.414347  
0.961523  0.407414  
0.973469  0.425  
0.966771  0.466771  
0.925  0.473469  
0.907414  0.461523  
0.925  0.473469  
0.966771  0.466771  
0.975  0.475  
0.975  0.525  
0.973176  0.526824  
0.932506  0.533346  
0.925  0.52984  
0.932506  0.533346  
0.973176  0.526824  
0.984549  0.575  
0.971871  0.587679  
0.944648  0.591679  
0.937794  0.598533  
0.944648  0.591679  
0.971871  0.587679  
0.993164  0.625  
0.971582  0.646582  
0.96179  0.64776  
0.944135  0.665415  
0.96179  0.64776  
0.971582  0.646582  
1  0.675  
0.973657  0.701343  
0.973562  0.703381  
1  0.721922  
1  0.729389  
0.977772  0.751617  
0.949962  0.72698  
0.978647  0.758156  
1  0.771353  
1  0.780902  
0.978884  0.802018  
0.954298  0.782506  
0.98016  0.808008  
1  0.821922  
1  0.829389  
0.977772  0.851617  
0.955915  0.832253  
0.953766  0.877136  
0.977951  0.852951  
1  0.875  
0.977483  0.897517  
0.969469  0.896247  
0.947425  0.918291  
0.969469  0.896247  
0.977483  0.897517  
0.993164  0.925  
0.976645  0.941518  
0.956726  0.937372  
0.937372  0.956726  
0.956726  0.937372  
0.976645  0.941518  
0.984549  0.975  
0.975  0.984549  
0.941518  0.976645  
0.941518  0.976645  
0.975  0.984549  
0.975  1  
0.925  1  
0.925  0.993164  
0.975  0  
1  0  
1  0.025  
0.975  0.025  
0.973176  0.0268237  
0.975  0.025  
1  0.025  
1  0.075  
0.97016  0.075  
0.966654  0.0674945  
0.97016  0.075  
1  0.075  
1  0.125  
0.966667  0.125  
0.961204  0.108611  
0.966667  0.125  
1  0.125  
1  0.175  
0.96412  0.175  
0.957938  0.151186  
0.956349  0.195993  
0.96412  0.175  
1  0.175  
1  0.225  
0.963197  0.225  
0.956018  0.243793  
0.963197  0.225  
1  0.225  
1  0.275  
0.96412  0.275  
0.95669  0.295071  
0.96412  0.275  
1  0.275  
1  0.325  
0.966667  0.325  
0.958396  0.349812  
0.966667  0.325  
1  0.325  
1  0.375  
0.97016  0.375  
0.97016  0.375  
1  0.375  
1  0.425  
0.973469  0.425  
0.961523  0.407414  
0.973469  0.425  
1  0.425  
1  0.475  
0.975  0.475  
0.966771  0.466771  
0.975  0.475  
1  0.475  
1  0.525  
0.975  0.525  
0.973176  0.526824  
0.975  0.525  
1  0.525  
1  0.575  
0.984549  0.575  
0.971871  0.587679  
0.984549  0.575  
1  0.575  
1  0.625  
0.993164  0.625  
0.993164  0.625  
1  0.625  
1  0.675  
0.971582  0.646582  
1  0.675  
1  0.721922  
0.973562  0.703381  
0.973657  0.701343  
0.977772  0.751617  
1  0.729389  
1  0.771353  
0.978647  0.758156  
0.978884  0.802018  
1  0.780902  
1  0.821922  
0.98016  0.808008  
0.977772  0.851617  
1  0.829389  
1  0.875  
0.977951  0.852951  
0.977483  0.897517  
1  0.875  
1  0.925  
0.993164  0.925  
0.976645  0.941518  
0.993164  0.925  
1  0.925  
1  0.975  
0.984549  0.975  
0.975  0.984549  
0.984549  0.975  
1  0.975  
1  1  
0.975  1  
# grid vertices 
968
0.466667 0.825 
0.953766 0.877136 
0.085796 0.564204 
0.815816 0.815816 
0.96179 0.64776 
0.375 0.5 
0.916521 0.804832 
0.755592 0.898292 
0.0333333 0.175 
0.754162 0.613655 
0.186717 0.186717 
0.851087 0.695964 
0.397517 0.477483 
0.437794 0.0985333 
0.432027 0.303694 
0.552575 0.0817086 
0.0305308 0.603753 
0.782506 0.954298 
0.0284182 0.853418 
0.0436511 0.304007 
0.201343 0.473657 
0.393695 0.893695 
0.130345 0.883557 
0.35649 0.902878 
0.237262 0.635305 
0.52984 0.925 
0.466771 0.966771 
0.701343 0.973657 
0.613138 0.855654 
0.745286 0.926066 
0.754798 0.802023 
0.971871 0.587679 
0.90209 0.606361 
0.935796 0.914204 
0.690387 0.834358 
0.978884 0.802018 
0.315816 0.315816 
0.581709 0.052575 
0.731028 0.621671 
0.625 -1.6263e-17 
0.725 -0.0059017 
0.199783 0.107078 
0.107078 0.199783 
0.113655 0.254162 
0.351087 0.195964 
0.275 0.0368034 
0.398292 0.255592 
0.432506 0.0333456 
0.471582 0.146582 
0.425 0.02984 
0.754714 0.0739339 
0.263081 0.263081 
0.473562 0.203381 
0.280716 0.187188 
0.530531 0.103753 
0.444135 0.165415 
0.528418 0.353418 
0.368848 0.4032 
0.469469 0.396247 
0.49834 0.220758 
0.533333 0.875 
0.418291 0.447425 
0.052575 0.581709 
0.352951 0.477951 
0.376066 0.448429 
0.319974 0.266992 
0.245286 0.426066 
0.187188 0.280716 
0.266992 0.319974 
0.231028 0.121671 
0.02984 0.425 
0.123659 0.284173 
0.0333333 0.375 
0.025 0.515451 
0.255592 0.398292 
0.025 0.475 
0.167747 0.544085 
0.17896 0.416146 
0.146933 0.581019 
-1.38778e-17 0.625 
0.0876538 0.606445 
0.00683644 0.575 
0.075 0.484549 
-0.00438926 0.675 
0.197977 0.745202 
0.193744 0.884246 
0.129461 0.680328 
0.0211158 0.697982 
0.0462342 0.622864 
0.0432739 0.562628 
0.180026 0.733008 
0.0440853 0.667747 
0.245202 0.697977 
0.296619 0.526438 
0.0558654 0.834585 
0.303981 0.749098 
0.325 0.966667 
0.295071 0.95669 
0.378035 0.66982 
0.669171 0.925935 
0.52984 0.625 
0.971582 0.646582 
0.393639 0.59791 
0.300949 0.693886 
0.250699 0.595417 
0.241089 0.643499 
0.313684 0.616339 
0.167825 0.545371 
0.282506 0.454298 
0.0876785 0.471871 
0.195168 0.583479 
0.251617 0.477772 
0.461204 0.608611 
0.35224 0.53821 
0.686316 0.883661 
0.533229 0.533229 
0.686717 0.686717 
0.454298 0.282506 
0.819974 0.766992 
0.832175 0.954629 
0.538796 0.891389 
0.677128 0.723093 
0.766992 0.819974 
0.606866 0.904035 
0.533346 0.932506 
0.526824 0.973176 
0.64776 0.96179 
0.914204 0.935796 
0.646582 0.971582 
0.587679 0.971871 
0.749301 0.904583 
0.832253 0.955915 
0.954629 0.832175 
0.918291 0.947425 
0.874544 0.865906 
0.893555 0.912346 
0.876066 0.948429 
0.937372 0.956726 
0.926666 0.897829 
0.956726 0.937372 
0.98016 0.808008 
0.955915 0.832253 
0.869627 0.820585 
0.978647 0.758156 
0.932027 0.803694 
0.904583 0.749301 
0.916146 0.67896 
0.802023 0.754798 
0.949962 0.72698 
0.883661 0.686316 
0.904035 0.606866 
0.828769 0.384047 
0.973176 0.526824 
0.675 0.46412 
0.875 0.47016 
0.780716 0.687188 
0.441518 0.476645 
0.891389 0.538796 
0.806256 0.615754 
0.615953 0.671231 
0.456018 0.743793 
0.47016 0.575 
0.607078 0.699783 
0.515451 0.425 
0.526531 0.575 
0.614033 0.313085 
0.925 0.473469 
0.715827 0.376341 
0.699783 0.607078 
0.587654 0.106445 
0.691992 0.0198401 
0.51984 0.191992 
0.675401 0.175401 
0.602483 0.0225165 
0.696306 0.0679735 
0.679415 0.130373 
0.647049 0.0220492 
0.695168 0.0834794 
0.645765 0.0674321 
0.77302 0.0500377 
0.717432 0.0468473 
0.665642 0.309613 
0.825 3.25261e-17 
0.749098 0.303981 
0.812812 0.219284 
0.902878 0.35649 
0.813684 0.116339 
0.892922 0.300217 
0.875 0.00683644 
0.883557 0.130345 
0.025 0.025 
0.085653 0.085653 
0.0358797 0.225 
0.0332295 0.0332295 
0.0265313 0.075 
0.150188 0.0416041 
0.0384774 0.0925862 
0.0416041 0.150188 
0.0368034 0.275 
0.0439816 0.256207 
0.115953 0.171231 
0.02984 0.125 
0.0433097 0.204929 
0.0971225 0.14351 
0.121671 0.231028 
0.161774 0.161774 
0.24226 0.24226 
0.177128 0.223093 
0.190387 0.334358 
0.196019 0.250902 
0.256207 0.0439816 
0.171231 0.115953 
0.284173 0.123659 
0.223093 0.177128 
0.14351 0.0971225 
0.175 0.0333333 
0.106305 0.106305 
0.075 0.0265313 
0.125 0.02984 
0.0925862 0.0384774 
0.204929 0.0433097 
0.225 0.0358797 
0.325 0.0358797 
0.304007 0.0436511 
0.254162 0.113655 
0.40209 0.106361 
0.443439 0.227913 
0.355654 0.113138 
0.306256 0.115754 
0.375 0.0333333 
0.348814 0.0420621 
0.391389 0.0387964 
0.444648 0.0916794 
0.475 0.025 
0.404035 0.106866 
0.46179 0.14776 
0.33018 0.121965 
0.416146 0.17896 
0.369655 0.116443 
0.425935 0.169171 
0.5 0.125 
0.473657 0.201343 
0.521353 0.241844 
0.449962 0.22698 
0.567973 0.196306 
0.453153 0.282568 
0.404583 0.249301 
0.477772 0.251617 
0.501809 0.323191 
0.4032 0.368848 
0.370539 0.319672 
0.306114 0.199051 
0.356501 0.258911 
0.383661 0.186316 
0.426066 0.245286 
0.385967 0.186915 
0.250902 0.196019 
0.334358 0.190387 
0.364695 0.262738 
0.302023 0.254798 
0.374544 0.365906 
0.324599 0.324599 
0.365906 0.374544 
0.319672 0.370539 
0.353067 0.418981 
0.186915 0.385967 
0.369627 0.320585 
0.435796 0.414204 
0.416521 0.304832 
0.454629 0.332175 
0.418981 0.353067 
0.426666 0.397829 
0.404579 0.316773 
0.455915 0.332253 
0.477772 0.351617 
0.478884 0.302018 
0.493164 0.425 
0.502195 0.327195 
0.448429 0.376066 
0.432568 0.354235 
0.477483 0.397517 
0.453766 0.377136 
0.437372 0.456726 
0.412346 0.393555 
0.476645 0.441518 
0.447425 0.418291 
0.475 0.484549 
0.526824 0.473176 
0.425 0.493164 
0.393555 0.412346 
0.456726 0.437372 
0.484549 0.475 
0.396247 0.469469 
0.377136 0.453766 
0.414204 0.435796 
0.397829 0.426666 
0.351617 0.477772 
0.354235 0.432568 
0.332175 0.454629 
0.334585 0.555865 
0.272087 0.556561 
0.332253 0.455915 
0.308008 0.48016 
0.217432 0.546847 
0.22698 0.449962 
0.241844 0.521353 
0.172805 0.497805 
0.106361 0.40209 
0.203381 0.473562 
0.116443 0.369655 
0.249301 0.404583 
0.258156 0.478647 
0.316773 0.404579 
0.303694 0.432027 
0.320585 0.369627 
0.262738 0.364695 
0.254798 0.302023 
0.258911 0.356501 
0.227913 0.443439 
0.165415 0.444135 
0.304832 0.416521 
0.282568 0.453153 
0.113138 0.355654 
0.195964 0.351087 
0.199051 0.306114 
0.121965 0.33018 
0.0420621 0.348814 
0.115754 0.306256 
0.0358797 0.325 
0.186316 0.383661 
0.0268237 0.473176 
0.0387964 0.391389 
0.106866 0.404035 
0.0333456 0.432506 
0.169171 0.425935 
0.147049 0.522049 
0.146582 0.471582 
0.176809 0.498191 
0.0985333 0.437794 
0.125 0.5 
0.0916794 0.444648 
0.14776 0.46179 
0.0233548 0.558482 
0.0154508 0.525 
0.0584816 0.523355 
0.064204 0.585796 
0.0817086 0.552575 
0.131152 0.5968 
0.103753 0.530531 
0.0626278 0.543274 
0.075 0.506836 
0.125 0.493164 
0.123934 0.551571 
0.102483 0.522517 
0.191992 0.51984 
0.148383 0.522228 
0.183227 0.595421 
0.145765 0.567432 
0.122864 0.546234 
0.102171 0.573334 
0.233008 0.680026 
0.106445 0.587654 
0.0810192 0.646933 
0.0733338 0.602171 
0.134094 0.625456 
0.0968003 0.631152 
0.135305 0.737262 
0.180328 0.629461 
0.0679735 0.696306 
0.0834794 0.695168 
0.130373 0.679415 
0.125456 0.634094 
0.101708 0.744408 
0.0468473 0.717432 
0.0954206 0.683227 
0.0220492 0.647049 
0.0225165 0.602483 
0.0515712 0.623934 
0.0222277 0.648383 
0.0198401 0.691992 
0.0674321 0.645765 
0.0453712 0.667825 
-0.0059017 0.725 
0.0457022 0.717494 
0.0264384 0.796619 
0.0213525 0.741844 
0.0622062 0.901467 
0.00683644 0.875 
-0.00438926 0.775 
3.46945e-17 0.825 
0.0222277 0.748383 
0.0500377 0.77302 
0.0281294 0.912321 
0.0268237 0.973176 
0.0674945 0.966654 
0.0154508 0.925 
0.025 0.975 
0.0382105 0.85224 
0.313283 0.813283 
0.108611 0.961204 
0.0553523 0.908321 
0.075 0.97016 
0.151186 0.957938 
0.0959646 0.893134 
0.125 0.966667 
0.0979098 0.893639 
0.148913 0.804036 
0.0263434 0.798657 
0.0739339 0.754714 
0.0740653 0.830829 
0.083854 0.82104 
0.114033 0.813085 
0.0565606 0.772087 
0.116339 0.813684 
0.0954169 0.750699 
0.193886 0.800949 
0.143499 0.741089 
0.215827 0.876341 
0.165642 0.809613 
0.25774 0.75774 
0.249098 0.803981 
0.245838 0.886345 
0.276907 0.822872 
0.225 0.963197 
0.16982 0.878035 
0.268972 0.878329 
0.219284 0.812812 
0.195993 0.956349 
0.144346 0.886862 
0.175 0.96412 
0.243793 0.956018 
0.461523 0.907414 
0.300217 0.892922 
0.275 0.96412 
0.328769 0.884047 
0.349812 0.958396 
0.375 0.97016 
0.407414 0.961523 
0.475 0.975 
0.425 0.973469 
0.414347 0.914347 
0.525 0.975 
0.473469 0.925 
0.543982 0.756207 
0.322872 0.776907 
0.402878 0.85649 
0.47016 0.875 
0.458396 0.849812 
0.376341 0.715827 
0.392922 0.800217 
0.378329 0.768972 
0.338226 0.838226 
0.384047 0.828769 
0.46412 0.775 
0.46412 0.675 
0.393134 0.595965 
0.408321 0.555352 
0.475 0.525 
0.401467 0.562206 
0.32104 0.583854 
0.386345 0.745838 
0.384246 0.693744 
0.386862 0.644346 
0.466667 0.625 
0.312812 0.719284 
0.304036 0.648913 
0.236919 0.736919 
0.175401 0.675401 
0.184184 0.684184 
0.179415 0.630373 
0.244408 0.601708 
0.313085 0.614033 
0.383557 0.630345 
0.309613 0.665642 
0.248383 0.522228 
0.254714 0.573934 
0.197982 0.521116 
0.196306 0.567973 
0.220758 0.49834 
0.217494 0.545702 
0.271069 0.499542 
0.228931 0.500458 
0.302018 0.478884 
0.27302 0.550038 
0.279242 0.50166 
0.327195 0.502195 
0.298657 0.526343 
0.330829 0.574065 
0.323191 0.501809 
0.353418 0.528418 
0.466654 0.567494 
0.525 0.525 
0.425 0.515451 
0.375 0.506836 
0.412321 0.528129 
0.473176 0.526824 
0.575 0.47016 
0.525 0.475 
0.567494 0.466654 
0.538477 0.592586 
0.575 0.526531 
0.585653 0.585653 
0.528129 0.412321 
0.693744 0.384246 
0.608611 0.461204 
0.625 0.52984 
0.595965 0.393134 
0.800217 0.392922 
0.725 0.53588 
0.849812 0.458396 
0.650188 0.541604 
0.651186 0.457938 
0.592586 0.538477 
0.671231 0.615953 
0.625 0.466667 
0.675 0.533333 
0.704929 0.54331 
0.825 0.53588 
0.784173 0.623659 
0.756207 0.543982 
0.834358 0.690387 
0.763081 0.763081 
0.750902 0.696019 
0.54331 0.704929 
0.723093 0.677128 
0.74226 0.74226 
0.606305 0.606305 
0.696019 0.750902 
0.64351 0.597122 
0.661774 0.661774 
0.541604 0.650188 
0.457938 0.651186 
0.463197 0.725 
0.456349 0.695993 
0.533333 0.675 
0.597122 0.64351 
0.543651 0.804007 
0.53588 0.725 
0.687188 0.780716 
0.621671 0.731028 
0.53588 0.825 
0.613655 0.754162 
0.45669 0.795071 
0.536803 0.775 
0.542062 0.848814 
0.623659 0.784173 
0.606361 0.90209 
0.591679 0.944648 
0.575 0.984549 
0.625 0.993164 
0.665415 0.944135 
0.598533 0.937794 
0.615754 0.806256 
0.686915 0.885967 
0.72698 0.949962 
0.758156 0.978647 
0.675 1 
0.725 1.00439 
0.703381 0.973562 
0.751617 0.977772 
0.775 1.0059 
0.802018 0.978884 
0.854235 0.932568 
0.758911 0.856501 
0.727913 0.943439 
0.67896 0.916146 
0.804832 0.916521 
0.782568 0.953153 
0.695964 0.851087 
0.616443 0.869655 
0.699051 0.806114 
0.621965 0.83018 
0.868848 0.9032 
0.762738 0.864695 
0.864695 0.762738 
0.912346 0.893555 
0.926066 0.745286 
0.904579 0.816773 
0.870539 0.819672 
0.918981 0.853067 
0.820585 0.869627 
0.824599 0.824599 
0.853067 0.918981 
0.9032 0.868848 
0.803694 0.932027 
0.819672 0.870539 
0.851617 0.977772 
0.808008 0.98016 
0.825 1.00439 
0.816773 0.904579 
0.865906 0.874544 
0.897517 0.977483 
0.852951 0.977951 
0.925 0.993164 
0.897829 0.926666 
0.875 1 
0.975 0.984549 
0.941518 0.976645 
0.976645 0.941518 
0.984549 0.975 
0.932568 0.854235 
0.993164 0.925 
0.896247 0.969469 
0.877136 0.953766 
0.969469 0.896247 
0.947425 0.918291 
0.977951 0.852951 
0.948429 0.876066 
0.977772 0.851617 
0.977483 0.897517 
1 0.875 
1.00439 0.825 
1.0059 0.775 
0.993164 0.625 
0.973657 0.701343 
0.973562 0.703381 
0.944135 0.665415 
1 0.675 
1.00439 0.725 
0.977772 0.751617 
0.954298 0.782506 
0.898292 0.755592 
0.953153 0.782568 
0.806114 0.699051 
0.856501 0.758911 
0.855654 0.613138 
0.925935 0.669171 
0.885967 0.686915 
0.943439 0.727913 
0.869655 0.616443 
0.725 0.463197 
0.83018 0.621965 
0.775 0.536803 
0.825 0.466667 
0.804007 0.543651 
0.775 0.46412 
0.97016 0.375 
0.875 0.533333 
0.848814 0.542062 
0.914347 0.414347 
0.907414 0.461523 
0.925 0.52984 
0.937794 0.598533 
0.961523 0.407414 
0.975 0.525 
0.984549 0.575 
0.944648 0.591679 
0.966771 0.466771 
0.932506 0.533346 
0.975 0.475 
0.973469 0.425 
0.85649 0.402878 
0.884047 0.328769 
0.893695 0.393695 
0.878329 0.268972 
0.884246 0.193744 
0.958396 0.349812 
0.966667 0.325 
0.95669 0.295071 
0.96412 0.275 
0.886862 0.144346 
0.963197 0.225 
0.876341 0.215827 
0.956349 0.195993 
0.886345 0.245838 
0.956018 0.243793 
0.733008 0.180026 
0.822872 0.276907 
0.800949 0.193886 
0.878035 0.16982 
0.809613 0.165642 
0.745202 0.197977 
0.736919 0.236919 
0.521116 0.197982 
0.75774 0.25774 
0.648913 0.304036 
0.803981 0.249098 
0.719284 0.312812 
0.838226 0.338226 
0.813283 0.313283 
0.745838 0.386345 
0.795071 0.45669 
0.743793 0.456018 
0.66982 0.378035 
0.776907 0.322872 
0.768972 0.378329 
0.695993 0.456349 
0.644346 0.386862 
0.635305 0.237262 
0.59791 0.393639 
0.550038 0.27302 
0.616339 0.313684 
0.555352 0.408321 
0.477951 0.352951 
0.630345 0.383557 
0.574065 0.330829 
0.562206 0.401467 
0.5 0.375 
0.48016 0.308008 
0.506836 0.375 
0.499542 0.271069 
0.53821 0.35224 
0.526343 0.298657 
0.555865 0.334585 
0.526438 0.296619 
0.583854 0.32104 
0.50166 0.279242 
0.556561 0.272087 
0.478647 0.258156 
0.500458 0.228931 
0.545371 0.167825 
0.498191 0.176809 
0.544085 0.167747 
0.573934 0.254714 
0.522228 0.248383 
0.545702 0.217494 
0.643499 0.241089 
0.546847 0.217432 
0.581019 0.146933 
0.601708 0.244408 
0.595421 0.183227 
0.595417 0.250699 
0.697977 0.245202 
0.693886 0.300949 
0.583479 0.195168 
0.680026 0.233008 
0.629461 0.180328 
0.683227 0.0954206 
0.630373 0.179415 
0.625456 0.134094 
0.606445 0.0876538 
0.585796 0.064204 
0.631152 0.0968003 
0.471871 0.0876785 
0.573334 0.102171 
0.497805 0.172805 
0.634094 0.125456 
0.5968 0.131152 
0.551571 0.123934 
0.567432 0.145765 
0.493164 0.125 
0.522228 0.148383 
0.506836 0.075 
0.522049 0.147049 
0.522517 0.102483 
0.546234 0.122864 
0.484549 0.075 
0.564204 0.085796 
0.523355 0.0584816 
0.622864 0.0462342 
0.473176 0.0268237 
0.543274 0.0626278 
0.525 0.0154508 
0.515451 0.025 
0.558482 0.0233548 
0.562628 0.0432739 
0.575 0.00683644 
0.648383 0.0222277 
0.603753 0.0305308 
0.602171 0.0733338 
0.667747 0.0440853 
0.623934 0.0515712 
0.646933 0.0810192 
0.667825 0.0453712 
0.675 -0.00438926 
0.717494 0.0457022 
0.798657 0.0263434 
0.853418 0.0284182 
0.775 -0.00438926 
0.813085 0.114033 
0.748383 0.0222277 
0.697982 0.0211158 
0.741844 0.0213525 
0.82104 0.083854 
0.680328 0.129461 
0.744408 0.101708 
0.737262 0.135305 
0.684184 0.184184 
0.804036 0.148913 
0.741089 0.143499 
0.750699 0.0954169 
0.85224 0.0382105 
0.772087 0.0565606 
0.796619 0.0264384 
0.834585 0.0558654 
0.893134 0.0959646 
0.893639 0.0979098 
0.957938 0.151186 
0.96412 0.175 
0.908321 0.0553523 
0.961204 0.108611 
0.966667 0.125 
0.97016 0.075 
0.901467 0.0622062 
0.830829 0.0740653 
0.912321 0.0281294 
0.966654 0.0674945 
0.925 0.0154508 
0.973176 0.0268237 
0.975 0.025 
0.025 -2.06097 
-2.06097 0.025 
-2.02392 0.075 
-1.98577 0.125 
-1.94957 0.175 
-1.91781 0.225 
-1.89236 0.275 
-1.87435 0.325 
-1.864 0.375 
-1.86048 0.425 
-1.86487 0.475 
-1.88396 0.525 
-1.90621 0.575 
-1.9296 0.625 
-1.95249 0.675 
-1.9738 0.725 
-1.99309 0.775 
-2.01056 0.825 
-2.02692 0.875 
-2.04329 0.925 
-2.06097 0.975 
0.075 -2.02392 
0.025 3.06097 
0.125 -1.98577 
0.075 3.01815 
0.175 -1.94957 
0.125 2.97955 
0.225 -1.91781 
0.175 2.94493 
0.275 -1.89236 
0.225 2.91609 
0.325 -1.87435 
0.275 2.89412 
0.375 -1.864 
0.325 2.87928 
0.425 -1.86048 
0.375 2.87087 
0.475 -1.86487 
0.425 2.86705 
0.525 -1.88396 
0.475 2.86487 
0.575 -1.90621 
0.525 2.86487 
0.625 -1.9296 
0.575 2.88908 
0.675 -1.95249 
0.625 2.91614 
0.725 -1.9738 
0.675 2.94395 
0.775 -1.99309 
0.725 2.9709 
0.825 -2.01056 
0.775 2.99593 
0.875 -2.02692 
0.825 3.01863 
0.925 -2.04329 
0.875 3.03921 
0.975 -2.06097 
0.925 3.0584 
3.06097 0.025 
3.01815 0.075 
2.97955 0.125 
2.94493 0.175 
2.91609 0.225 
2.89412 0.275 
2.87928 0.325 
2.87087 0.375 
2.86705 0.425 
2.86487 0.475 
2.86487 0.525 
2.88908 0.575 
2.91614 0.625 
2.94395 0.675 
2.9709 0.725 
2.99593 0.775 
3.01863 0.825 
3.03921 0.875 
3.0584 0.925 
3.0773 0.975 
0.975 3.0773 
0.025 0 
0 0 
0 0.025 
0 0.075 
0 0.125 
0 0.175 
0 0.225 
0 0.275 
0 0.325 
0 0.375 
0 0.425 
0 0.475 
0 0.525 
0 0.575 
0 0.670611 
0 0.678078 
0 0.719098 
0 0.728647 
0 0.770611 
0 0.778078 
0 0.875 
0 0.925 
0 0.975 
0 1 
0.025 1 
0.075 0 
0.075 1 
0.125 0 
0.125 1 
0.175 0 
0.175 1 
0.225 0 
0.225 1 
0.275 0 
0.275 1 
0.325 0 
0.325 1 
0.375 0 
0.375 1 
0.425 0 
0.425 1 
0.475 0 
0.475 1 
0.525 0 
0.525 1 
0.575 0 
0.575 1 
0.625 1 
0.670611 0 
0.719098 0 
0.678078 0 
0.721922 1 
0.729389 1 
0.770611 0 
0.728647 0 
0.771353 1 
0.780902 1 
0.778078 0 
0.821922 1 
0.829389 1 
0.875 0 
0.925 0 
0.925 1 
0.975 0 
1 0.729389 
1 0.721922 
1 0.780902 
1 0.771353 
1 0.829389 
1 0.821922 
0.975 1 
1 0 
1 0.025 
1 0.075 
1 0.125 
1 0.175 
1 0.225 
1 0.275 
1 0.325 
1 0.375 
1 0.425 
1 0.475 
1 0.525 
1 0.575 
1 0.625 
1 0.925 
1 0.975 
1 1 
