# Date: 7/11/2013   Time: 0:24
# dimensions 
10 10 
# connectivity 
81
4  1  2  3  4    1 1 
5  5  6  7  8  9    1 1 
5  10  11  12  13  14    1 1 
6  15  16  17  18  19  20    1 1 
5  21  22  23  24  25    1 1 
5  26  27  28  29  30    1 1 
5  31  32  33  34  35    1 1 
5  36  37  38  39  40    1 1 
4  41  42  43  44    1 1 
5  45  46  47  48  49    1 1 
6  50  51  52  53  54  55    1 1 
7  56  57  58  59  60  61  62    1 1 
5  63  64  65  66  67    1 1 
6  68  69  70  71  72  73    1 1 
6  74  75  76  77  78  79    1 1 
6  80  81  82  83  84  85    1 1 
5  86  87  88  89  90    1 1 
6  91  92  93  94  95  96    1 1 
5  97  98  99  100  101    1 1 
7  102  103  104  105  106  107  108    1 1 
5  109  110  111  112  113    1 1 
6  114  115  116  117  118  119    1 1 
6  120  121  122  123  124  125    1 1 
6  126  127  128  129  130  131    1 1 
5  132  133  134  135  136    1 1 
7  137  138  139  140  141  142  143    1 1 
5  144  145  146  147  148    1 1 
6  149  150  151  152  153  154    1 1 
5  155  156  157  158  159    1 1 
6  160  161  162  163  164  165    1 1 
6  166  167  168  169  170  171    1 1 
6  172  173  174  175  176  177    1 1 
5  178  179  180  181  182    1 1 
7  183  184  185  186  187  188  189    1 1 
6  190  191  192  193  194  195    1 1 
5  196  197  198  199  200    1 1 
5  201  202  203  204  205    1 1 
6  206  207  208  209  210  211    1 1 
6  212  213  214  215  216  217    1 1 
6  218  219  220  221  222  223    1 1 
5  224  225  226  227  228    1 1 
7  229  230  231  232  233  234  235    1 1 
6  236  237  238  239  240  241    1 1 
7  242  243  244  245  246  247  248    1 1 
4  249  250  251  252    1 1 
5  253  254  255  256  257    1 1 
6  258  259  260  261  262  263    1 1 
6  264  265  266  267  268  269    1 1 
5  270  271  272  273  274    1 1 
7  275  276  277  278  279  280  281    1 1 
6  282  283  284  285  286  287    1 1 
6  288  289  290  291  292  293    1 1 
6  294  295  296  297  298  299    1 1 
5  300  301  302  303  304    1 1 
5  305  306  307  308  309    1 1 
6  310  311  312  313  314  315    1 1 
5  316  317  318  319  320    1 1 
7  321  322  323  324  325  326  327    1 1 
6  328  329  330  331  332  333    1 1 
6  334  335  336  337  338  339    1 1 
7  340  341  342  343  344  345  346    1 1 
5  347  348  349  350  351    1 1 
5  352  353  354  355  356    1 1 
5  357  358  359  360  361    1 1 
5  362  363  364  365  366    1 1 
7  367  368  369  370  371  372  373    1 1 
6  374  375  376  377  378  379    1 1 
7  380  381  382  383  384  385  386    1 1 
6  387  388  389  390  391  392    1 1 
5  393  394  395  396  397    1 1 
6  398  399  400  401  402  403    1 1 
5  404  405  406  407  408    1 1 
4  409  410  411  412    1 1 
6  413  414  415  416  417  418    1 1 
5  419  420  421  422  423    1 1 
5  424  425  426  427  428    1 1 
4  429  430  431  432    1 1 
5  433  434  435  436  437    1 1 
5  438  439  440  441  442    1 1 
5  443  444  445  446  447    1 1 
5  448  449  450  451  452    1 1 
# DG vertices (counter-clockwise) 
452
0  0  
0.835504  0  
0.80913  0.80913  
0  0.835504  
0  0.835504  
0.80913  0.80913  
1.06044  1.06044  
0.890993  2.04795  
0  2.05841  
0  2.05841  
0.890993  2.04795  
1.11668  2.38315  
0.930341  3.264  
0  3.24851  
0  3.24851  
0.930341  3.264  
1.03206  3.44667  
0.89143  4.35147  
0.8  4.4429  
0  4.41324  
0  4.41324  
0.8  4.4429  
0.8  5.33627  
0.544168  5.59211  
0  5.57193  
0  5.57193  
0.544168  5.59211  
0.734877  6.43773  
0.420774  6.75183  
0  6.74483  
0  6.74483  
0.420774  6.75183  
0.760973  7.67964  
0.500201  7.94041  
0  7.94628  
0  7.94628  
0.500201  7.94041  
0.8032  9.10023  
0.750352  9.15308  
0  9.17753  
0  9.17753  
0.750352  9.15308  
0.779882  10  
0  10  
0.835504  0  
2.05841  0  
2.04795  0.890993  
1.06044  1.06044  
0.80913  0.80913  
1.06044  1.06044  
2.04795  0.890993  
2.38315  1.11668  
2.30243  2.30243  
1.11668  2.38315  
0.890993  2.04795  
1.11668  2.38315  
2.30243  2.30243  
2.489  2.489  
2.3993  3.5268  
2.33376  3.59233  
1.03206  3.44667  
0.930341  3.264  
1.03206  3.44667  
2.33376  3.59233  
2.28589  4.37783  
2  4.66373  
0.89143  4.35147  
0.8  4.4429  
0.89143  4.35147  
2  4.66373  
2  5.2584  
1.67552  5.58289  
0.8  5.33627  
0.544168  5.59211  
0.8  5.33627  
1.67552  5.58289  
1.72612  6.31212  
1.5134  6.52485  
0.734877  6.43773  
0.420774  6.75183  
0.734877  6.43773  
1.5134  6.52485  
1.62624  7.60476  
1.6091  7.62191  
0.760973  7.67964  
0.500201  7.94041  
0.760973  7.67964  
1.6091  7.62191  
1.71329  8.94407  
0.8032  9.10023  
0.750352  9.15308  
0.8032  9.10023  
1.71329  8.94407  
1.93647  9.06956  
1.94766  10  
0.779882  10  
2.05841  0  
3.24851  0  
3.264  0.930341  
2.38315  1.11668  
2.04795  0.890993  
2.38315  1.11668  
3.264  0.930341  
3.44667  1.03206  
3.59233  2.33376  
3.5268  2.3993  
2.489  2.489  
2.30243  2.30243  
2.489  2.489  
3.5268  2.3993  
3.68404  3.44829  
3.44829  3.68404  
2.3993  3.5268  
2.33376  3.59233  
2.3993  3.5268  
3.44829  3.68404  
3.52065  4.42095  
3.2  4.7416  
2.28589  4.37783  
2  4.66373  
2.28589  4.37783  
3.2  4.7416  
3.2  5.3657  
2.93515  5.63054  
2  5.2584  
1.67552  5.58289  
2  5.2584  
2.93515  5.63054  
2.868  6.44881  
2.83801  6.47879  
1.72612  6.31212  
1.5134  6.52485  
1.72612  6.31212  
2.83801  6.47879  
2.71905  7.51031  
1.62624  7.60476  
1.6091  7.62191  
1.62624  7.60476  
2.71905  7.51031  
2.92561  7.73218  
2.82041  8.88257  
1.93647  9.06956  
1.71329  8.94407  
1.93647  9.06956  
2.82041  8.88257  
3.15734  9.12274  
3.14321  10  
1.94766  10  
3.24851  0  
4.41324  0  
4.4429  0.8  
4.35147  0.89143  
3.44667  1.03206  
3.264  0.930341  
3.44667  1.03206  
4.35147  0.89143  
4.66373  2  
4.37783  2.28589  
3.59233  2.33376  
3.5268  2.3993  
3.59233  2.33376  
4.37783  2.28589  
4.7416  3.2  
4.42095  3.52065  
3.68404  3.44829  
3.44829  3.68404  
3.68404  3.44829  
4.42095  3.52065  
4.6343  4.4  
4.4  4.6343  
3.52065  4.42095  
3.2  4.7416  
3.52065  4.42095  
4.4  4.6343  
4.4  5.6  
4.35425  5.64575  
3.2  5.3657  
2.93515  5.63054  
3.2  5.3657  
4.35425  5.64575  
4.20167  6.57977  
2.868  6.44881  
2.83801  6.47879  
2.868  6.44881  
4.20167  6.57977  
4.32431  6.8  
4.13407  7.65854  
2.92561  7.73218  
2.71905  7.51031  
2.92561  7.73218  
4.13407  7.65854  
4.35248  8  
4.1788  8.96399  
3.15734  9.12274  
2.82041  8.88257  
3.15734  9.12274  
4.1788  8.96399  
4.39852  9.2  
4.37091  10  
3.14321  10  
4.41324  0  
5.57193  0  
5.59211  0.544168  
5.33627  0.8  
4.4429  0.8  
4.35147  0.89143  
4.4429  0.8  
5.33627  0.8  
5.58289  1.67552  
5.2584  2  
4.66373  2  
4.37783  2.28589  
4.66373  2  
5.2584  2  
5.63054  2.93515  
5.3657  3.2  
4.7416  3.2  
4.42095  3.52065  
4.7416  3.2  
5.3657  3.2  
5.64575  4.35425  
5.6  4.4  
4.6343  4.4  
4.4  4.6343  
4.6343  4.4  
5.6  4.4  
5.6  5.6  
4.4  5.6  
4.35425  5.64575  
4.4  5.6  
5.6  5.6  
5.8014  5.8014  
5.63827  6.8  
4.32431  6.8  
4.20167  6.57977  
4.32431  6.8  
5.63827  6.8  
5.86649  7.13896  
5.67569  8  
4.35248  8  
4.13407  7.65854  
4.35248  8  
5.67569  8  
5.81776  8.25513  
5.64853  9.19437  
5.6429  9.2  
4.39852  9.2  
4.1788  8.96399  
4.39852  9.2  
5.6429  9.2  
5.61529  10  
4.37091  10  
5.57193  0  
6.74483  0  
6.75183  0.420774  
6.43773  0.734877  
5.59211  0.544168  
5.33627  0.8  
5.59211  0.544168  
6.43773  0.734877  
6.52485  1.5134  
6.31212  1.72612  
5.58289  1.67552  
5.2584  2  
5.58289  1.67552  
6.31212  1.72612  
6.47879  2.83801  
6.44881  2.868  
5.63054  2.93515  
5.3657  3.2  
5.63054  2.93515  
6.44881  2.868  
6.57977  4.20167  
5.64575  4.35425  
5.6  4.4  
5.64575  4.35425  
6.57977  4.20167  
6.8  4.32431  
6.8  5.63827  
5.8014  5.8014  
5.6  5.6  
5.8014  5.8014  
6.8  5.63827  
7.13896  5.86649  
7.04244  7.04244  
5.86649  7.13896  
5.63827  6.8  
5.86649  7.13896  
7.04244  7.04244  
7.28185  7.28185  
7.15888  8.3482  
5.81776  8.25513  
5.67569  8  
5.81776  8.25513  
7.15888  8.3482  
7.17463  8.3716  
7.09613  9.23014  
6.85893  9.46734  
5.64853  9.19437  
5.6429  9.2  
5.64853  9.19437  
6.85893  9.46734  
6.85035  10  
5.61529  10  
6.74483  0  
7.94628  0  
7.94041  0.500201  
7.67964  0.760973  
6.75183  0.420774  
6.43773  0.734877  
6.75183  0.420774  
7.67964  0.760973  
7.62191  1.6091  
7.60476  1.62624  
6.52485  1.5134  
6.31212  1.72612  
6.52485  1.5134  
7.60476  1.62624  
7.51031  2.71905  
6.47879  2.83801  
6.44881  2.868  
6.47879  2.83801  
7.51031  2.71905  
7.73218  2.92561  
7.65854  4.13407  
6.8  4.32431  
6.57977  4.20167  
6.8  4.32431  
7.65854  4.13407  
8  4.35248  
8  5.67569  
7.13896  5.86649  
6.8  5.63827  
7.13896  5.86649  
8  5.67569  
8.25513  5.81776  
8.3482  7.15888  
7.28185  7.28185  
7.04244  7.04244  
7.28185  7.28185  
8.3482  7.15888  
8.3716  7.17463  
8.48974  8.30514  
8.30514  8.48974  
7.17463  8.3716  
7.15888  8.3482  
7.17463  8.3716  
8.30514  8.48974  
8.36634  9.26644  
8.05211  9.58067  
7.09613  9.23014  
6.85893  9.46734  
7.09613  9.23014  
8.05211  9.58067  
8.05715  10  
6.85035  10  
7.94628  0  
9.17753  0  
9.15308  0.750352  
9.10023  0.8032  
7.94041  0.500201  
7.67964  0.760973  
7.94041  0.500201  
9.10023  0.8032  
8.94407  1.71329  
7.62191  1.6091  
7.60476  1.62624  
7.62191  1.6091  
8.94407  1.71329  
9.06956  1.93647  
8.88257  2.82041  
7.73218  2.92561  
7.51031  2.71905  
7.73218  2.92561  
8.88257  2.82041  
9.12274  3.15734  
8.96399  4.1788  
8  4.35248  
7.65854  4.13407  
8  4.35248  
8.96399  4.1788  
9.2  4.39852  
9.2  5.6429  
9.19437  5.64853  
8.25513  5.81776  
8  5.67569  
8.25513  5.81776  
9.19437  5.64853  
9.46734  6.85893  
9.23014  7.09613  
8.3716  7.17463  
8.3482  7.15888  
8.3716  7.17463  
9.23014  7.09613  
9.58067  8.05211  
9.26644  8.36634  
8.48974  8.30514  
8.30514  8.48974  
8.48974  8.30514  
9.26644  8.36634  
9.48847  9.21623  
9.21623  9.48847  
8.36634  9.26644  
8.05211  9.58067  
8.36634  9.26644  
9.21623  9.48847  
9.23406  10  
8.05715  10  
9.17753  0  
10  0  
10  0.779882  
9.15308  0.750352  
9.10023  0.8032  
9.15308  0.750352  
10  0.779882  
10  1.94766  
9.06956  1.93647  
8.94407  1.71329  
9.06956  1.93647  
10  1.94766  
10  3.14321  
9.12274  3.15734  
8.88257  2.82041  
9.12274  3.15734  
10  3.14321  
10  4.37091  
9.2  4.39852  
8.96399  4.1788  
9.2  4.39852  
10  4.37091  
10  5.61529  
9.2  5.6429  
9.19437  5.64853  
9.2  5.6429  
10  5.61529  
10  6.85035  
9.46734  6.85893  
9.23014  7.09613  
9.46734  6.85893  
10  6.85035  
10  8.05715  
9.58067  8.05211  
9.26644  8.36634  
9.58067  8.05211  
10  8.05715  
10  9.23406  
9.48847  9.21623  
9.21623  9.48847  
9.48847  9.21623  
10  9.23406  
10  10  
9.23406  10  
# grid vertices 
164
0 0 
0.835504 0 
0.80913 0.80913 
0 0.835504 
1.06044 1.06044 
0.890993 2.04795 
0 2.05841 
1.11668 2.38315 
0.930341 3.264 
0 3.24851 
1.03206 3.44667 
0.89143 4.35147 
0.8 4.4429 
0 4.41324 
0.8 5.33627 
0.544168 5.59211 
0 5.57193 
0.734877 6.43773 
0.420774 6.75183 
0 6.74483 
0.760973 7.67964 
0.500201 7.94041 
0 7.94628 
0.8032 9.10023 
0.750352 9.15308 
0 9.17753 
0.779882 10 
0 10 
2.05841 0 
2.04795 0.890993 
2.38315 1.11668 
2.30243 2.30243 
2.489 2.489 
2.3993 3.5268 
2.33376 3.59233 
2.28589 4.37783 
2 4.66373 
2 5.2584 
1.67552 5.58289 
1.72612 6.31212 
1.5134 6.52485 
1.62624 7.60476 
1.6091 7.62191 
1.71329 8.94407 
1.93647 9.06956 
1.94766 10 
3.24851 0 
3.264 0.930341 
3.44667 1.03206 
3.59233 2.33376 
3.5268 2.3993 
3.68404 3.44829 
3.44829 3.68404 
3.52065 4.42095 
3.2 4.7416 
3.2 5.3657 
2.93515 5.63054 
2.868 6.44881 
2.83801 6.47879 
2.71905 7.51031 
2.92561 7.73218 
2.82041 8.88257 
3.15734 9.12274 
3.14321 10 
4.41324 0 
4.4429 0.8 
4.35147 0.89143 
4.66373 2 
4.37783 2.28589 
4.7416 3.2 
4.42095 3.52065 
4.6343 4.4 
4.4 4.6343 
4.4 5.6 
4.35425 5.64575 
4.20167 6.57977 
4.32431 6.8 
4.13407 7.65854 
4.35248 8 
4.1788 8.96399 
4.39852 9.2 
4.37091 10 
5.57193 0 
5.59211 0.544168 
5.33627 0.8 
5.58289 1.67552 
5.2584 2 
5.63054 2.93515 
5.3657 3.2 
5.64575 4.35425 
5.6 4.4 
5.6 5.6 
5.8014 5.8014 
5.63827 6.8 
5.86649 7.13896 
5.67569 8 
5.81776 8.25513 
5.64853 9.19437 
5.6429 9.2 
5.61529 10 
6.74483 0 
6.75183 0.420774 
6.43773 0.734877 
6.52485 1.5134 
6.31212 1.72612 
6.47879 2.83801 
6.44881 2.868 
6.57977 4.20167 
6.8 4.32431 
6.8 5.63827 
7.13896 5.86649 
7.04244 7.04244 
7.28185 7.28185 
7.15888 8.3482 
7.17463 8.3716 
7.09613 9.23014 
6.85893 9.46734 
6.85035 10 
7.94628 0 
7.94041 0.500201 
7.67964 0.760973 
7.62191 1.6091 
7.60476 1.62624 
7.51031 2.71905 
7.73218 2.92561 
7.65854 4.13407 
8 4.35248 
8 5.67569 
8.25513 5.81776 
8.3482 7.15888 
8.3716 7.17463 
8.48974 8.30514 
8.30514 8.48974 
8.36634 9.26644 
8.05211 9.58067 
8.05715 10 
9.17753 0 
9.15308 0.750352 
9.10023 0.8032 
8.94407 1.71329 
9.06956 1.93647 
8.88257 2.82041 
9.12274 3.15734 
8.96399 4.1788 
9.2 4.39852 
9.2 5.6429 
9.19437 5.64853 
9.46734 6.85893 
9.23014 7.09613 
9.58067 8.05211 
9.26644 8.36634 
9.48847 9.21623 
9.21623 9.48847 
9.23406 10 
10 0 
10 0.779882 
10 1.94766 
10 3.14321 
10 4.37091 
10 5.61529 
10 6.85035 
10 8.05715 
10 9.23406 
10 10 
