# Date: 7/14/2013   Time: 17:21
# dimensions 
10 10 
# connectivity 
121
4  1  2  3  4    1 1 
5  5  6  7  8  9    1 1 
5  10  11  12  13  14    1 1 
5  15  16  17  18  19    1 1 
6  20  21  22  23  24  25    1 1 
5  26  27  28  29  30    1 1 
5  31  32  33  34  35    1 1 
5  36  37  38  39  40    1 1 
5  41  42  43  44  45    1 1 
5  46  47  48  49  50    1 1 
4  51  52  53  54    1 1 
5  55  56  57  58  59    1 1 
6  60  61  62  63  64  65    1 1 
6  66  67  68  69  70  71    1 1 
7  72  73  74  75  76  77  78    1 1 
5  79  80  81  82  83    1 1 
6  84  85  86  87  88  89    1 1 
6  90  91  92  93  94  95    1 1 
6  96  97  98  99  100  101    1 1 
6  102  103  104  105  106  107    1 1 
5  108  109  110  111  112    1 1 
6  113  114  115  116  117  118    1 1 
5  119  120  121  122  123    1 1 
6  124  125  126  127  128  129    1 1 
6  130  131  132  133  134  135    1 1 
5  136  137  138  139  140    1 1 
6  141  142  143  144  145  146    1 1 
6  147  148  149  150  151  152    1 1 
6  153  154  155  156  157  158    1 1 
5  159  160  161  162  163    1 1 
5  164  165  166  167  168    1 1 
7  169  170  171  172  173  174  175    1 1 
5  176  177  178  179  180    1 1 
5  181  182  183  184  185    1 1 
7  186  187  188  189  190  191  192    1 1 
5  193  194  195  196  197    1 1 
5  198  199  200  201  202    1 1 
6  203  204  205  206  207  208    1 1 
6  209  210  211  212  213  214    1 1 
6  215  216  217  218  219  220    1 1 
5  221  222  223  224  225    1 1 
6  226  227  228  229  230  231    1 1 
6  232  233  234  235  236  237    1 1 
5  238  239  240  241  242    1 1 
6  243  244  245  246  247  248    1 1 
5  249  250  251  252  253    1 1 
6  254  255  256  257  258  259    1 1 
6  260  261  262  263  264  265    1 1 
6  266  267  268  269  270  271    1 1 
6  272  273  274  275  276  277    1 1 
5  278  279  280  281  282    1 1 
7  283  284  285  286  287  288  289    1 1 
6  290  291  292  293  294  295    1 1 
6  296  297  298  299  300  301    1 1 
5  302  303  304  305  306    1 1 
5  307  308  309  310  311    1 1 
6  312  313  314  315  316  317    1 1 
6  318  319  320  321  322  323    1 1 
6  324  325  326  327  328  329    1 1 
6  330  331  332  333  334  335    1 1 
5  336  337  338  339  340    1 1 
7  341  342  343  344  345  346  347    1 1 
6  348  349  350  351  352  353    1 1 
6  354  355  356  357  358  359    1 1 
7  360  361  362  363  364  365  366    1 1 
4  367  368  369  370    1 1 
5  371  372  373  374  375    1 1 
6  376  377  378  379  380  381    1 1 
6  382  383  384  385  386  387    1 1 
6  388  389  390  391  392  393    1 1 
5  394  395  396  397  398    1 1 
7  399  400  401  402  403  404  405    1 1 
6  406  407  408  409  410  411    1 1 
6  412  413  414  415  416  417    1 1 
7  418  419  420  421  422  423  424    1 1 
5  425  426  427  428  429    1 1 
5  430  431  432  433  434    1 1 
5  435  436  437  438  439    1 1 
6  440  441  442  443  444  445    1 1 
5  446  447  448  449  450    1 1 
5  451  452  453  454  455    1 1 
7  456  457  458  459  460  461  462    1 1 
6  463  464  465  466  467  468    1 1 
6  469  470  471  472  473  474    1 1 
6  475  476  477  478  479  480    1 1 
5  481  482  483  484  485    1 1 
6  486  487  488  489  490  491    1 1 
5  492  493  494  495  496    1 1 
5  497  498  499  500  501    1 1 
6  502  503  504  505  506  507    1 1 
5  508  509  510  511  512    1 1 
6  513  514  515  516  517  518    1 1 
6  519  520  521  522  523  524    1 1 
6  525  526  527  528  529  530    1 1 
7  531  532  533  534  535  536  537    1 1 
5  538  539  540  541  542    1 1 
5  543  544  545  546  547    1 1 
6  548  549  550  551  552  553    1 1 
5  554  555  556  557  558    1 1 
5  559  560  561  562  563    1 1 
5  564  565  566  567  568    1 1 
7  569  570  571  572  573  574  575    1 1 
6  576  577  578  579  580  581    1 1 
6  582  583  584  585  586  587    1 1 
7  588  589  590  591  592  593  594    1 1 
5  595  596  597  598  599    1 1 
6  600  601  602  603  604  605    1 1 
6  606  607  608  609  610  611    1 1 
6  612  613  614  615  616  617    1 1 
5  618  619  620  621  622    1 1 
4  623  624  625  626    1 1 
6  627  628  629  630  631  632    1 1 
5  633  634  635  636  637    1 1 
5  638  639  640  641  642    1 1 
5  643  644  645  646  647    1 1 
4  648  649  650  651    1 1 
5  652  653  654  655  656    1 1 
5  657  658  659  660  661    1 1 
5  662  663  664  665  666    1 1 
5  667  668  669  670  671    1 1 
5  672  673  674  675  676    1 1 
# DG vertices (counter-clockwise) 
676
0  0  
0.5  0  
0.5  0.5  
0  0.5  
0  0.5  
0.5  0.5  
0.533433  0.533433  
0.501154  1.5  
0  1.5  
0  1.5  
0.501154  1.5  
0.552963  1.55552  
0.50296  2.5  
0  2.5  
0  2.5  
0.50296  2.5  
0.552942  2.5559  
0.50296  3.5  
0  3.5  
0  3.5  
0.50296  3.5  
0.533412  3.53406  
0.501194  4.49881  
0.5  4.5  
0  4.5  
0  4.5  
0.5  4.5  
0.5  5.46545  
0.465451  5.5  
0  5.5  
0  5.5  
0.465451  5.5  
0.499262  6.44484  
0.444098  6.5  
0  6.5  
0  6.5  
0.444098  6.5  
0.5  7.4441  
0.444098  7.5  
0  7.5  
0  7.5  
0.444098  7.5  
0.501194  8.46426  
0.465451  8.5  
0  8.5  
0  8.5  
0.465451  8.5  
0.501194  9.49881  
0.5  9.5  
0  9.5  
0  9.5  
0.5  9.5  
0.5  10  
0  10  
0.5  0  
1.5  0  
1.5  0.501154  
0.533433  0.533433  
0.5  0.5  
0.533433  0.533433  
1.5  0.501154  
1.55552  0.552963  
1.53499  1.53499  
0.552963  1.55552  
0.501154  1.5  
0.552963  1.55552  
1.53499  1.53499  
1.58933  1.58933  
1.55706  2.5559  
0.552942  2.5559  
0.50296  2.5  
0.552942  2.5559  
1.55706  2.5559  
1.5893  2.59045  
1.5571  3.55471  
1.55545  3.55636  
0.533412  3.53406  
0.50296  3.5  
0.533412  3.53406  
1.55545  3.55636  
1.53574  4.49881  
1.5  4.53455  
0.501194  4.49881  
0.5  4.5  
0.501194  4.49881  
1.5  4.53455  
1.5  5.4441  
1.44484  5.49926  
0.5  5.46545  
0.465451  5.5  
0.5  5.46545  
1.44484  5.49926  
1.46471  6.41029  
1.41029  6.46471  
0.499262  6.44484  
0.444098  6.5  
0.499262  6.44484  
1.41029  6.46471  
1.4441  7.40955  
1.40955  7.4441  
0.5  7.4441  
0.444098  7.5  
0.5  7.4441  
1.40955  7.4441  
1.44529  8.4429  
1.44364  8.44455  
0.501194  8.46426  
0.465451  8.5  
0.501194  8.46426  
1.44364  8.44455  
1.46594  9.46659  
0.501194  9.49881  
0.5  9.5  
0.501194  9.49881  
1.46594  9.46659  
1.5  9.49704  
1.5  10  
0.5  10  
1.5  0  
2.5  0  
2.5  0.50296  
1.55552  0.552963  
1.5  0.501154  
1.55552  0.552963  
2.5  0.50296  
2.5559  0.552942  
2.5559  1.55706  
1.58933  1.58933  
1.53499  1.53499  
1.58933  1.58933  
2.5559  1.55706  
2.59045  1.5893  
2.59045  2.59045  
1.5893  2.59045  
1.55706  2.5559  
1.5893  2.59045  
2.59045  2.59045  
2.59045  3.5559  
2.5559  3.59045  
1.5571  3.55471  
1.55545  3.55636  
1.5571  3.55471  
2.5559  3.59045  
2.5559  4.5  
2.5  4.5559  
1.53574  4.49881  
1.5  4.53455  
1.53574  4.49881  
2.5  4.5559  
2.5  5.4441  
2.4441  5.5  
1.5  5.4441  
1.44484  5.49926  
1.5  5.4441  
2.4441  5.5  
2.4441  6.40955  
2.40955  6.4441  
1.46471  6.41029  
1.41029  6.46471  
1.46471  6.41029  
2.40955  6.4441  
2.40955  7.40955  
1.4441  7.40955  
1.40955  7.4441  
1.4441  7.40955  
2.40955  7.40955  
2.40955  8.4107  
1.44529  8.4429  
1.44364  8.44455  
1.44529  8.4429  
2.40955  8.4107  
2.4441  8.44294  
2.4441  9.44706  
1.5  9.49704  
1.46594  9.46659  
1.5  9.49704  
2.4441  9.44706  
2.5  9.49704  
2.5  10  
1.5  10  
2.5  0  
3.5  0  
3.5  0.50296  
2.5559  0.552942  
2.5  0.50296  
2.5559  0.552942  
3.5  0.50296  
3.53406  0.533412  
3.55636  1.55545  
3.55471  1.5571  
2.59045  1.5893  
2.5559  1.55706  
2.59045  1.5893  
3.55471  1.5571  
3.59045  2.5559  
3.5559  2.59045  
2.59045  2.59045  
2.59045  2.59045  
3.5559  2.59045  
3.58971  3.53529  
3.53529  3.58971  
2.59045  3.5559  
2.5559  3.59045  
2.59045  3.5559  
3.53529  3.58971  
3.55516  4.50074  
3.5  4.5559  
2.5559  4.5  
2.5  4.5559  
2.5559  4.5  
3.5  4.5559  
3.5  5.46545  
3.46426  5.50119  
2.5  5.4441  
2.4441  5.5  
2.5  5.4441  
3.46426  5.50119  
3.44455  6.44364  
3.4429  6.44529  
2.4441  6.40955  
2.40955  6.4441  
2.4441  6.40955  
3.4429  6.44529  
3.4107  7.40955  
2.40955  7.40955  
2.40955  7.40955  
3.4107  7.40955  
3.44294  7.4441  
3.41067  8.41067  
2.4441  8.44294  
2.40955  8.4107  
2.4441  8.44294  
3.41067  8.41067  
3.46501  8.46501  
3.44448  9.44704  
2.5  9.49704  
2.4441  9.44706  
2.5  9.49704  
3.44448  9.44704  
3.5  9.49885  
3.5  10  
2.5  10  
3.5  0  
4.5  0  
4.5  0.5  
4.49881  0.501194  
3.53406  0.533412  
3.5  0.50296  
3.53406  0.533412  
4.49881  0.501194  
4.53455  1.5  
4.49881  1.53574  
3.55636  1.55545  
3.55471  1.5571  
3.55636  1.55545  
4.49881  1.53574  
4.5559  2.5  
4.5  2.5559  
3.59045  2.5559  
3.5559  2.59045  
3.59045  2.5559  
4.5  2.5559  
4.5559  3.5  
4.50074  3.55516  
3.58971  3.53529  
3.53529  3.58971  
3.58971  3.53529  
4.50074  3.55516  
4.53455  4.5  
4.5  4.53455  
3.55516  4.50074  
3.5  4.5559  
3.55516  4.50074  
4.5  4.53455  
4.5  5.5  
4.49881  5.50119  
3.5  5.46545  
3.46426  5.50119  
3.5  5.46545  
4.49881  5.50119  
4.46659  6.46594  
3.44455  6.44364  
3.4429  6.44529  
3.44455  6.44364  
4.46659  6.46594  
4.49704  6.5  
4.44706  7.4441  
3.44294  7.4441  
3.4107  7.40955  
3.44294  7.4441  
4.44706  7.4441  
4.49704  7.5  
4.44704  8.44448  
3.46501  8.46501  
3.41067  8.41067  
3.46501  8.46501  
4.44704  8.44448  
4.49885  8.5  
4.46657  9.46657  
3.5  9.49885  
3.44448  9.44704  
3.5  9.49885  
4.46657  9.46657  
4.5  9.5  
4.5  10  
3.5  10  
4.5  0  
5.5  0  
5.5  0.465451  
5.46545  0.5  
4.5  0.5  
4.49881  0.501194  
4.5  0.5  
5.46545  0.5  
5.49926  1.44484  
5.4441  1.5  
4.53455  1.5  
4.49881  1.53574  
4.53455  1.5  
5.4441  1.5  
5.5  2.4441  
5.4441  2.5  
4.5559  2.5  
4.5  2.5559  
4.5559  2.5  
5.4441  2.5  
5.50119  3.46426  
5.46545  3.5  
4.5559  3.5  
4.50074  3.55516  
4.5559  3.5  
5.46545  3.5  
5.50119  4.49881  
5.5  4.5  
4.53455  4.5  
4.5  4.53455  
4.53455  4.5  
5.5  4.5  
5.5  5.5  
4.5  5.5  
4.49881  5.50119  
4.5  5.5  
5.5  5.5  
5.53343  5.53343  
5.50115  6.5  
4.49704  6.5  
4.46659  6.46594  
4.49704  6.5  
5.50115  6.5  
5.55296  6.55552  
5.50296  7.5  
4.49704  7.5  
4.44706  7.4441  
4.49704  7.5  
5.50296  7.5  
5.55294  7.5559  
5.50296  8.5  
4.49885  8.5  
4.44704  8.44448  
4.49885  8.5  
5.50296  8.5  
5.53341  8.53406  
5.50119  9.49881  
5.5  9.5  
4.5  9.5  
4.46657  9.46657  
4.5  9.5  
5.5  9.5  
5.5  10  
4.5  10  
5.5  0  
6.5  0  
6.5  0.444098  
6.44484  0.499262  
5.5  0.465451  
5.46545  0.5  
5.5  0.465451  
6.44484  0.499262  
6.46471  1.41029  
6.41029  1.46471  
5.49926  1.44484  
5.4441  1.5  
5.49926  1.44484  
6.41029  1.46471  
6.4441  2.40955  
6.40955  2.4441  
5.5  2.4441  
5.4441  2.5  
5.5  2.4441  
6.40955  2.4441  
6.44529  3.4429  
6.44364  3.44455  
5.50119  3.46426  
5.46545  3.5  
5.50119  3.46426  
6.44364  3.44455  
6.46594  4.46659  
5.50119  4.49881  
5.5  4.5  
5.50119  4.49881  
6.46594  4.46659  
6.5  4.49704  
6.5  5.50115  
5.53343  5.53343  
5.5  5.5  
5.53343  5.53343  
6.5  5.50115  
6.55552  5.55296  
6.53499  6.53499  
5.55296  6.55552  
5.50115  6.5  
5.55296  6.55552  
6.53499  6.53499  
6.58933  6.58933  
6.55706  7.5559  
5.55294  7.5559  
5.50296  7.5  
5.55294  7.5559  
6.55706  7.5559  
6.5893  7.59045  
6.5571  8.55471  
6.55545  8.55636  
5.53341  8.53406  
5.50296  8.5  
5.53341  8.53406  
6.55545  8.55636  
6.53574  9.49881  
6.5  9.53455  
5.50119  9.49881  
5.5  9.5  
5.50119  9.49881  
6.5  9.53455  
6.5  10  
5.5  10  
6.5  0  
7.5  0  
7.5  0.444098  
7.4441  0.5  
6.5  0.444098  
6.44484  0.499262  
6.5  0.444098  
7.4441  0.5  
7.4441  1.40955  
7.40955  1.4441  
6.46471  1.41029  
6.41029  1.46471  
6.46471  1.41029  
7.40955  1.4441  
7.40955  2.40955  
6.4441  2.40955  
6.40955  2.4441  
6.4441  2.40955  
7.40955  2.40955  
7.40955  3.4107  
6.44529  3.4429  
6.44364  3.44455  
6.44529  3.4429  
7.40955  3.4107  
7.4441  3.44294  
7.4441  4.44706  
6.5  4.49704  
6.46594  4.46659  
6.5  4.49704  
7.4441  4.44706  
7.5  4.49704  
7.5  5.50296  
6.55552  5.55296  
6.5  5.50115  
6.55552  5.55296  
7.5  5.50296  
7.5559  5.55294  
7.5559  6.55706  
6.58933  6.58933  
6.53499  6.53499  
6.58933  6.58933  
7.5559  6.55706  
7.59045  6.5893  
7.59045  7.59045  
6.5893  7.59045  
6.55706  7.5559  
6.5893  7.59045  
7.59045  7.59045  
7.59045  8.5559  
7.5559  8.59045  
6.5571  8.55471  
6.55545  8.55636  
6.5571  8.55471  
7.5559  8.59045  
7.5559  9.5  
7.5  9.5559  
6.53574  9.49881  
6.5  9.53455  
6.53574  9.49881  
7.5  9.5559  
7.5  10  
6.5  10  
7.5  0  
8.5  0  
8.5  0.465451  
8.46426  0.501194  
7.5  0.444098  
7.4441  0.5  
7.5  0.444098  
8.46426  0.501194  
8.44455  1.44364  
8.4429  1.44529  
7.4441  1.40955  
7.40955  1.4441  
7.4441  1.40955  
8.4429  1.44529  
8.4107  2.40955  
7.40955  2.40955  
7.40955  2.40955  
8.4107  2.40955  
8.44294  2.4441  
8.41067  3.41067  
7.4441  3.44294  
7.40955  3.4107  
7.4441  3.44294  
8.41067  3.41067  
8.46501  3.46501  
8.44448  4.44704  
7.5  4.49704  
7.4441  4.44706  
7.5  4.49704  
8.44448  4.44704  
8.5  4.49885  
8.5  5.50296  
7.5559  5.55294  
7.5  5.50296  
7.5559  5.55294  
8.5  5.50296  
8.53406  5.53341  
8.55636  6.55545  
8.55471  6.5571  
7.59045  6.5893  
7.5559  6.55706  
7.59045  6.5893  
8.55471  6.5571  
8.59045  7.5559  
8.5559  7.59045  
7.59045  7.59045  
7.59045  7.59045  
8.5559  7.59045  
8.58971  8.53529  
8.53529  8.58971  
7.59045  8.5559  
7.5559  8.59045  
7.59045  8.5559  
8.53529  8.58971  
8.55516  9.50074  
8.5  9.5559  
7.5559  9.5  
7.5  9.5559  
7.5559  9.5  
8.5  9.5559  
8.5  10  
7.5  10  
8.5  0  
9.5  0  
9.5  0.5  
9.49881  0.501194  
8.5  0.465451  
8.46426  0.501194  
8.5  0.465451  
9.49881  0.501194  
9.46659  1.46594  
8.44455  1.44364  
8.4429  1.44529  
8.44455  1.44364  
9.46659  1.46594  
9.49704  1.5  
9.44706  2.4441  
8.44294  2.4441  
8.4107  2.40955  
8.44294  2.4441  
9.44706  2.4441  
9.49704  2.5  
9.44704  3.44448  
8.46501  3.46501  
8.41067  3.41067  
8.46501  3.46501  
9.44704  3.44448  
9.49885  3.5  
9.46657  4.46657  
8.5  4.49885  
8.44448  4.44704  
8.5  4.49885  
9.46657  4.46657  
9.5  4.5  
9.5  5.5  
9.49881  5.50119  
8.53406  5.53341  
8.5  5.50296  
8.53406  5.53341  
9.49881  5.50119  
9.53455  6.5  
9.49881  6.53574  
8.55636  6.55545  
8.55471  6.5571  
8.55636  6.55545  
9.49881  6.53574  
9.5559  7.5  
9.5  7.5559  
8.59045  7.5559  
8.5559  7.59045  
8.59045  7.5559  
9.5  7.5559  
9.5559  8.5  
9.50074  8.55516  
8.58971  8.53529  
8.53529  8.58971  
8.58971  8.53529  
9.50074  8.55516  
9.53455  9.5  
9.5  9.53455  
8.55516  9.50074  
8.5  9.5559  
8.55516  9.50074  
9.5  9.53455  
9.5  10  
8.5  10  
9.5  0  
10  0  
10  0.5  
9.5  0.5  
9.49881  0.501194  
9.5  0.5  
10  0.5  
10  1.5  
9.49704  1.5  
9.46659  1.46594  
9.49704  1.5  
10  1.5  
10  2.5  
9.49704  2.5  
9.44706  2.4441  
9.49704  2.5  
10  2.5  
10  3.5  
9.49885  3.5  
9.44704  3.44448  
9.49885  3.5  
10  3.5  
10  4.5  
9.5  4.5  
9.46657  4.46657  
9.5  4.5  
10  4.5  
10  5.5  
9.5  5.5  
9.49881  5.50119  
9.5  5.5  
10  5.5  
10  6.5  
9.53455  6.5  
9.49881  6.53574  
9.53455  6.5  
10  6.5  
10  7.5  
9.5559  7.5  
9.5  7.5559  
9.5559  7.5  
10  7.5  
10  8.5  
9.5559  8.5  
9.50074  8.55516  
9.5559  8.5  
10  8.5  
10  9.5  
9.53455  9.5  
9.5  9.53455  
9.53455  9.5  
10  9.5  
10  10  
9.5  10  
# grid vertices 
280
2.59045 1.5893 
0.552942 2.5559 
1.55706 2.5559 
0.501154 1.5 
3.55636 1.55545 
5.5 2.4441 
0.552963 1.55552 
4.49881 0.501194 
6.46471 1.41029 
3.53529 3.58971 
2.5559 1.55706 
2.5 0.50296 
2.59045 2.59045 
1.5571 3.55471 
1.5893 2.59045 
0.5 5.46545 
2.40955 6.4441 
1.5 5.4441 
0.444098 6.5 
3.4429 6.44529 
1.44484 5.49926 
4.46659 6.46594 
2.4441 8.44294 
0.444098 7.5 
2.4441 6.40955 
7.40955 1.4441 
6.58933 6.58933 
5.50296 8.5 
9.5 5.5 
6.5 4.49704 
7.5559 8.59045 
3.46501 8.46501 
7.5559 6.55706 
7.5 5.50296 
7.5 4.49704 
8.5 5.50296 
5.50119 3.46426 
3.59045 2.5559 
5.5 4.5 
7.40955 2.40955 
9.49885 3.5 
6.44529 3.4429 
8.4107 2.40955 
0.5 0.5 
0.533433 0.533433 
1.58933 1.58933 
1.55552 0.552963 
1.5 0.501154 
1.53499 1.53499 
2.5559 0.552942 
3.5 0.50296 
4.5559 3.5 
6.4441 2.40955 
4.49881 1.53574 
6.41029 1.46471 
3.53406 0.533412 
4.5 0.5 
3.55471 1.5571 
4.5559 2.5 
4.5 2.5559 
2.5559 3.59045 
3.58971 3.53529 
3.5559 2.59045 
5.50119 4.49881 
4.50074 3.55516 
4.49881 5.50119 
3.5 5.46545 
4.53455 4.5 
3.55516 4.50074 
2.5559 4.5 
3.5 4.5559 
2.5 4.5559 
2.5 5.4441 
2.59045 3.5559 
0.50296 2.5 
1.55545 3.55636 
0.50296 3.5 
0.533412 3.53406 
1.53574 4.49881 
0.501194 4.49881 
0.465451 5.5 
0.5 4.5 
1.5 4.53455 
2.40955 7.40955 
1.44529 8.4429 
0.499262 6.44484 
1.41029 6.46471 
2.40955 8.4107 
0.5 7.4441 
0.465451 8.5 
0.501194 9.49881 
0.5 9.5 
3.44294 7.4441 
1.4441 7.40955 
0.501194 8.46426 
1.40955 7.4441 
1.46594 9.46659 
1.44364 8.44455 
1.5 9.49704 
2.4441 9.44706 
2.5 9.49704 
4.46657 9.46657 
3.5 9.49885 
5.53341 8.53406 
4.5 9.5 
6.53499 6.53499 
4.44704 8.44448 
3.41067 8.41067 
3.44448 9.44704 
3.4107 7.40955 
4.49885 8.5 
2.4441 5.5 
1.46471 6.41029 
3.44455 6.44364 
4.44706 7.4441 
3.46426 5.50119 
4.5 4.53455 
5.50115 6.5 
4.49704 6.5 
8.59045 7.5559 
7.59045 7.59045 
7.59045 6.5893 
6.55706 7.5559 
4.49704 7.5 
6.5893 7.59045 
5.50296 7.5 
5.55296 6.55552 
5.55294 7.5559 
5.50119 9.49881 
5.5 9.5 
6.5571 8.55471 
6.55545 8.55636 
6.5 9.53455 
7.59045 8.5559 
6.53574 9.49881 
7.5 9.5559 
7.5559 9.5 
8.58971 8.53529 
8.55516 9.50074 
8.5 9.5559 
9.5 9.53455 
8.53529 8.58971 
9.53455 9.5 
9.53455 6.5 
9.50074 8.55516 
9.5559 8.5 
8.55471 6.5571 
8.5559 7.59045 
8.55636 6.55545 
9.5 7.5559 
8.53406 5.53341 
9.5559 7.5 
9.49881 5.50119 
9.49881 6.53574 
8.5 4.49885 
9.5 4.5 
8.46501 3.46501 
9.46657 4.46657 
9.49704 2.5 
9.44704 3.44448 
7.4441 3.44294 
8.41067 3.41067 
7.5559 5.55294 
8.44448 4.44704 
6.55552 5.55296 
7.4441 4.44706 
5.5 5.5 
4.5 5.5 
6.5 5.50115 
5.53343 5.53343 
6.44364 3.44455 
5.4441 2.5 
6.46594 4.46659 
5.46545 3.5 
7.40955 3.4107 
6.40955 2.4441 
7.4441 1.40955 
8.44294 2.4441 
4.53455 1.5 
5.5 0.465451 
5.4441 1.5 
6.5 0.444098 
5.49926 1.44484 
5.46545 0.5 
6.44484 0.499262 
7.4441 0.5 
7.5 0.444098 
8.4429 1.44529 
8.44455 1.44364 
8.46426 0.501194 
9.44706 2.4441 
9.49704 1.5 
9.46659 1.46594 
8.5 0.465451 
9.49881 0.501194 
9.5 0.5 
0.5 -20.0061 
-20.0061 0.5 
-19.3409 1.5 
-18.7844 2.5 
-18.3798 3.5 
-18.1698 4.5 
-18.2387 5.5 
-18.4945 6.5 
-18.8948 7.5 
-19.4049 8.5 
-20.0061 9.5 
1.5 -19.3409 
0.5 30.0061 
2.5 -18.7844 
1.5 29.3377 
3.5 -18.3798 
2.5 28.7844 
4.5 -18.1698 
3.5 28.3833 
5.5 -18.2387 
4.5 28.1698 
6.5 -18.4945 
5.5 28.1698 
7.5 -18.8948 
6.5 28.4529 
8.5 -19.4049 
7.5 28.8948 
9.5 -20.0061 
8.5 29.4431 
30.0061 0.5 
29.3377 1.5 
28.7844 2.5 
28.3833 3.5 
28.1698 4.5 
28.1698 5.5 
28.4529 6.5 
28.8948 7.5 
29.4431 8.5 
30.0651 9.5 
9.5 30.0651 
0.5 0 
0 0 
0 0.5 
0 1.5 
0 2.5 
0 3.5 
0 4.5 
0 5.5 
0 6.5 
0 7.5 
0 8.5 
0 9.5 
0 10 
0.5 10 
1.5 0 
1.5 10 
2.5 0 
2.5 10 
3.5 0 
3.5 10 
4.5 0 
4.5 10 
5.5 0 
5.5 10 
6.5 0 
6.5 10 
7.5 0 
7.5 10 
8.5 0 
8.5 10 
9.5 0 
9.5 10 
10 0 
10 0.5 
10 1.5 
10 2.5 
10 3.5 
10 4.5 
10 5.5 
10 6.5 
10 7.5 
10 8.5 
10 9.5 
10 10 
