polygon
100
4 0 0 0.1 0 0.169098 0.169098 0 0.1  0 0 
4 0 0.1 0.169098 0.169098 0.211803 0.311803 0 0.2  0 0 
4 0 0.2 0.211803 0.311803 0.211803 0.411803 0 0.3  0 0 
4 0 0.3 0.211803 0.411803 0.169098 0.469098 0 0.4  0 0 
4 0 0.4 0.169098 0.469098 0.1 0.5 0 0.5  0 0 
4 0 0.5 0.1 0.5 0.0309017 0.530902 0 0.6  0 0 
4 0 0.6 0.0309017 0.530902 -0.0118034 0.588197 0 0.7  0 0 
4 0 0.7 -0.0118034 0.588197 -0.0118034 0.688197 0 0.8  0 0 
4 0 0.8 -0.0118034 0.688197 0.0309017 0.830902 0 0.9  0 0 
4 0 0.9 0.0309017 0.830902 0.1 1 0 1  0 0 
4 0.1 0 0.2 0 0.311803 0.211803 0.169098 0.169098  0 0 
4 0.169098 0.169098 0.311803 0.211803 0.380902 0.380902 0.211803 0.311803  0 0 
4 0.211803 0.311803 0.380902 0.380902 0.380902 0.480902 0.211803 0.411803  0 0 
4 0.211803 0.411803 0.380902 0.480902 0.311803 0.511803 0.169098 0.469098  0 0 
4 0.169098 0.469098 0.311803 0.511803 0.2 0.5 0.1 0.5  0 0 
4 0.1 0.5 0.2 0.5 0.0881966 0.488197 0.0309017 0.530902  0 0 
4 0.0309017 0.530902 0.0881966 0.488197 0.0190983 0.519098 -0.0118034 0.588197  0 0 
4 -0.0118034 0.588197 0.0190983 0.519098 0.0190983 0.619098 -0.0118034 0.688197  0 0 
4 -0.0118034 0.688197 0.0190983 0.619098 0.0881966 0.788197 0.0309017 0.830902  0 0 
4 0.0309017 0.830902 0.0881966 0.788197 0.2 1 0.1 1  0 0 
4 0.2 0 0.3 0 0.411803 0.211803 0.311803 0.211803  0 0 
4 0.311803 0.211803 0.411803 0.211803 0.480902 0.380902 0.380902 0.380902  0 0 
4 0.380902 0.380902 0.480902 0.380902 0.480902 0.480902 0.380902 0.480902  0 0 
4 0.380902 0.480902 0.480902 0.480902 0.411803 0.511803 0.311803 0.511803  0 0 
4 0.311803 0.511803 0.411803 0.511803 0.3 0.5 0.2 0.5  0 0 
4 0.2 0.5 0.3 0.5 0.188197 0.488197 0.0881966 0.488197  0 0 
4 0.0881966 0.488197 0.188197 0.488197 0.119098 0.519098 0.0190983 0.519098  0 0 
4 0.0190983 0.519098 0.119098 0.519098 0.119098 0.619098 0.0190983 0.619098  0 0 
4 0.0190983 0.619098 0.119098 0.619098 0.188197 0.788197 0.0881966 0.788197  0 0 
4 0.0881966 0.788197 0.188197 0.788197 0.3 1 0.2 1  0 0 
4 0.3 0 0.4 0 0.469098 0.169098 0.411803 0.211803  0 0 
4 0.411803 0.211803 0.469098 0.169098 0.511803 0.311803 0.480902 0.380902  0 0 
4 0.480902 0.380902 0.511803 0.311803 0.511803 0.411803 0.480902 0.480902  0 0 
4 0.480902 0.480902 0.511803 0.411803 0.469098 0.469098 0.411803 0.511803  0 0 
4 0.411803 0.511803 0.469098 0.469098 0.4 0.5 0.3 0.5  0 0 
4 0.3 0.5 0.4 0.5 0.330902 0.530902 0.188197 0.488197  0 0 
4 0.188197 0.488197 0.330902 0.530902 0.288197 0.588197 0.119098 0.519098  0 0 
4 0.119098 0.519098 0.288197 0.588197 0.288197 0.688197 0.119098 0.619098  0 0 
4 0.119098 0.619098 0.288197 0.688197 0.330902 0.830902 0.188197 0.788197  0 0 
4 0.188197 0.788197 0.330902 0.830902 0.4 1 0.3 1  0 0 
4 0.4 0 0.5 0 0.5 0.1 0.469098 0.169098  0 0 
4 0.469098 0.169098 0.5 0.1 0.5 0.2 0.511803 0.311803  0 0 
4 0.511803 0.311803 0.5 0.2 0.5 0.3 0.511803 0.411803  0 0 
4 0.511803 0.411803 0.5 0.3 0.5 0.4 0.469098 0.469098  0 0 
4 0.469098 0.469098 0.5 0.4 0.5 0.5 0.4 0.5  0 0 
4 0.4 0.5 0.5 0.5 0.5 0.6 0.330902 0.530902  0 0 
4 0.330902 0.530902 0.5 0.6 0.5 0.7 0.288197 0.588197  0 0 
4 0.288197 0.588197 0.5 0.7 0.5 0.8 0.288197 0.688197  0 0 
4 0.288197 0.688197 0.5 0.8 0.5 0.9 0.330902 0.830902  0 0 
4 0.330902 0.830902 0.5 0.9 0.5 1 0.4 1  0 0 
4 0.5 0 0.6 0 0.530902 0.0309017 0.5 0.1  0 0 
4 0.5 0.1 0.530902 0.0309017 0.488197 0.0881966 0.5 0.2  0 0 
4 0.5 0.2 0.488197 0.0881966 0.488197 0.188197 0.5 0.3  0 0 
4 0.5 0.3 0.488197 0.188197 0.530902 0.330902 0.5 0.4  0 0 
4 0.5 0.4 0.530902 0.330902 0.6 0.5 0.5 0.5  0 0 
4 0.5 0.5 0.6 0.5 0.669098 0.669098 0.5 0.6  0 0 
4 0.5 0.6 0.669098 0.669098 0.711803 0.811803 0.5 0.7  0 0 
4 0.5 0.7 0.711803 0.811803 0.711803 0.911803 0.5 0.8  0 0 
4 0.5 0.8 0.711803 0.911803 0.669098 0.969098 0.5 0.9  0 0 
4 0.5 0.9 0.669098 0.969098 0.6 1 0.5 1  0 0 
4 0.6 0 0.7 0 0.588197 -0.0118034 0.530902 0.0309017  0 0 
4 0.530902 0.0309017 0.588197 -0.0118034 0.519098 0.0190983 0.488197 0.0881966  0 0 
4 0.488197 0.0881966 0.519098 0.0190983 0.519098 0.119098 0.488197 0.188197  0 0 
4 0.488197 0.188197 0.519098 0.119098 0.588197 0.288197 0.530902 0.330902  0 0 
4 0.530902 0.330902 0.588197 0.288197 0.7 0.5 0.6 0.5  0 0 
4 0.6 0.5 0.7 0.5 0.811803 0.711803 0.669098 0.669098  0 0 
4 0.669098 0.669098 0.811803 0.711803 0.880902 0.880902 0.711803 0.811803  0 0 
4 0.711803 0.811803 0.880902 0.880902 0.880902 0.980902 0.711803 0.911803  0 0 
4 0.711803 0.911803 0.880902 0.980902 0.811803 1.0118 0.669098 0.969098  0 0 
4 0.669098 0.969098 0.811803 1.0118 0.7 1 0.6 1  0 0 
4 0.7 0 0.8 0 0.688197 -0.0118034 0.588197 -0.0118034  0 0 
4 0.588197 -0.0118034 0.688197 -0.0118034 0.619098 0.0190983 0.519098 0.0190983  0 0 
4 0.519098 0.0190983 0.619098 0.0190983 0.619098 0.119098 0.519098 0.119098  0 0 
4 0.519098 0.119098 0.619098 0.119098 0.688197 0.288197 0.588197 0.288197  0 0 
4 0.588197 0.288197 0.688197 0.288197 0.8 0.5 0.7 0.5  0 0 
4 0.7 0.5 0.8 0.5 0.911803 0.711803 0.811803 0.711803  0 0 
4 0.811803 0.711803 0.911803 0.711803 0.980902 0.880902 0.880902 0.880902  0 0 
4 0.880902 0.880902 0.980902 0.880902 0.980902 0.980902 0.880902 0.980902  0 0 
4 0.880902 0.980902 0.980902 0.980902 0.911803 1.0118 0.811803 1.0118  0 0 
4 0.811803 1.0118 0.911803 1.0118 0.8 1 0.7 1  0 0 
4 0.8 0 0.9 0 0.830902 0.0309017 0.688197 -0.0118034  0 0 
4 0.688197 -0.0118034 0.830902 0.0309017 0.788197 0.0881966 0.619098 0.0190983  0 0 
4 0.619098 0.0190983 0.788197 0.0881966 0.788197 0.188197 0.619098 0.119098  0 0 
4 0.619098 0.119098 0.788197 0.188197 0.830902 0.330902 0.688197 0.288197  0 0 
4 0.688197 0.288197 0.830902 0.330902 0.9 0.5 0.8 0.5  0 0 
4 0.8 0.5 0.9 0.5 0.969098 0.669098 0.911803 0.711803  0 0 
4 0.911803 0.711803 0.969098 0.669098 1.0118 0.811803 0.980902 0.880902  0 0 
4 0.980902 0.880902 1.0118 0.811803 1.0118 0.911803 0.980902 0.980902  0 0 
4 0.980902 0.980902 1.0118 0.911803 0.969098 0.969098 0.911803 1.0118  0 0 
4 0.911803 1.0118 0.969098 0.969098 0.9 1 0.8 1  0 0 
4 0.9 0 1 0 1 0.1 0.830902 0.0309017  0 0 
4 0.830902 0.0309017 1 0.1 1 0.2 0.788197 0.0881966  0 0 
4 0.788197 0.0881966 1 0.2 1 0.3 0.788197 0.188197  0 0 
4 0.788197 0.188197 1 0.3 1 0.4 0.830902 0.330902  0 0 
4 0.830902 0.330902 1 0.4 1 0.5 0.9 0.5  0 0 
4 0.9 0.5 1 0.5 1 0.6 0.969098 0.669098  0 0 
4 0.969098 0.669098 1 0.6 1 0.7 1.0118 0.811803  0 0 
4 1.0118 0.811803 1 0.7 1 0.8 1.0118 0.911803  0 0 
4 1.0118 0.911803 1 0.8 1 0.9 0.969098 0.969098  0 0 
4 0.969098 0.969098 1 0.9 1 1 0.9 1  0 0 
