# Date: 8/4/2013   Time: 8:50
# dimensions 
1 1 
# connectivity 
9
4  1  2  3  4    1 1 
4  5  6  7  8    1 1 
4  9  10  11  12    1 1 
4  13  14  15  16    1 1 
4  17  18  19  20    1 1 
4  21  22  23  24    1 1 
4  25  26  27  28    1 1 
4  29  30  31  32    1 1 
4  33  34  35  36    1 1 
# DG vertices (counter-clockwise) 
36
0  0  
0.25  0  
0.25  0.25  
0  0.25  
0  0.25  
0.25  0.25  
0.25  0.75  
0  0.75  
0  0.75  
0.25  0.75  
0.25  1  
0  1  
0.25  0  
0.75  0  
0.75  0.25  
0.25  0.25  
0.25  0.25  
0.75  0.25  
0.75  0.75  
0.25  0.75  
0.25  0.75  
0.75  0.75  
0.75  1  
0.25  1  
0.75  0  
1  0  
1  0.25  
0.75  0.25  
0.75  0.25  
1  0.25  
1  0.75  
0.75  0.75  
0.75  0.75  
1  0.75  
1  1  
0.75  1  
# grid vertices 
24
0.25 0.25 
0.25 0.75 
0.75 0.75 
0.75 0.25 
0.25 -1.51777 
-1.51777 0.25 
-1.51777 0.75 
0.75 -1.51777 
0.25 2.51777 
2.51777 0.25 
2.51777 0.75 
0.75 2.51777 
0.25 0 
0 0 
0 0.25 
0 0.75 
0 1 
0.25 1 
0.75 0 
0.75 1 
1 0 
1 0.25 
1 0.75 
1 1 
