# Date: 8/4/2013   Time: 8:51
# dimensions 
1 1 
# connectivity 
289
4  1  2  3  4    1 1 
5  5  6  7  8  9    1 1 
5  10  11  12  13  14    1 1 
5  15  16  17  18  19    1 1 
5  20  21  22  23  24    1 1 
5  25  26  27  28  29    1 1 
5  30  31  32  33  34    1 1 
6  35  36  37  38  39  40    1 1 
5  41  42  43  44  45    1 1 
4  46  47  48  49    1 1 
4  50  51  52  53    1 1 
3  54  55  56    1 1 
3  57  58  59    1 1 
4  60  61  62  63    1 1 
4  64  65  66  67    1 1 
5  68  69  70  71  72    1 1 
4  73  74  75  76    1 1 
5  77  78  79  80  81    1 1 
6  82  83  84  85  86  87    1 1 
6  88  89  90  91  92  93    1 1 
6  94  95  96  97  98  99    1 1 
6  100  101  102  103  104  105    1 1 
7  106  107  108  109  110  111  112    1 1 
6  113  114  115  116  117  118    1 1 
6  119  120  121  122  123  124    1 1 
5  125  126  127  128  129    1 1 
6  130  131  132  133  134  135    1 1 
7  136  137  138  139  140  141  142    1 1 
5  143  144  145  146  147    1 1 
5  148  149  150  151  152    1 1 
6  153  154  155  156  157  158    1 1 
6  159  160  161  162  163  164    1 1 
5  165  166  167  168  169    1 1 
6  170  171  172  173  174  175    1 1 
5  176  177  178  179  180    1 1 
6  181  182  183  184  185  186    1 1 
6  187  188  189  190  191  192    1 1 
6  193  194  195  196  197  198    1 1 
6  199  200  201  202  203  204    1 1 
7  205  206  207  208  209  210  211    1 1 
6  212  213  214  215  216  217    1 1 
7  218  219  220  221  222  223  224    1 1 
5  225  226  227  228  229    1 1 
7  230  231  232  233  234  235  236    1 1 
4  237  238  239  240    1 1 
5  241  242  243  244  245    1 1 
6  246  247  248  249  250  251    1 1 
6  252  253  254  255  256  257    1 1 
6  258  259  260  261  262  263    1 1 
6  264  265  266  267  268  269    1 1 
5  270  271  272  273  274    1 1 
5  275  276  277  278  279    1 1 
6  280  281  282  283  284  285    1 1 
6  286  287  288  289  290  291    1 1 
6  292  293  294  295  296  297    1 1 
7  298  299  300  301  302  303  304    1 1 
6  305  306  307  308  309  310    1 1 
6  311  312  313  314  315  316    1 1 
7  317  318  319  320  321  322  323    1 1 
5  324  325  326  327  328    1 1 
5  329  330  331  332  333    1 1 
5  334  335  336  337  338    1 1 
8  339  340  341  342  343  344  345  346    1 1 
7  347  348  349  350  351  352  353    1 1 
6  354  355  356  357  358  359    1 1 
7  360  361  362  363  364  365  366    1 1 
7  367  368  369  370  371  372  373    1 1 
5  374  375  376  377  378    1 1 
5  379  380  381  382  383    1 1 
6  384  385  386  387  388  389    1 1 
6  390  391  392  393  394  395    1 1 
7  396  397  398  399  400  401  402    1 1 
5  403  404  405  406  407    1 1 
7  408  409  410  411  412  413  414    1 1 
6  415  416  417  418  419  420    1 1 
5  421  422  423  424  425    1 1 
4  426  427  428  429    1 1 
5  430  431  432  433  434    1 1 
6  435  436  437  438  439  440    1 1 
7  441  442  443  444  445  446  447    1 1 
5  448  449  450  451  452    1 1 
7  453  454  455  456  457  458  459    1 1 
6  460  461  462  463  464  465    1 1 
6  466  467  468  469  470  471    1 1 
5  472  473  474  475  476    1 1 
5  477  478  479  480  481    1 1 
7  482  483  484  485  486  487  488    1 1 
7  489  490  491  492  493  494  495    1 1 
6  496  497  498  499  500  501    1 1 
7  502  503  504  505  506  507  508    1 1 
8  509  510  511  512  513  514  515  516    1 1 
5  517  518  519  520  521    1 1 
5  522  523  524  525  526    1 1 
5  527  528  529  530  531    1 1 
7  532  533  534  535  536  537  538    1 1 
6  539  540  541  542  543  544    1 1 
6  545  546  547  548  549  550    1 1 
7  551  552  553  554  555  556  557    1 1 
6  558  559  560  561  562  563    1 1 
6  564  565  566  567  568  569    1 1 
6  570  571  572  573  574  575    1 1 
5  576  577  578  579  580    1 1 
5  581  582  583  584  585    1 1 
6  586  587  588  589  590  591    1 1 
6  592  593  594  595  596  597    1 1 
6  598  599  600  601  602  603    1 1 
6  604  605  606  607  608  609    1 1 
5  610  611  612  613  614    1 1 
4  615  616  617  618    1 1 
7  619  620  621  622  623  624  625    1 1 
5  626  627  628  629  630    1 1 
7  631  632  633  634  635  636  637    1 1 
6  638  639  640  641  642  643    1 1 
7  644  645  646  647  648  649  650    1 1 
6  651  652  653  654  655  656    1 1 
6  657  658  659  660  661  662    1 1 
6  663  664  665  666  667  668    1 1 
6  669  670  671  672  673  674    1 1 
5  675  676  677  678  679    1 1 
6  680  681  682  683  684  685    1 1 
6  686  687  688  689  690  691    1 1 
7  692  693  694  695  696  697  698    1 1 
7  699  700  701  702  703  704  705    1 1 
5  706  707  708  709  710    1 1 
5  711  712  713  714  715    1 1 
7  716  717  718  719  720  721  722    1 1 
6  723  724  725  726  727  728    1 1 
5  729  730  731  732  733    1 1 
6  734  735  736  737  738  739    1 1 
6  740  741  742  743  744  745    1 1 
7  746  747  748  749  750  751  752    1 1 
6  753  754  755  756  757  758    1 1 
6  759  760  761  762  763  764    1 1 
6  765  766  767  768  769  770    1 1 
6  771  772  773  774  775  776    1 1 
5  777  778  779  780  781    1 1 
5  782  783  784  785  786    1 1 
5  787  788  789  790  791    1 1 
5  792  793  794  795  796    1 1 
5  797  798  799  800  801    1 1 
4  802  803  804  805    1 1 
5  806  807  808  809  810    1 1 
5  811  812  813  814  815    1 1 
5  816  817  818  819  820    1 1 
5  821  822  823  824  825    1 1 
7  826  827  828  829  830  831  832    1 1 
6  833  834  835  836  837  838    1 1 
6  839  840  841  842  843  844    1 1 
6  845  846  847  848  849  850    1 1 
6  851  852  853  854  855  856    1 1 
6  857  858  859  860  861  862    1 1 
7  863  864  865  866  867  868  869    1 1 
4  870  871  872  873    1 1 
4  874  875  876  877    1 1 
6  878  879  880  881  882  883    1 1 
7  884  885  886  887  888  889  890    1 1 
5  891  892  893  894  895    1 1 
5  896  897  898  899  900    1 1 
7  901  902  903  904  905  906  907    1 1 
7  908  909  910  911  912  913  914    1 1 
6  915  916  917  918  919  920    1 1 
7  921  922  923  924  925  926  927    1 1 
6  928  929  930  931  932  933    1 1 
6  934  935  936  937  938  939    1 1 
6  940  941  942  943  944  945    1 1 
6  946  947  948  949  950  951    1 1 
7  952  953  954  955  956  957  958    1 1 
6  959  960  961  962  963  964    1 1 
5  965  966  967  968  969    1 1 
5  970  971  972  973  974    1 1 
4  975  976  977  978    1 1 
7  979  980  981  982  983  984  985    1 1 
4  986  987  988  989    1 1 
5  990  991  992  993  994    1 1 
6  995  996  997  998  999  1000    1 1 
6  1001  1002  1003  1004  1005  1006    1 1 
6  1007  1008  1009  1010  1011  1012    1 1 
6  1013  1014  1015  1016  1017  1018    1 1 
6  1019  1020  1021  1022  1023  1024    1 1 
6  1025  1026  1027  1028  1029  1030    1 1 
6  1031  1032  1033  1034  1035  1036    1 1 
6  1037  1038  1039  1040  1041  1042    1 1 
6  1043  1044  1045  1046  1047  1048    1 1 
7  1049  1050  1051  1052  1053  1054  1055    1 1 
6  1056  1057  1058  1059  1060  1061    1 1 
6  1062  1063  1064  1065  1066  1067    1 1 
4  1068  1069  1070  1071    1 1 
3  1072  1073  1074    1 1 
5  1075  1076  1077  1078  1079    1 1 
5  1080  1081  1082  1083  1084    1 1 
8  1085  1086  1087  1088  1089  1090  1091  1092    1 1 
7  1093  1094  1095  1096  1097  1098  1099    1 1 
6  1100  1101  1102  1103  1104  1105    1 1 
7  1106  1107  1108  1109  1110  1111  1112    1 1 
7  1113  1114  1115  1116  1117  1118  1119    1 1 
6  1120  1121  1122  1123  1124  1125    1 1 
6  1126  1127  1128  1129  1130  1131    1 1 
6  1132  1133  1134  1135  1136  1137    1 1 
6  1138  1139  1140  1141  1142  1143    1 1 
7  1144  1145  1146  1147  1148  1149  1150    1 1 
6  1151  1152  1153  1154  1155  1156    1 1 
6  1157  1158  1159  1160  1161  1162    1 1 
6  1163  1164  1165  1166  1167  1168    1 1 
4  1169  1170  1171  1172    1 1 
3  1173  1174  1175    1 1 
5  1176  1177  1178  1179  1180    1 1 
6  1181  1182  1183  1184  1185  1186    1 1 
7  1187  1188  1189  1190  1191  1192  1193    1 1 
5  1194  1195  1196  1197  1198    1 1 
7  1199  1200  1201  1202  1203  1204  1205    1 1 
6  1206  1207  1208  1209  1210  1211    1 1 
6  1212  1213  1214  1215  1216  1217    1 1 
6  1218  1219  1220  1221  1222  1223    1 1 
6  1224  1225  1226  1227  1228  1229    1 1 
6  1230  1231  1232  1233  1234  1235    1 1 
7  1236  1237  1238  1239  1240  1241  1242    1 1 
5  1243  1244  1245  1246  1247    1 1 
7  1248  1249  1250  1251  1252  1253  1254    1 1 
6  1255  1256  1257  1258  1259  1260    1 1 
5  1261  1262  1263  1264  1265    1 1 
3  1266  1267  1268    1 1 
4  1269  1270  1271  1272    1 1 
6  1273  1274  1275  1276  1277  1278    1 1 
6  1279  1280  1281  1282  1283  1284    1 1 
6  1285  1286  1287  1288  1289  1290    1 1 
7  1291  1292  1293  1294  1295  1296  1297    1 1 
6  1298  1299  1300  1301  1302  1303    1 1 
6  1304  1305  1306  1307  1308  1309    1 1 
6  1310  1311  1312  1313  1314  1315    1 1 
6  1316  1317  1318  1319  1320  1321    1 1 
7  1322  1323  1324  1325  1326  1327  1328    1 1 
7  1329  1330  1331  1332  1333  1334  1335    1 1 
6  1336  1337  1338  1339  1340  1341    1 1 
7  1342  1343  1344  1345  1346  1347  1348    1 1 
8  1349  1350  1351  1352  1353  1354  1355  1356    1 1 
5  1357  1358  1359  1360  1361    1 1 
5  1362  1363  1364  1365  1366    1 1 
3  1367  1368  1369    1 1 
4  1370  1371  1372  1373    1 1 
6  1374  1375  1376  1377  1378  1379    1 1 
6  1380  1381  1382  1383  1384  1385    1 1 
7  1386  1387  1388  1389  1390  1391  1392    1 1 
6  1393  1394  1395  1396  1397  1398    1 1 
6  1399  1400  1401  1402  1403  1404    1 1 
6  1405  1406  1407  1408  1409  1410    1 1 
6  1411  1412  1413  1414  1415  1416    1 1 
6  1417  1418  1419  1420  1421  1422    1 1 
6  1423  1424  1425  1426  1427  1428    1 1 
6  1429  1430  1431  1432  1433  1434    1 1 
6  1435  1436  1437  1438  1439  1440    1 1 
6  1441  1442  1443  1444  1445  1446    1 1 
5  1447  1448  1449  1450  1451    1 1 
4  1452  1453  1454  1455    1 1 
7  1456  1457  1458  1459  1460  1461  1462    1 1 
4  1463  1464  1465  1466    1 1 
5  1467  1468  1469  1470  1471    1 1 
5  1472  1473  1474  1475  1476    1 1 
6  1477  1478  1479  1480  1481  1482    1 1 
7  1483  1484  1485  1486  1487  1488  1489    1 1 
6  1490  1491  1492  1493  1494  1495    1 1 
6  1496  1497  1498  1499  1500  1501    1 1 
6  1502  1503  1504  1505  1506  1507    1 1 
6  1508  1509  1510  1511  1512  1513    1 1 
7  1514  1515  1516  1517  1518  1519  1520    1 1 
5  1521  1522  1523  1524  1525    1 1 
6  1526  1527  1528  1529  1530  1531    1 1 
6  1532  1533  1534  1535  1536  1537    1 1 
5  1538  1539  1540  1541  1542    1 1 
5  1543  1544  1545  1546  1547    1 1 
7  1548  1549  1550  1551  1552  1553  1554    1 1 
6  1555  1556  1557  1558  1559  1560    1 1 
4  1561  1562  1563  1564    1 1 
4  1565  1566  1567  1568    1 1 
6  1569  1570  1571  1572  1573  1574    1 1 
5  1575  1576  1577  1578  1579    1 1 
5  1580  1581  1582  1583  1584    1 1 
5  1585  1586  1587  1588  1589    1 1 
5  1590  1591  1592  1593  1594    1 1 
5  1595  1596  1597  1598  1599    1 1 
5  1600  1601  1602  1603  1604    1 1 
4  1605  1606  1607  1608    1 1 
5  1609  1610  1611  1612  1613    1 1 
4  1614  1615  1616  1617    1 1 
4  1618  1619  1620  1621    1 1 
3  1622  1623  1624    1 1 
3  1625  1626  1627    1 1 
4  1628  1629  1630  1631    1 1 
4  1632  1633  1634  1635    1 1 
5  1636  1637  1638  1639  1640    1 1 
# DG vertices (counter-clockwise) 
1640
0  0  
0.03125  0  
0.03125  0.03125  
0  0.03125  
0  0.03125  
0.03125  0.03125  
0.0486832  0.0486832  
0.0369629  0.09375  
0  0.09375  
0  0.09375  
0.0369629  0.09375  
0.0561207  0.133673  
0.0472315  0.15625  
0  0.15625  
0  0.15625  
0.0472315  0.15625  
0.0589575  0.211422  
0.0555937  0.21875  
0  0.21875  
0  0.21875  
0.0555937  0.21875  
0.0604251  0.277711  
0.0587311  0.28125  
0  0.28125  
0  0.28125  
0.0587311  0.28125  
0.060897  0.332197  
0.0555937  0.34375  
0  0.34375  
0  0.34375  
0.0555937  0.34375  
0.0583923  0.377904  
0.0472315  0.40625  
0  0.40625  
0  0.40625  
0.0472315  0.40625  
0.0499232  0.418915  
0.0389708  0.461029  
0.03125  0.46875  
0  0.46875  
0  0.46875  
0.03125  0.46875  
0.03125  0.509283  
0.00928301  0.53125  
0  0.53125  
0  0.53125  
0.00928301  0.53125  
0.0247046  0.559706  
0  0.58441  
0  0.598792  
0.0082001  0.603218  
0.021289  0.613178  
0  0.634467  
0  0.661603  
0.0216052  0.670992  
0  0.692597  
0  0.721978  
0.021289  0.738178  
0  0.759467  
3.46945e-18  0.785139  
0.0206434  0.788824  
0.0256321  0.808778  
0  0.83441  
0  0.848792  
0.0433442  0.872189  
0.00928301  0.90625  
0  0.90625  
0  0.90625  
0.00928301  0.90625  
0.0389708  0.961029  
0.03125  0.96875  
0  0.96875  
0  0.96875  
0.03125  0.96875  
0.03125  1  
0  1  
0.03125  0  
0.09375  0  
0.09375  0.0369629  
0.0486832  0.0486832  
0.03125  0.03125  
0.0486832  0.0486832  
0.09375  0.0369629  
0.133673  0.0561207  
0.119194  0.119194  
0.0561207  0.133673  
0.0369629  0.09375  
0.0472315  0.15625  
0.0561207  0.133673  
0.119194  0.119194  
0.159733  0.159733  
0.146544  0.196879  
0.0589575  0.211422  
0.0555937  0.21875  
0.0589575  0.211422  
0.146544  0.196879  
0.173462  0.252975  
0.165999  0.270813  
0.0604251  0.277711  
0.0587311  0.28125  
0.0604251  0.277711  
0.165999  0.270813  
0.177815  0.326409  
0.171638  0.340521  
0.060897  0.332197  
0.0555937  0.34375  
0.060897  0.332197  
0.171638  0.340521  
0.174503  0.375487  
0.163322  0.402211  
0.161899  0.403634  
0.0583923  0.377904  
0.0472315  0.40625  
0.0583923  0.377904  
0.161899  0.403634  
0.153285  0.427895  
0.128791  0.452389  
0.0499232  0.418915  
0.0389708  0.461029  
0.0499232  0.418915  
0.128791  0.452389  
0.127811  0.456656  
0.0937699  0.490697  
0.0937132  0.490697  
0.03125  0.46875  
0.0389708  0.461029  
0.0937132  0.490697  
0.0597057  0.524705  
0.03125  0.509283  
0.00928301  0.53125  
0.03125  0.509283  
0.0597057  0.524705  
0.06153  0.529003  
0.029003  0.56153  
0.0247046  0.559706  
0.0247046  0.559706  
0.029003  0.56153  
0.0394274  0.57004  
0.0402061  0.571212  
0.0082001  0.603218  
0  0.598792  
0  0.58441  
0.021289  0.613178  
0.0241368  0.614289  
0.0296594  0.623742  
0  0.653401  
0  0.634467  
0.0216052  0.670992  
0.030017  0.673384  
0.0321249  0.68748  
0  0.719605  
0  0.692597  
0  0.759467  
0.021289  0.738178  
0.0533349  0.750681  
0.051805  0.757662  
0.0206434  0.788824  
3.46945e-18  0.785139  
0  0.83441  
0.0256321  0.808778  
0.0721054  0.846715  
0.0476114  0.871209  
0.0433442  0.872189  
0  0.848792  
0.00928301  0.90625  
0.0433442  0.872189  
0.0476114  0.871209  
0.081085  0.950077  
0.0389708  0.961029  
0.03125  0.96875  
0.0389708  0.961029  
0.081085  0.950077  
0.09375  0.952769  
0.09375  1  
0.03125  1  
0.09375  0  
0.15625  0  
0.15625  0.0472315  
0.133673  0.0561207  
0.09375  0.0369629  
0.133673  0.0561207  
0.15625  0.0472315  
0.211422  0.0589575  
0.196879  0.146544  
0.159733  0.159733  
0.119194  0.119194  
0.159733  0.159733  
0.196879  0.146544  
0.252975  0.173462  
0.236123  0.236123  
0.173462  0.252975  
0.146544  0.196879  
0.165999  0.270813  
0.173462  0.252975  
0.236123  0.236123  
0.276921  0.276921  
0.264059  0.316543  
0.177815  0.326409  
0.171638  0.340521  
0.177815  0.326409  
0.264059  0.316543  
0.283674  0.35742  
0.272516  0.390027  
0.174503  0.375487  
0.163322  0.402211  
0.174503  0.375487  
0.272516  0.390027  
0.275787  0.405416  
0.268681  0.427303  
0.249319  0.446665  
0.242338  0.448195  
0.153285  0.427895  
0.161899  0.403634  
0.163322  0.402211  
0.242338  0.448195  
0.211176  0.479357  
0.191222  0.474368  
0.127811  0.456656  
0.128791  0.452389  
0.153285  0.427895  
0.191222  0.474368  
0.16281  0.502779  
0.154845  0.498556  
0.145339  0.489128  
0.0937699  0.490697  
0.127811  0.456656  
0.145339  0.489128  
0.113178  0.521289  
0.103218  0.5082  
0.0937132  0.490697  
0.0937699  0.490697  
0.103218  0.5082  
0.071212  0.540206  
0.0700396  0.539427  
0.06153  0.529003  
0.0597057  0.524705  
0.06153  0.529003  
0.0700396  0.539427  
0.0394274  0.57004  
0.029003  0.56153  
0.0402061  0.571212  
0.0531874  0.585238  
0.0241368  0.614289  
0.021289  0.613178  
0.0082001  0.603218  
0  0.653401  
0.0296594  0.623742  
0.0556721  0.647729  
0.030017  0.673384  
0.0216052  0.670992  
0  0.661603  
0  0.721978  
0  0.719605  
0.0321249  0.68748  
0.072697  0.731319  
0.0533349  0.750681  
0.021289  0.738178  
0.0256321  0.808778  
0.0206434  0.788824  
0.051805  0.757662  
0.0977894  0.836678  
0.0963661  0.838101  
0.0721054  0.846715  
0.0476114  0.871209  
0.0721054  0.846715  
0.0963661  0.838101  
0.122096  0.941608  
0.09375  0.952769  
0.081085  0.950077  
0.09375  0.952769  
0.122096  0.941608  
0.15625  0.944406  
0.15625  1  
0.09375  1  
0.15625  0  
0.21875  0  
0.21875  0.0555937  
0.211422  0.0589575  
0.15625  0.0472315  
0.211422  0.0589575  
0.21875  0.0555937  
0.277711  0.0604251  
0.270813  0.165999  
0.252975  0.173462  
0.196879  0.146544  
0.252975  0.173462  
0.270813  0.165999  
0.326409  0.177815  
0.316543  0.264059  
0.276921  0.276921  
0.236123  0.236123  
0.276921  0.276921  
0.316543  0.264059  
0.35742  0.283674  
0.348114  0.348114  
0.283674  0.35742  
0.264059  0.316543  
0.283674  0.35742  
0.348114  0.348114  
0.367222  0.367222  
0.359418  0.417746  
0.355551  0.421612  
0.275787  0.405416  
0.272516  0.390027  
0.268681  0.427303  
0.275787  0.405416  
0.355551  0.421612  
0.352271  0.444328  
0.326616  0.469983  
0.31252  0.467875  
0.249319  0.446665  
0.268681  0.427303  
0.31252  0.467875  
0.282217  0.498178  
0.270004  0.489463  
0.261822  0.478711  
0.242338  0.448195  
0.249319  0.446665  
0.261822  0.478711  
0.229996  0.510537  
0.217783  0.501822  
0.211489  0.481108  
0.211176  0.479357  
0.191222  0.474368  
0.211176  0.479357  
0.211489  0.481108  
0.170992  0.521605  
0.16281  0.502779  
0.145339  0.489128  
0.154845  0.498556  
0.123742  0.529659  
0.114289  0.524137  
0.113178  0.521289  
0.103218  0.5082  
0.113178  0.521289  
0.114289  0.524137  
0.0852384  0.553187  
0.071212  0.540206  
0.0700396  0.539427  
0.071212  0.540206  
0.0852384  0.553187  
0.0887898  0.570677  
0.0706772  0.58879  
0.0531874  0.585238  
0.0402061  0.571212  
0.0394274  0.57004  
0.0241368  0.614289  
0.0531874  0.585238  
0.0706772  0.58879  
0.082254  0.640582  
0.0783876  0.644449  
0.0556721  0.647729  
0.0296594  0.623742  
0.030017  0.673384  
0.0556721  0.647729  
0.0783876  0.644449  
0.0945843  0.724213  
0.072697  0.731319  
0.0321249  0.68748  
0.051805  0.757662  
0.0533349  0.750681  
0.072697  0.731319  
0.0945843  0.724213  
0.109973  0.727484  
0.124513  0.825497  
0.0977894  0.836678  
0.0963661  0.838101  
0.0977894  0.836678  
0.124513  0.825497  
0.159479  0.828362  
0.167803  0.939103  
0.15625  0.944406  
0.122096  0.941608  
0.15625  0.944406  
0.167803  0.939103  
0.21875  0.941269  
0.21875  1  
0.15625  1  
0.21875  0  
0.28125  0  
0.28125  0.0587311  
0.277711  0.0604251  
0.21875  0.0555937  
0.277711  0.0604251  
0.28125  0.0587311  
0.332197  0.060897  
0.340521  0.171638  
0.326409  0.177815  
0.270813  0.165999  
0.326409  0.177815  
0.340521  0.171638  
0.375487  0.174503  
0.390027  0.272516  
0.35742  0.283674  
0.316543  0.264059  
0.35742  0.283674  
0.390027  0.272516  
0.405416  0.275787  
0.421612  0.355551  
0.417746  0.359418  
0.367222  0.367222  
0.348114  0.348114  
0.367222  0.367222  
0.417746  0.359418  
0.429323  0.41121  
0.41121  0.429323  
0.359418  0.417746  
0.355551  0.421612  
0.359418  0.417746  
0.41121  0.429323  
0.414762  0.446813  
0.385711  0.475863  
0.376258  0.470341  
0.352271  0.444328  
0.326616  0.469983  
0.352271  0.444328  
0.376258  0.470341  
0.345155  0.501444  
0.33719  0.497221  
0.329008  0.478395  
0.31252  0.467875  
0.326616  0.469983  
0.329008  0.478395  
0.288511  0.518892  
0.282217  0.498178  
0.261822  0.478711  
0.270004  0.489463  
0.238178  0.521289  
0.229996  0.510537  
0.211489  0.481108  
0.217783  0.501822  
0.18748  0.532125  
0.173384  0.530017  
0.170992  0.521605  
0.154845  0.498556  
0.16281  0.502779  
0.170992  0.521605  
0.173384  0.530017  
0.147729  0.555672  
0.123742  0.529659  
0.0852384  0.553187  
0.114289  0.524137  
0.123742  0.529659  
0.147729  0.555672  
0.144449  0.578388  
0.140582  0.582254  
0.0887898  0.570677  
0.0706772  0.58879  
0.0887898  0.570677  
0.140582  0.582254  
0.132778  0.632778  
0.082254  0.640582  
0.0783876  0.644449  
0.082254  0.640582  
0.132778  0.632778  
0.151886  0.651886  
0.14258  0.716326  
0.109973  0.727484  
0.0945843  0.724213  
0.109973  0.727484  
0.14258  0.716326  
0.183457  0.735941  
0.173591  0.822185  
0.159479  0.828362  
0.124513  0.825497  
0.159479  0.828362  
0.173591  0.822185  
0.229187  0.834001  
0.222289  0.939575  
0.21875  0.941269  
0.167803  0.939103  
0.21875  0.941269  
0.222289  0.939575  
0.28125  0.944406  
0.28125  1  
0.21875  1  
0.28125  0  
0.34375  0  
0.34375  0.0555937  
0.332197  0.060897  
0.28125  0.0587311  
0.332197  0.060897  
0.34375  0.0555937  
0.377904  0.0583923  
0.403634  0.161899  
0.402211  0.163322  
0.375487  0.174503  
0.340521  0.171638  
0.375487  0.174503  
0.402211  0.163322  
0.448195  0.242338  
0.446665  0.249319  
0.427303  0.268681  
0.405416  0.275787  
0.390027  0.272516  
0.405416  0.275787  
0.427303  0.268681  
0.467875  0.31252  
0.469983  0.326616  
0.444328  0.352271  
0.421612  0.355551  
0.417746  0.359418  
0.421612  0.355551  
0.444328  0.352271  
0.470341  0.376258  
0.475863  0.385711  
0.446813  0.414762  
0.429323  0.41121  
0.41121  0.429323  
0.429323  0.41121  
0.446813  0.414762  
0.459794  0.428788  
0.460573  0.42996  
0.42996  0.460573  
0.428788  0.459794  
0.414762  0.446813  
0.414762  0.446813  
0.428788  0.459794  
0.396782  0.4918  
0.386822  0.478711  
0.385711  0.475863  
0.376258  0.470341  
0.385711  0.475863  
0.386822  0.478711  
0.354661  0.510872  
0.345155  0.501444  
0.329008  0.478395  
0.33719  0.497221  
0.308778  0.525632  
0.288824  0.520643  
0.288511  0.518892  
0.238178  0.521289  
0.270004  0.489463  
0.282217  0.498178  
0.288511  0.518892  
0.288824  0.520643  
0.257662  0.551805  
0.250681  0.553335  
0.217783  0.501822  
0.229996  0.510537  
0.238178  0.521289  
0.250681  0.553335  
0.231319  0.572697  
0.18748  0.532125  
0.147729  0.555672  
0.173384  0.530017  
0.18748  0.532125  
0.231319  0.572697  
0.224213  0.594584  
0.144449  0.578388  
0.140582  0.582254  
0.144449  0.578388  
0.224213  0.594584  
0.227484  0.609973  
0.216326  0.64258  
0.151886  0.651886  
0.132778  0.632778  
0.151886  0.651886  
0.216326  0.64258  
0.235941  0.683457  
0.223079  0.723079  
0.183457  0.735941  
0.14258  0.716326  
0.183457  0.735941  
0.223079  0.723079  
0.263877  0.763877  
0.247025  0.826538  
0.229187  0.834001  
0.173591  0.822185  
0.229187  0.834001  
0.247025  0.826538  
0.303121  0.853456  
0.288578  0.941043  
0.28125  0.944406  
0.222289  0.939575  
0.28125  0.944406  
0.288578  0.941043  
0.34375  0.952769  
0.34375  1  
0.28125  1  
0.34375  0  
0.40625  0  
0.40625  0.0472315  
0.377904  0.0583923  
0.34375  0.0555937  
0.377904  0.0583923  
0.40625  0.0472315  
0.418915  0.0499232  
0.452389  0.128791  
0.427895  0.153285  
0.403634  0.161899  
0.402211  0.163322  
0.403634  0.161899  
0.427895  0.153285  
0.474368  0.191222  
0.479357  0.211176  
0.448195  0.242338  
0.427303  0.268681  
0.446665  0.249319  
0.478711  0.261822  
0.489463  0.270004  
0.498178  0.282217  
0.467875  0.31252  
0.469983  0.326616  
0.478395  0.329008  
0.497221  0.33719  
0.501444  0.345155  
0.470341  0.376258  
0.444328  0.352271  
0.475863  0.385711  
0.478711  0.386822  
0.4918  0.396782  
0.459794  0.428788  
0.446813  0.414762  
0.460573  0.42996  
0.470997  0.43847  
0.43847  0.470997  
0.42996  0.460573  
0.428788  0.459794  
0.42996  0.460573  
0.43847  0.470997  
0.440294  0.475295  
0.406287  0.509303  
0.40623  0.509303  
0.396782  0.4918  
0.386822  0.478711  
0.396782  0.4918  
0.40623  0.509303  
0.372189  0.543344  
0.354661  0.510872  
0.308778  0.525632  
0.33719  0.497221  
0.345155  0.501444  
0.354661  0.510872  
0.372189  0.543344  
0.371209  0.547611  
0.346715  0.572105  
0.257662  0.551805  
0.288824  0.520643  
0.308778  0.525632  
0.346715  0.572105  
0.338101  0.596366  
0.336678  0.597789  
0.231319  0.572697  
0.250681  0.553335  
0.257662  0.551805  
0.336678  0.597789  
0.325497  0.624513  
0.227484  0.609973  
0.224213  0.594584  
0.216326  0.64258  
0.227484  0.609973  
0.325497  0.624513  
0.328362  0.659479  
0.322185  0.673591  
0.235941  0.683457  
0.235941  0.683457  
0.322185  0.673591  
0.334001  0.729187  
0.326538  0.747025  
0.263877  0.763877  
0.223079  0.723079  
0.263877  0.763877  
0.326538  0.747025  
0.353456  0.803121  
0.340267  0.840267  
0.303121  0.853456  
0.247025  0.826538  
0.303121  0.853456  
0.340267  0.840267  
0.380806  0.880806  
0.366327  0.943879  
0.34375  0.952769  
0.288578  0.941043  
0.34375  0.952769  
0.366327  0.943879  
0.40625  0.963037  
0.40625  1  
0.34375  1  
0.40625  0  
0.46875  0  
0.46875  0.03125  
0.461029  0.0389708  
0.418915  0.0499232  
0.40625  0.0472315  
0.418915  0.0499232  
0.461029  0.0389708  
0.490697  0.0937132  
0.490697  0.0937699  
0.456656  0.127811  
0.452389  0.128791  
0.452389  0.128791  
0.456656  0.127811  
0.489128  0.145339  
0.498556  0.154845  
0.502779  0.16281  
0.474368  0.191222  
0.427895  0.153285  
0.479357  0.211176  
0.481108  0.211489  
0.501822  0.217783  
0.510537  0.229996  
0.478711  0.261822  
0.446665  0.249319  
0.448195  0.242338  
0.498178  0.282217  
0.518892  0.288511  
0.478395  0.329008  
0.469983  0.326616  
0.467875  0.31252  
0.501444  0.345155  
0.510872  0.354661  
0.478711  0.386822  
0.475863  0.385711  
0.470341  0.376258  
0.4918  0.396782  
0.509303  0.40623  
0.509303  0.406287  
0.475295  0.440294  
0.470997  0.43847  
0.460573  0.42996  
0.459794  0.428788  
0.470997  0.43847  
0.475295  0.440294  
0.490717  0.46875  
0.46875  0.490717  
0.440294  0.475295  
0.43847  0.470997  
0.440294  0.475295  
0.46875  0.490717  
0.46875  0.53125  
0.461029  0.538971  
0.406287  0.509303  
0.40623  0.509303  
0.406287  0.509303  
0.461029  0.538971  
0.450077  0.581085  
0.371209  0.547611  
0.372189  0.543344  
0.346715  0.572105  
0.371209  0.547611  
0.450077  0.581085  
0.452769  0.59375  
0.441608  0.622096  
0.338101  0.596366  
0.325497  0.624513  
0.336678  0.597789  
0.338101  0.596366  
0.441608  0.622096  
0.444406  0.65625  
0.439103  0.667803  
0.328362  0.659479  
0.322185  0.673591  
0.328362  0.659479  
0.439103  0.667803  
0.441269  0.71875  
0.439575  0.722289  
0.334001  0.729187  
0.326538  0.747025  
0.334001  0.729187  
0.439575  0.722289  
0.444406  0.78125  
0.441043  0.788578  
0.353456  0.803121  
0.353456  0.803121  
0.441043  0.788578  
0.452769  0.84375  
0.443879  0.866327  
0.380806  0.880806  
0.340267  0.840267  
0.380806  0.880806  
0.443879  0.866327  
0.463037  0.90625  
0.451317  0.951317  
0.40625  0.963037  
0.366327  0.943879  
0.40625  0.963037  
0.451317  0.951317  
0.46875  0.96875  
0.46875  1  
0.40625  1  
0.46875  0  
0.53125  0  
0.53125  0.00928301  
0.509283  0.03125  
0.46875  0.03125  
0.461029  0.0389708  
0.46875  0.03125  
0.509283  0.03125  
0.524705  0.0597057  
0.490697  0.0937132  
0.490697  0.0937699  
0.5082  0.103218  
0.521289  0.113178  
0.489128  0.145339  
0.456656  0.127811  
0.502779  0.16281  
0.521605  0.170992  
0.481108  0.211489  
0.479357  0.211176  
0.474368  0.191222  
0.510537  0.229996  
0.521289  0.238178  
0.489463  0.270004  
0.478711  0.261822  
0.518892  0.288511  
0.520643  0.288824  
0.525632  0.308778  
0.497221  0.33719  
0.478395  0.329008  
0.510872  0.354661  
0.543344  0.372189  
0.509303  0.40623  
0.4918  0.396782  
0.478711  0.386822  
0.475295  0.440294  
0.509303  0.406287  
0.538971  0.461029  
0.53125  0.46875  
0.490717  0.46875  
0.46875  0.490717  
0.490717  0.46875  
0.53125  0.46875  
0.53125  0.53125  
0.46875  0.53125  
0.461029  0.538971  
0.46875  0.53125  
0.53125  0.53125  
0.548683  0.548683  
0.536963  0.59375  
0.452769  0.59375  
0.450077  0.581085  
0.441608  0.622096  
0.452769  0.59375  
0.536963  0.59375  
0.556121  0.633673  
0.547231  0.65625  
0.444406  0.65625  
0.439103  0.667803  
0.444406  0.65625  
0.547231  0.65625  
0.558957  0.711422  
0.555594  0.71875  
0.441269  0.71875  
0.439575  0.722289  
0.441269  0.71875  
0.555594  0.71875  
0.560425  0.777711  
0.558731  0.78125  
0.444406  0.78125  
0.441043  0.788578  
0.444406  0.78125  
0.558731  0.78125  
0.560897  0.832197  
0.555594  0.84375  
0.452769  0.84375  
0.443879  0.866327  
0.452769  0.84375  
0.555594  0.84375  
0.558392  0.877904  
0.547231  0.90625  
0.463037  0.90625  
0.463037  0.90625  
0.547231  0.90625  
0.549923  0.918915  
0.538971  0.961029  
0.53125  0.96875  
0.46875  0.96875  
0.451317  0.951317  
0.46875  0.96875  
0.53125  0.96875  
0.53125  1  
0.46875  1  
0.53125  0  
0.58441  0  
0.559706  0.0247046  
0.53125  0.00928301  
0.509283  0.03125  
0.53125  0.00928301  
0.559706  0.0247046  
0.56153  0.029003  
0.529003  0.06153  
0.524705  0.0597057  
0.524705  0.0597057  
0.529003  0.06153  
0.539427  0.0700396  
0.540206  0.071212  
0.5082  0.103218  
0.490697  0.0937699  
0.490697  0.0937132  
0.521289  0.113178  
0.524137  0.114289  
0.529659  0.123742  
0.498556  0.154845  
0.489128  0.145339  
0.521605  0.170992  
0.530017  0.173384  
0.532125  0.18748  
0.501822  0.217783  
0.481108  0.211489  
0.521289  0.238178  
0.553335  0.250681  
0.551805  0.257662  
0.520643  0.288824  
0.518892  0.288511  
0.498178  0.282217  
0.489463  0.270004  
0.501444  0.345155  
0.497221  0.33719  
0.525632  0.308778  
0.572105  0.346715  
0.547611  0.371209  
0.543344  0.372189  
0.510872  0.354661  
0.509303  0.406287  
0.509303  0.40623  
0.543344  0.372189  
0.547611  0.371209  
0.581085  0.450077  
0.538971  0.461029  
0.53125  0.46875  
0.538971  0.461029  
0.581085  0.450077  
0.59375  0.452769  
0.59375  0.536963  
0.548683  0.548683  
0.53125  0.53125  
0.548683  0.548683  
0.59375  0.536963  
0.633673  0.556121  
0.619194  0.619194  
0.556121  0.633673  
0.536963  0.59375  
0.547231  0.65625  
0.556121  0.633673  
0.619194  0.619194  
0.659733  0.659733  
0.646544  0.696879  
0.558957  0.711422  
0.555594  0.71875  
0.558957  0.711422  
0.646544  0.696879  
0.673462  0.752975  
0.665999  0.770813  
0.560425  0.777711  
0.558731  0.78125  
0.560425  0.777711  
0.665999  0.770813  
0.677815  0.826409  
0.671638  0.840521  
0.560897  0.832197  
0.555594  0.84375  
0.560897  0.832197  
0.671638  0.840521  
0.674503  0.875487  
0.663322  0.902211  
0.661899  0.903634  
0.558392  0.877904  
0.547231  0.90625  
0.558392  0.877904  
0.661899  0.903634  
0.653285  0.927895  
0.628791  0.952389  
0.549923  0.918915  
0.549923  0.918915  
0.628791  0.952389  
0.627811  0.956656  
0.59375  0.990717  
0.538971  0.961029  
0.53125  0.96875  
0.538971  0.961029  
0.59375  0.990717  
0.59375  1  
0.53125  1  
0.598792  0  
0.634467  0  
0.613178  0.021289  
0.603218  0.0082001  
0.58441  0  
0.598792  0  
0.603218  0.0082001  
0.571212  0.0402061  
0.57004  0.0394274  
0.56153  0.029003  
0.559706  0.0247046  
0.56153  0.029003  
0.57004  0.0394274  
0.539427  0.0700396  
0.529003  0.06153  
0.540206  0.071212  
0.553187  0.0852384  
0.524137  0.114289  
0.521289  0.113178  
0.5082  0.103218  
0.498556  0.154845  
0.529659  0.123742  
0.555672  0.147729  
0.530017  0.173384  
0.521605  0.170992  
0.502779  0.16281  
0.501822  0.217783  
0.532125  0.18748  
0.572697  0.231319  
0.553335  0.250681  
0.521289  0.238178  
0.510537  0.229996  
0.525632  0.308778  
0.520643  0.288824  
0.551805  0.257662  
0.597789  0.336678  
0.596366  0.338101  
0.572105  0.346715  
0.547611  0.371209  
0.572105  0.346715  
0.596366  0.338101  
0.622096  0.441608  
0.59375  0.452769  
0.581085  0.450077  
0.59375  0.452769  
0.622096  0.441608  
0.65625  0.444406  
0.65625  0.547231  
0.633673  0.556121  
0.59375  0.536963  
0.633673  0.556121  
0.65625  0.547231  
0.711422  0.558957  
0.696879  0.646544  
0.659733  0.659733  
0.619194  0.619194  
0.659733  0.659733  
0.696879  0.646544  
0.752975  0.673462  
0.736123  0.736123  
0.673462  0.752975  
0.646544  0.696879  
0.665999  0.770813  
0.673462  0.752975  
0.736123  0.736123  
0.776921  0.776921  
0.764059  0.816543  
0.677815  0.826409  
0.671638  0.840521  
0.677815  0.826409  
0.764059  0.816543  
0.783674  0.85742  
0.772516  0.890027  
0.674503  0.875487  
0.663322  0.902211  
0.674503  0.875487  
0.772516  0.890027  
0.775787  0.905416  
0.768681  0.927303  
0.749319  0.946665  
0.742338  0.948195  
0.653285  0.927895  
0.661899  0.903634  
0.663322  0.902211  
0.742338  0.948195  
0.711176  0.979357  
0.691222  0.974368  
0.627811  0.956656  
0.628791  0.952389  
0.653285  0.927895  
0.691222  0.974368  
0.66559  1  
0.651208  1  
0.627811  0.956656  
0.651208  1  
0.59375  1  
0.59375  0.990717  
0.661603  0  
0.692597  0  
0.670992  0.0216052  
0.634467  0  
0.653401  0  
0.623742  0.0296594  
0.614289  0.0241368  
0.613178  0.021289  
0.603218  0.0082001  
0.613178  0.021289  
0.614289  0.0241368  
0.585238  0.0531874  
0.571212  0.0402061  
0.57004  0.0394274  
0.571212  0.0402061  
0.585238  0.0531874  
0.58879  0.0706772  
0.570677  0.0887898  
0.553187  0.0852384  
0.540206  0.071212  
0.539427  0.0700396  
0.524137  0.114289  
0.553187  0.0852384  
0.570677  0.0887898  
0.582254  0.140582  
0.578388  0.144449  
0.555672  0.147729  
0.529659  0.123742  
0.530017  0.173384  
0.555672  0.147729  
0.578388  0.144449  
0.594584  0.224213  
0.572697  0.231319  
0.532125  0.18748  
0.551805  0.257662  
0.553335  0.250681  
0.572697  0.231319  
0.594584  0.224213  
0.609973  0.227484  
0.624513  0.325497  
0.597789  0.336678  
0.596366  0.338101  
0.597789  0.336678  
0.624513  0.325497  
0.659479  0.328362  
0.667803  0.439103  
0.65625  0.444406  
0.622096  0.441608  
0.65625  0.444406  
0.667803  0.439103  
0.71875  0.441269  
0.71875  0.555594  
0.711422  0.558957  
0.65625  0.547231  
0.711422  0.558957  
0.71875  0.555594  
0.777711  0.560425  
0.770813  0.665999  
0.752975  0.673462  
0.696879  0.646544  
0.752975  0.673462  
0.770813  0.665999  
0.826409  0.677815  
0.816543  0.764059  
0.776921  0.776921  
0.736123  0.736123  
0.776921  0.776921  
0.816543  0.764059  
0.85742  0.783674  
0.848114  0.848114  
0.783674  0.85742  
0.764059  0.816543  
0.783674  0.85742  
0.848114  0.848114  
0.867222  0.867222  
0.859418  0.917746  
0.855551  0.921612  
0.775787  0.905416  
0.772516  0.890027  
0.768681  0.927303  
0.775787  0.905416  
0.855551  0.921612  
0.852271  0.944328  
0.826616  0.969983  
0.81252  0.967875  
0.749319  0.946665  
0.768681  0.927303  
0.81252  0.967875  
0.780395  1  
0.778022  1  
0.761822  0.978711  
0.742338  0.948195  
0.749319  0.946665  
0.761822  0.978711  
0.740533  1  
0.714861  1  
0.711176  0.979357  
0.691222  0.974368  
0.711176  0.979357  
0.714861  1  
0.66559  1  
0.721978  0  
0.759467  0  
0.738178  0.021289  
0.692597  0  
0.719605  0  
0.68748  0.0321249  
0.673384  0.030017  
0.670992  0.0216052  
0.653401  0  
0.661603  0  
0.670992  0.0216052  
0.673384  0.030017  
0.647729  0.0556721  
0.623742  0.0296594  
0.585238  0.0531874  
0.614289  0.0241368  
0.623742  0.0296594  
0.647729  0.0556721  
0.644449  0.0783876  
0.640582  0.082254  
0.58879  0.0706772  
0.570677  0.0887898  
0.58879  0.0706772  
0.640582  0.082254  
0.632778  0.132778  
0.582254  0.140582  
0.578388  0.144449  
0.582254  0.140582  
0.632778  0.132778  
0.651886  0.151886  
0.64258  0.216326  
0.609973  0.227484  
0.594584  0.224213  
0.609973  0.227484  
0.64258  0.216326  
0.683457  0.235941  
0.673591  0.322185  
0.659479  0.328362  
0.624513  0.325497  
0.659479  0.328362  
0.673591  0.322185  
0.729187  0.334001  
0.722289  0.439575  
0.71875  0.441269  
0.667803  0.439103  
0.71875  0.441269  
0.722289  0.439575  
0.78125  0.444406  
0.78125  0.558731  
0.777711  0.560425  
0.71875  0.555594  
0.777711  0.560425  
0.78125  0.558731  
0.832197  0.560897  
0.840521  0.671638  
0.826409  0.677815  
0.770813  0.665999  
0.826409  0.677815  
0.840521  0.671638  
0.875487  0.674503  
0.890027  0.772516  
0.85742  0.783674  
0.816543  0.764059  
0.85742  0.783674  
0.890027  0.772516  
0.905416  0.775787  
0.921612  0.855551  
0.917746  0.859418  
0.867222  0.867222  
0.848114  0.848114  
0.867222  0.867222  
0.917746  0.859418  
0.929323  0.91121  
0.91121  0.929323  
0.859418  0.917746  
0.855551  0.921612  
0.859418  0.917746  
0.91121  0.929323  
0.914762  0.946813  
0.885711  0.975863  
0.876258  0.970341  
0.852271  0.944328  
0.826616  0.969983  
0.852271  0.944328  
0.876258  0.970341  
0.846599  1  
0.838397  1  
0.829008  0.978395  
0.81252  0.967875  
0.826616  0.969983  
0.829008  0.978395  
0.807403  1  
0.780395  1  
0.761822  0.978711  
0.778022  1  
0.740533  1  
0.785139  0  
0.83441  0  
0.808778  0.0256321  
0.788824  0.0206434  
0.738178  0.021289  
0.759467  0  
0.785139  0  
0.788824  0.0206434  
0.757662  0.051805  
0.750681  0.0533349  
0.719605  0  
0.721978  0  
0.738178  0.021289  
0.750681  0.0533349  
0.731319  0.072697  
0.68748  0.0321249  
0.647729  0.0556721  
0.673384  0.030017  
0.68748  0.0321249  
0.731319  0.072697  
0.724213  0.0945843  
0.644449  0.0783876  
0.640582  0.082254  
0.644449  0.0783876  
0.724213  0.0945843  
0.727484  0.109973  
0.716326  0.14258  
0.651886  0.151886  
0.632778  0.132778  
0.651886  0.151886  
0.716326  0.14258  
0.735941  0.183457  
0.723079  0.223079  
0.683457  0.235941  
0.64258  0.216326  
0.683457  0.235941  
0.723079  0.223079  
0.763877  0.263877  
0.747025  0.326538  
0.729187  0.334001  
0.673591  0.322185  
0.729187  0.334001  
0.747025  0.326538  
0.803121  0.353456  
0.788578  0.441043  
0.78125  0.444406  
0.722289  0.439575  
0.78125  0.444406  
0.788578  0.441043  
0.84375  0.452769  
0.84375  0.555594  
0.832197  0.560897  
0.78125  0.558731  
0.832197  0.560897  
0.84375  0.555594  
0.877904  0.558392  
0.903634  0.661899  
0.902211  0.663322  
0.875487  0.674503  
0.840521  0.671638  
0.875487  0.674503  
0.902211  0.663322  
0.948195  0.742338  
0.946665  0.749319  
0.927303  0.768681  
0.905416  0.775787  
0.890027  0.772516  
0.905416  0.775787  
0.927303  0.768681  
0.967875  0.81252  
0.969983  0.826616  
0.944328  0.852271  
0.921612  0.855551  
0.917746  0.859418  
0.921612  0.855551  
0.944328  0.852271  
0.970341  0.876258  
0.975863  0.885711  
0.946813  0.914762  
0.929323  0.91121  
0.91121  0.929323  
0.929323  0.91121  
0.946813  0.914762  
0.959794  0.928788  
0.960573  0.92996  
0.92996  0.960573  
0.928788  0.959794  
0.914762  0.946813  
0.914762  0.946813  
0.928788  0.959794  
0.896782  0.9918  
0.886822  0.978711  
0.885711  0.975863  
0.876258  0.970341  
0.885711  0.975863  
0.886822  0.978711  
0.865533  1  
0.846599  1  
0.829008  0.978395  
0.838397  1  
0.807403  1  
0.848792  0  
0.90625  0  
0.90625  0.00928301  
0.872189  0.0433442  
0.808778  0.0256321  
0.83441  0  
0.848792  0  
0.872189  0.0433442  
0.871209  0.0476114  
0.846715  0.0721054  
0.757662  0.051805  
0.788824  0.0206434  
0.808778  0.0256321  
0.846715  0.0721054  
0.838101  0.0963661  
0.836678  0.0977894  
0.731319  0.072697  
0.750681  0.0533349  
0.757662  0.051805  
0.836678  0.0977894  
0.825497  0.124513  
0.727484  0.109973  
0.724213  0.0945843  
0.716326  0.14258  
0.727484  0.109973  
0.825497  0.124513  
0.828362  0.159479  
0.822185  0.173591  
0.735941  0.183457  
0.735941  0.183457  
0.822185  0.173591  
0.834001  0.229187  
0.826538  0.247025  
0.763877  0.263877  
0.723079  0.223079  
0.763877  0.263877  
0.826538  0.247025  
0.853456  0.303121  
0.840267  0.340267  
0.803121  0.353456  
0.747025  0.326538  
0.803121  0.353456  
0.840267  0.340267  
0.880806  0.380806  
0.866327  0.443879  
0.84375  0.452769  
0.788578  0.441043  
0.84375  0.452769  
0.866327  0.443879  
0.90625  0.463037  
0.90625  0.547231  
0.877904  0.558392  
0.84375  0.555594  
0.877904  0.558392  
0.90625  0.547231  
0.918915  0.549923  
0.952389  0.628791  
0.927895  0.653285  
0.903634  0.661899  
0.902211  0.663322  
0.903634  0.661899  
0.927895  0.653285  
0.974368  0.691222  
0.979357  0.711176  
0.948195  0.742338  
0.927303  0.768681  
0.946665  0.749319  
0.978711  0.761822  
1  0.778022  
1  0.780395  
0.967875  0.81252  
0.969983  0.826616  
0.978395  0.829008  
1  0.838397  
1  0.846599  
0.970341  0.876258  
0.944328  0.852271  
0.975863  0.885711  
0.978711  0.886822  
0.9918  0.896782  
0.959794  0.928788  
0.946813  0.914762  
0.960573  0.92996  
0.970997  0.93847  
0.93847  0.970997  
0.92996  0.960573  
0.928788  0.959794  
0.92996  0.960573  
0.93847  0.970997  
0.940294  0.975295  
0.91559  1  
0.901208  1  
0.896782  0.9918  
0.886822  0.978711  
0.896782  0.9918  
0.901208  1  
0.865533  1  
0.90625  0.00928301  
0.90625  0  
0.96875  0  
0.96875  0.03125  
0.961029  0.0389708  
0.872189  0.0433442  
0.90625  0.00928301  
0.961029  0.0389708  
0.950077  0.081085  
0.871209  0.0476114  
0.846715  0.0721054  
0.871209  0.0476114  
0.950077  0.081085  
0.952769  0.09375  
0.941608  0.122096  
0.838101  0.0963661  
0.825497  0.124513  
0.836678  0.0977894  
0.838101  0.0963661  
0.941608  0.122096  
0.944406  0.15625  
0.939103  0.167803  
0.828362  0.159479  
0.822185  0.173591  
0.828362  0.159479  
0.939103  0.167803  
0.941269  0.21875  
0.939575  0.222289  
0.834001  0.229187  
0.826538  0.247025  
0.834001  0.229187  
0.939575  0.222289  
0.944406  0.28125  
0.941043  0.288578  
0.853456  0.303121  
0.853456  0.303121  
0.941043  0.288578  
0.952769  0.34375  
0.943879  0.366327  
0.880806  0.380806  
0.840267  0.340267  
0.880806  0.380806  
0.943879  0.366327  
0.963037  0.40625  
0.951317  0.451317  
0.90625  0.463037  
0.866327  0.443879  
0.90625  0.463037  
0.951317  0.451317  
0.96875  0.46875  
0.96875  0.53125  
0.961029  0.538971  
0.918915  0.549923  
0.90625  0.547231  
0.918915  0.549923  
0.961029  0.538971  
0.990717  0.59375  
0.956656  0.627811  
0.952389  0.628791  
0.952389  0.628791  
0.956656  0.627811  
1  0.651208  
1  0.66559  
0.974368  0.691222  
0.927895  0.653285  
0.979357  0.711176  
1  0.714861  
1  0.740533  
0.978711  0.761822  
0.946665  0.749319  
0.948195  0.742338  
1  0.780395  
1  0.807403  
0.978395  0.829008  
0.969983  0.826616  
0.967875  0.81252  
1  0.846599  
1  0.865533  
0.978711  0.886822  
0.975863  0.885711  
0.970341  0.876258  
0.9918  0.896782  
1  0.901208  
1  0.91559  
0.975295  0.940294  
0.970997  0.93847  
0.960573  0.92996  
0.959794  0.928788  
0.970997  0.93847  
0.975295  0.940294  
0.990717  0.96875  
0.96875  0.990717  
0.940294  0.975295  
0.93847  0.970997  
0.940294  0.975295  
0.96875  0.990717  
0.96875  1  
0.91559  1  
0.96875  0  
1  0  
1  0.03125  
0.96875  0.03125  
0.961029  0.0389708  
0.96875  0.03125  
1  0.03125  
1  0.09375  
0.952769  0.09375  
0.950077  0.081085  
0.941608  0.122096  
0.952769  0.09375  
1  0.09375  
1  0.15625  
0.944406  0.15625  
0.939103  0.167803  
0.944406  0.15625  
1  0.15625  
1  0.21875  
0.941269  0.21875  
0.939575  0.222289  
0.941269  0.21875  
1  0.21875  
1  0.28125  
0.944406  0.28125  
0.941043  0.288578  
0.944406  0.28125  
1  0.28125  
1  0.34375  
0.952769  0.34375  
0.943879  0.366327  
0.952769  0.34375  
1  0.34375  
1  0.40625  
0.963037  0.40625  
0.963037  0.40625  
1  0.40625  
1  0.46875  
0.96875  0.46875  
0.951317  0.451317  
0.96875  0.46875  
1  0.46875  
1  0.53125  
0.96875  0.53125  
0.961029  0.538971  
0.96875  0.53125  
1  0.53125  
1  0.59375  
0.990717  0.59375  
0.990717  0.59375  
1  0.59375  
1  0.651208  
0.956656  0.627811  
0.974368  0.691222  
1  0.66559  
1  0.714861  
0.979357  0.711176  
1  0.740533  
1  0.778022  
0.978711  0.761822  
1  0.807403  
1  0.838397  
0.978395  0.829008  
0.978711  0.886822  
1  0.865533  
1  0.901208  
0.9918  0.896782  
0.975295  0.940294  
1  0.91559  
1  0.96875  
0.990717  0.96875  
0.990717  0.96875  
1  0.96875  
1  1  
0.96875  1  
0.96875  0.990717  
# grid vertices 
672
0.603218 0.0082001 
0.478711 0.261822 
0.0531874 0.585238 
0.334001 0.729187 
0.28125 0.0587311 
0.15625 0.0472315 
0.173462 0.252975 
0.826538 0.247025 
0.276921 0.276921 
0.659733 0.659733 
0.0700396 0.539427 
0.0472315 0.40625 
0.0852384 0.553187 
0.0476114 0.871209 
0.247025 0.826538 
0.0206434 0.788824 
0.264059 0.316543 
0.558957 0.711422 
0.890027 0.772516 
0.463037 0.90625 
0.375487 0.174503 
0.978711 0.761822 
0.952389 0.628791 
0.366327 0.943879 
0.5082 0.103218 
0.941043 0.288578 
0.866327 0.443879 
0.667803 0.439103 
0.0389708 0.461029 
0.403634 0.161899 
0.340521 0.171638 
0.211422 0.0589575 
0.252975 0.173462 
0.133673 0.0561207 
0.238178 0.521289 
0.113178 0.521289 
0.390027 0.272516 
0.316543 0.264059 
0.444328 0.352271 
0.614289 0.0241368 
0.18748 0.532125 
0.222289 0.939575 
0.429323 0.41121 
0.227484 0.609973 
0.459794 0.428788 
0.467875 0.31252 
0.146544 0.196879 
0.00928301 0.53125 
0.0597057 0.524705 
0.0556721 0.647729 
0.06153 0.529003 
0.0783876 0.644449 
0.0394274 0.57004 
0.0216052 0.670992 
-0.00933971 0.59375 
0.0706772 0.58879 
0.021289 0.613178 
-0.021783 0.65625 
0.0389708 0.961029 
0.167803 0.939103 
0.0433442 0.872189 
0.231319 0.572697 
0.030017 0.673384 
0.124513 0.825497 
0.736123 0.736123 
0.439103 0.667803 
0.921612 0.855551 
0.547231 0.90625 
0.555594 0.84375 
0.216326 0.64258 
0.443879 0.866327 
0.325497 0.624513 
0.43847 0.470997 
0.328362 0.659479 
0.345155 0.501444 
0.548683 0.548683 
0.84375 0.555594 
0.441269 0.71875 
0.441608 0.622096 
0.646544 0.696879 
0.536963 0.59375 
0.558731 0.78125 
0.555594 0.71875 
0.558392 0.877904 
0.628791 0.952389 
0.775787 0.905416 
0.855551 0.921612 
0.783674 0.85742 
0.840521 0.671638 
0.81252 0.967875 
0.71875 1.02178 
0.970341 0.876258 
0.829008 0.978395 
1.00934 0.90625 
0.09375 0.952769 
0.867222 0.867222 
0.859418 0.917746 
0.770813 0.665999 
0.948195 0.742338 
0.875487 0.674503 
0.927895 0.653285 
0.53125 0.53125 
0.470341 0.376258 
0.619194 0.619194 
0.78125 0.558731 
0.594584 0.224213 
0.731319 0.072697 
0.498556 0.154845 
0.540206 0.071212 
0.501822 0.217783 
0.502779 0.16281 
0.478711 0.386822 
0.510537 0.229996 
0.521289 0.238178 
0.521289 0.113178 
0.572697 0.231319 
0.532125 0.18748 
0.571212 0.0402061 
0.651886 0.151886 
0.555672 0.147729 
0.723079 0.223079 
0.632778 0.132778 
0.644449 0.0783876 
0.21875 0.0555937 
0.939103 0.167803 
0.71875 -0.0261525 
0.09375 0.0369629 
0.03125 0.03125 
0.0561207 0.133673 
0.0486832 0.0486832 
0.0369629 0.09375 
0.159733 0.159733 
0.0472315 0.15625 
0.0555937 0.21875 
0.165999 0.270813 
0.0604251 0.277711 
0.171638 0.340521 
0.0587311 0.28125 
0.236123 0.236123 
0.385711 0.475863 
0.0589575 0.211422 
0.119194 0.119194 
0.277711 0.0604251 
0.34375 0.0555937 
0.270813 0.165999 
0.196879 0.146544 
0.489128 0.145339 
0.456656 0.127811 
0.570677 0.0887898 
0.377904 0.0583923 
0.40625 0.0472315 
0.529003 0.06153 
0.418915 0.0499232 
0.46875 0.03125 
0.559706 0.0247046 
0.489463 0.270004 
0.475863 0.385711 
0.481108 0.211489 
0.452389 0.128791 
0.427303 0.268681 
0.479357 0.211176 
0.405416 0.275787 
0.326409 0.177815 
0.332197 0.060897 
0.427895 0.153285 
0.402211 0.163322 
0.446665 0.249319 
0.474368 0.191222 
0.448195 0.242338 
0.41121 0.429323 
0.35742 0.283674 
0.446813 0.414762 
0.421612 0.355551 
0.469983 0.326616 
0.4918 0.396782 
0.478395 0.329008 
0.596366 0.338101 
0.498178 0.282217 
0.64258 0.216326 
0.501444 0.345155 
0.497221 0.33719 
0.475295 0.440294 
0.282217 0.498178 
0.396782 0.4918 
0.460573 0.42996 
0.354661 0.510872 
0.470997 0.43847 
0.367222 0.367222 
0.42996 0.460573 
0.352271 0.444328 
0.417746 0.359418 
0.414762 0.446813 
0.452769 0.59375 
0.428788 0.459794 
0.461029 0.538971 
0.272516 0.390027 
0.229996 0.510537 
0.249319 0.446665 
0.355551 0.421612 
0.33719 0.497221 
0.326616 0.469983 
0.191222 0.474368 
0.177815 0.326409 
0.283674 0.35742 
0.163322 0.402211 
0.268681 0.427303 
0.359418 0.417746 
0.275787 0.405416 
0.348114 0.348114 
0.060897 0.332197 
0.0555937 0.34375 
0.211489 0.481108 
0.174503 0.375487 
0.0583923 0.377904 
0.0499232 0.418915 
0.127811 0.456656 
0.173384 0.530017 
0.128791 0.452389 
0.161899 0.403634 
0.153285 0.427895 
0.242338 0.448195 
0.03125 0.509283 
0.03125 0.46875 
0.0937132 0.490697 
0.071212 0.540206 
0.103218 0.5082 
0.0887898 0.570677 
0.16281 0.502779 
0.0937699 0.490697 
0.123742 0.529659 
0.145339 0.489128 
0.144449 0.578388 
0.154845 0.498556 
0.140582 0.582254 
0.082254 0.640582 
0.114289 0.524137 
0.147729 0.555672 
0.132778 0.632778 
0.224213 0.594584 
0.029003 0.56153 
0.0296594 0.623742 
-0.00571699 0.659118 
0.0082001 0.603218 
0.0247046 0.559706 
0.0241368 0.614289 
0.0402061 0.571212 
0.021289 0.738178 
-0.00134749 0.720953 
-0.0261525 0.71875 
0.072697 0.731319 
0.0533349 0.750681 
0.03125 0.96875 
0.051805 0.757662 
-0.021783 0.78125 
0.0963661 0.838101 
-0.00933971 0.84375 
0.081085 0.950077 
0.00928301 0.90625 
0.0721054 0.846715 
0.122096 0.941608 
0.15625 0.944406 
0.0977894 0.836678 
0.0256321 0.808778 
0.0945843 0.724213 
0.0321249 0.68748 
0.109973 0.727484 
0.229187 0.834001 
0.14258 0.716326 
0.151886 0.651886 
0.159479 0.828362 
0.173591 0.822185 
0.183457 0.735941 
0.235941 0.683457 
0.263877 0.763877 
0.441043 0.788578 
0.21875 0.941269 
0.28125 0.944406 
0.288578 0.941043 
0.40625 0.963037 
0.34375 0.952769 
0.444406 0.78125 
0.627811 0.956656 
0.303121 0.853456 
0.353456 0.803121 
0.326538 0.747025 
0.439575 0.722289 
0.380806 0.880806 
0.340267 0.840267 
0.452769 0.84375 
0.560425 0.777711 
0.338101 0.596366 
0.450077 0.581085 
0.346715 0.572105 
0.46875 0.490717 
0.547231 0.65625 
0.444406 0.65625 
0.217783 0.501822 
0.257662 0.551805 
0.250681 0.553335 
0.336678 0.597789 
0.223079 0.723079 
0.322185 0.673591 
0.371209 0.547611 
0.288511 0.518892 
0.211176 0.479357 
0.170992 0.521605 
0.261822 0.478711 
0.270004 0.489463 
0.31252 0.467875 
0.288824 0.520643 
0.329008 0.478395 
0.308778 0.525632 
0.376258 0.470341 
0.372189 0.543344 
0.386822 0.478711 
0.40623 0.509303 
0.406287 0.509303 
0.440294 0.475295 
0.556121 0.633673 
0.59375 0.536963 
0.633673 0.556121 
0.538971 0.461029 
0.696879 0.646544 
0.65625 0.444406 
0.711422 0.558957 
0.71875 0.441269 
0.777711 0.560425 
0.902211 0.663322 
0.832197 0.560897 
0.877904 0.558392 
0.661899 0.903634 
0.665999 0.770813 
0.764059 0.816543 
0.752975 0.673462 
0.816543 0.764059 
0.826409 0.677815 
0.560897 0.832197 
0.674503 0.875487 
0.673462 0.752975 
0.671638 0.840521 
0.776921 0.776921 
0.677815 0.826409 
0.663322 0.902211 
0.772516 0.890027 
0.538971 0.961029 
0.451317 0.951317 
0.653285 0.927895 
0.549923 0.918915 
0.691222 0.974368 
0.46875 0.96875 
0.53125 0.96875 
0.59375 0.990717 
0.65625 1.00934 
0.711176 0.979357 
0.761822 0.978711 
0.826616 0.969983 
0.78125 1.02615 
0.840882 1.00572 
0.742338 0.948195 
0.768681 0.927303 
0.779047 1.00135 
0.749319 0.946665 
0.91121 0.929323 
0.876258 0.970341 
0.885711 0.975863 
0.84375 1.02178 
0.852271 0.944328 
0.990717 0.96875 
0.848114 0.848114 
0.92996 0.960573 
0.914762 0.946813 
0.886822 0.978711 
0.90625 1.00934 
0.93847 0.970997 
0.896782 0.9918 
0.96875 0.990717 
0.928788 0.959794 
0.959794 0.928788 
0.940294 0.975295 
0.960573 0.92996 
0.929323 0.91121 
0.975295 0.940294 
0.946813 0.914762 
1.00572 0.840882 
0.970997 0.93847 
0.975863 0.885711 
0.9918 0.896782 
0.978711 0.886822 
0.917746 0.859418 
1.00135 0.779047 
1.02178 0.84375 
1.02615 0.78125 
0.85742 0.783674 
0.978395 0.829008 
0.905416 0.775787 
0.946665 0.749319 
0.967875 0.81252 
0.927303 0.768681 
0.944328 0.852271 
0.969983 0.826616 
0.903634 0.661899 
0.951317 0.451317 
0.918915 0.549923 
0.90625 0.547231 
0.979357 0.711176 
0.974368 0.691222 
0.961029 0.538971 
0.990717 0.59375 
0.956656 0.627811 
1.02178 0.71875 
1.00934 0.65625 
0.84375 0.452769 
0.952769 0.34375 
0.90625 0.463037 
0.96875 0.53125 
0.96875 0.46875 
0.788578 0.441043 
0.939575 0.222289 
0.944406 0.28125 
0.825497 0.124513 
0.963037 0.40625 
0.943879 0.366327 
0.944406 0.15625 
0.735941 0.183457 
0.941269 0.21875 
0.822185 0.173591 
0.840267 0.340267 
0.834001 0.229187 
0.729187 0.334001 
0.572105 0.346715 
0.747025 0.326538 
0.78125 0.444406 
0.763877 0.263877 
0.853456 0.303121 
0.803121 0.353456 
0.880806 0.380806 
0.581085 0.450077 
0.525632 0.308778 
0.71875 0.555594 
0.65625 0.547231 
0.722289 0.439575 
0.659479 0.328362 
0.509303 0.40623 
0.53125 0.46875 
0.46875 0.53125 
0.490717 0.46875 
0.59375 0.452769 
0.509303 0.406287 
0.622096 0.441608 
0.543344 0.372189 
0.518892 0.288511 
0.510872 0.354661 
0.530017 0.173384 
0.521605 0.170992 
0.520643 0.288824 
0.547611 0.371209 
0.553335 0.250681 
0.597789 0.336678 
0.624513 0.325497 
0.551805 0.257662 
0.673591 0.322185 
0.609973 0.227484 
0.716326 0.14258 
0.683457 0.235941 
0.58879 0.0706772 
0.490697 0.0937132 
0.640582 0.082254 
0.578388 0.144449 
0.68748 0.0321249 
0.724213 0.0945843 
0.461029 0.0389708 
0.509283 0.03125 
0.490697 0.0937699 
0.524705 0.0597057 
0.553187 0.0852384 
0.524137 0.114289 
0.582254 0.140582 
0.529659 0.123742 
0.53125 0.00928301 
0.539427 0.0700396 
0.56153 0.029003 
0.57004 0.0394274 
0.59375 -0.00933971 
0.613178 0.021289 
0.585238 0.0531874 
0.673384 0.030017 
0.65625 -0.021783 
0.623742 0.0296594 
0.659118 -0.00571699 
0.647729 0.0556721 
0.670992 0.0216052 
0.78125 -0.021783 
0.836678 0.0977894 
0.720953 -0.00134749 
0.738178 0.021289 
0.788824 0.0206434 
0.750681 0.0533349 
0.757662 0.051805 
0.727484 0.109973 
0.808778 0.0256321 
0.828362 0.159479 
0.838101 0.0963661 
0.941608 0.122096 
0.846715 0.0721054 
0.950077 0.081085 
0.952769 0.09375 
0.872189 0.0433442 
0.84375 -0.00933971 
0.871209 0.0476114 
0.90625 0.00928301 
0.961029 0.0389708 
0.96875 0.03125 
0.03125 -2.04588 
-2.04588 0.03125 
-1.99324 0.09375 
-1.93546 0.15625 
-1.88455 0.21875 
-1.848 0.28125 
-1.82969 0.34375 
-1.82935 0.40625 
-1.85275 0.46875 
-1.89664 0.53125 
-1.94145 0.59375 
-1.98067 0.65625 
-2.01018 0.71875 
-2.02875 0.78125 
-2.03804 0.84375 
-2.04199 0.90625 
-2.04588 0.96875 
0.09375 -1.99324 
0.03125 3.04588 
0.15625 -1.93546 
0.09375 2.97529 
0.21875 -1.88455 
0.15625 2.92046 
0.28125 -1.848 
0.21875 2.87876 
0.34375 -1.82969 
0.28125 2.85395 
0.40625 -1.82935 
0.34375 2.84595 
0.46875 -1.85275 
0.40625 2.84968 
0.53125 -1.89664 
0.46875 2.85275 
0.59375 -1.94145 
0.53125 2.85275 
0.65625 -1.98067 
0.59375 2.90452 
0.71875 -2.01018 
0.65625 2.95632 
0.78125 -2.02875 
0.71875 3.00178 
0.84375 -2.03804 
0.78125 3.03697 
0.90625 -2.04199 
0.84375 3.06083 
0.96875 -2.04588 
0.90625 3.07506 
3.04588 0.03125 
2.97529 0.09375 
2.92046 0.15625 
2.87876 0.21875 
2.85395 0.28125 
2.84595 0.34375 
2.84968 0.40625 
2.85275 0.46875 
2.85275 0.53125 
2.90452 0.59375 
2.95632 0.65625 
3.00178 0.71875 
3.03697 0.78125 
3.06083 0.84375 
3.07506 0.90625 
3.08355 0.96875 
0.96875 3.08355 
0.03125 0 
0 0 
0 0.03125 
0 0.09375 
0 0.15625 
0 0.21875 
0 0.28125 
0 0.34375 
0 0.40625 
0 0.46875 
0 0.53125 
0 0.58441 
0 0.598792 
0 0.634467 
0 0.661603 
0 0.692597 
0 0.721978 
0 0.759467 
3.46945e-18 0.785139 
0 0.83441 
0 0.848792 
0 0.90625 
0 0.96875 
0 1 
0.03125 1 
0.09375 0 
0 0.653401 
0 0.719605 
0.09375 1 
0.15625 0 
0.15625 1 
0.21875 0 
0.21875 1 
0.28125 0 
0.28125 1 
0.34375 0 
0.34375 1 
0.40625 0 
0.40625 1 
0.46875 0 
0.46875 1 
0.53125 0 
0.53125 1 
0.58441 0 
0.59375 1 
0.634467 0 
0.598792 0 
0.651208 1 
0.66559 1 
0.692597 0 
0.661603 0 
0.653401 0 
0.778022 1 
0.780395 1 
0.714861 1 
0.740533 1 
0.759467 0 
0.721978 0 
0.719605 0 
0.838397 1 
0.846599 1 
0.807403 1 
0.83441 0 
0.785139 0 
0.865533 1 
0.90625 0 
0.848792 0 
1 0.780395 
1 0.778022 
1 0.846599 
1 0.838397 
0.901208 1 
0.91559 1 
0.96875 0 
1 0.66559 
1 0.651208 
1 0.740533 
1 0.714861 
1 0.807403 
1 0.865533 
1 0.91559 
1 0.901208 
0.96875 1 
1 0 
1 0.03125 
1 0.09375 
1 0.15625 
1 0.21875 
1 0.28125 
1 0.34375 
1 0.40625 
1 0.46875 
1 0.53125 
1 0.59375 
1 0.96875 
1 1 
