# Date: 8/3/2013   Time: 11:56
# dimensions 
100 100 
# connectivity 
256
4 1 2 3 4 1 1 
4 5 6 7 8 1 1 
4 9 10 11 12 1 1 
4 13 14 15 16 1 1 
4 17 18 19 20 1 1 
4 21 22 23 24 1 1 
4 25 26 27 28 1 1 
4 29 30 31 32 1 1 
4 33 34 35 36 1 1 
4 37 38 39 40 1 1 
4 41 42 43 44 1 1 
4 45 46 47 48 1 1 
4 49 50 51 52 1 1 
4 53 54 55 56 1 1 
4 57 58 59 60 1 1 
4 61 62 63 64 1 1 
4 65 66 67 68 1 1 
4 69 70 71 72 1 1 
4 73 74 75 76 1 1 
4 77 78 79 80 1 1 
4 81 82 83 84 1 1 
4 85 86 87 88 1 1 
4 89 90 91 92 1 1 
4 93 94 95 96 1 1 
4 97 98 99 100 1 1 
4 101 102 103 104 1 1 
4 105 106 107 108 1 1 
4 109 110 111 112 1 1 
4 113 114 115 116 1 1 
4 117 118 119 120 1 1 
4 121 122 123 124 1 1 
4 125 126 127 128 1 1 
4 129 130 131 132 1 1 
4 133 134 135 136 1 1 
4 137 138 139 140 1 1 
4 141 142 143 144 1 1 
4 145 146 147 148 1 1 
4 149 150 151 152 1 1 
4 153 154 155 156 1 1 
4 157 158 159 160 1 1 
4 161 162 163 164 1 1 
4 165 166 167 168 1 1 
4 169 170 171 172 1 1 
4 173 174 175 176 1 1 
4 177 178 179 180 1 1 
4 181 182 183 184 1 1 
4 185 186 187 188 1 1 
4 189 190 191 192 1 1 
4 193 194 195 196 1 1 
4 197 198 199 200 1 1 
4 201 202 203 204 1 1 
4 205 206 207 208 1 1 
4 209 210 211 212 1 1 
4 213 214 215 216 1 1 
4 217 218 219 220 1 1 
4 221 222 223 224 1 1 
4 225 226 227 228 1 1 
4 229 230 231 232 1 1 
4 233 234 235 236 1 1 
4 237 238 239 240 1 1 
4 241 242 243 244 1 1 
4 245 246 247 248 1 1 
4 249 250 251 252 1 1 
4 253 254 255 256 1 1 
4 257 258 259 260 1 1 
4 261 262 263 264 1 1 
4 265 266 267 268 1 1 
4 269 270 271 272 1 1 
4 273 274 275 276 1 1 
4 277 278 279 280 1 1 
4 281 282 283 284 1 1 
4 285 286 287 288 1 1 
4 289 290 291 292 1 1 
4 293 294 295 296 1 1 
4 297 298 299 300 1 1 
4 301 302 303 304 1 1 
4 305 306 307 308 1 1 
4 309 310 311 312 1 1 
4 313 314 315 316 1 1 
4 317 318 319 320 1 1 
4 321 322 323 324 1 1 
4 325 326 327 328 1 1 
4 329 330 331 332 1 1 
4 333 334 335 336 1 1 
4 337 338 339 340 1 1 
4 341 342 343 344 1 1 
4 345 346 347 348 1 1 
4 349 350 351 352 1 1 
4 353 354 355 356 1 1 
4 357 358 359 360 1 1 
4 361 362 363 364 1 1 
4 365 366 367 368 1 1 
4 369 370 371 372 1 1 
4 373 374 375 376 1 1 
4 377 378 379 380 1 1 
4 381 382 383 384 1 1 
4 385 386 387 388 1 1 
4 389 390 391 392 1 1 
4 393 394 395 396 1 1 
4 397 398 399 400 1 1 
4 401 402 403 404 1 1 
4 405 406 407 408 1 1 
4 409 410 411 412 1 1 
4 413 414 415 416 1 1 
4 417 418 419 420 1 1 
4 421 422 423 424 1 1 
4 425 426 427 428 1 1 
4 429 430 431 432 1 1 
4 433 434 435 436 1 1 
4 437 438 439 440 1 1 
4 441 442 443 444 1 1 
4 445 446 447 448 1 1 
4 449 450 451 452 1 1 
4 453 454 455 456 1 1 
4 457 458 459 460 1 1 
4 461 462 463 464 1 1 
4 465 466 467 468 1 1 
4 469 470 471 472 1 1 
4 473 474 475 476 1 1 
4 477 478 479 480 1 1 
4 481 482 483 484 1 1 
4 485 486 487 488 1 1 
4 489 490 491 492 1 1 
4 493 494 495 496 1 1 
4 497 498 499 500 1 1 
4 501 502 503 504 1 1 
4 505 506 507 508 1 1 
4 509 510 511 512 1 1 
4 513 514 515 516 1 1 
4 517 518 519 520 1 1 
4 521 522 523 524 1 1 
4 525 526 527 528 1 1 
4 529 530 531 532 1 1 
4 533 534 535 536 1 1 
4 537 538 539 540 1 1 
4 541 542 543 544 1 1 
4 545 546 547 548 1 1 
4 549 550 551 552 1 1 
4 553 554 555 556 1 1 
4 557 558 559 560 1 1 
4 561 562 563 564 1 1 
4 565 566 567 568 1 1 
4 569 570 571 572 1 1 
4 573 574 575 576 1 1 
4 577 578 579 580 1 1 
4 581 582 583 584 1 1 
4 585 586 587 588 1 1 
4 589 590 591 592 1 1 
4 593 594 595 596 1 1 
4 597 598 599 600 1 1 
4 601 602 603 604 1 1 
4 605 606 607 608 1 1 
4 609 610 611 612 1 1 
4 613 614 615 616 1 1 
4 617 618 619 620 1 1 
4 621 622 623 624 1 1 
4 625 626 627 628 1 1 
4 629 630 631 632 1 1 
4 633 634 635 636 1 1 
4 637 638 639 640 1 1 
4 641 642 643 644 1 1 
4 645 646 647 648 1 1 
4 649 650 651 652 1 1 
4 653 654 655 656 1 1 
4 657 658 659 660 1 1 
4 661 662 663 664 1 1 
4 665 666 667 668 1 1 
4 669 670 671 672 1 1 
4 673 674 675 676 1 1 
4 677 678 679 680 1 1 
4 681 682 683 684 1 1 
4 685 686 687 688 1 1 
4 689 690 691 692 1 1 
4 693 694 695 696 1 1 
4 697 698 699 700 1 1 
4 701 702 703 704 1 1 
4 705 706 707 708 1 1 
4 709 710 711 712 1 1 
4 713 714 715 716 1 1 
4 717 718 719 720 1 1 
4 721 722 723 724 1 1 
4 725 726 727 728 1 1 
4 729 730 731 732 1 1 
4 733 734 735 736 1 1 
4 737 738 739 740 1 1 
4 741 742 743 744 1 1 
4 745 746 747 748 1 1 
4 749 750 751 752 1 1 
4 753 754 755 756 1 1 
4 757 758 759 760 1 1 
4 761 762 763 764 1 1 
4 765 766 767 768 1 1 
4 769 770 771 772 1 1 
4 773 774 775 776 1 1 
4 777 778 779 780 1 1 
4 781 782 783 784 1 1 
4 785 786 787 788 1 1 
4 789 790 791 792 1 1 
4 793 794 795 796 1 1 
4 797 798 799 800 1 1 
4 801 802 803 804 1 1 
4 805 806 807 808 1 1 
4 809 810 811 812 1 1 
4 813 814 815 816 1 1 
4 817 818 819 820 1 1 
4 821 822 823 824 1 1 
4 825 826 827 828 1 1 
4 829 830 831 832 1 1 
4 833 834 835 836 1 1 
4 837 838 839 840 1 1 
4 841 842 843 844 1 1 
4 845 846 847 848 1 1 
4 849 850 851 852 1 1 
4 853 854 855 856 1 1 
4 857 858 859 860 1 1 
4 861 862 863 864 1 1 
4 865 866 867 868 1 1 
4 869 870 871 872 1 1 
4 873 874 875 876 1 1 
4 877 878 879 880 1 1 
4 881 882 883 884 1 1 
4 885 886 887 888 1 1 
4 889 890 891 892 1 1 
4 893 894 895 896 1 1 
4 897 898 899 900 1 1 
4 901 902 903 904 1 1 
4 905 906 907 908 1 1 
4 909 910 911 912 1 1 
4 913 914 915 916 1 1 
4 917 918 919 920 1 1 
4 921 922 923 924 1 1 
4 925 926 927 928 1 1 
4 929 930 931 932 1 1 
4 933 934 935 936 1 1 
4 937 938 939 940 1 1 
4 941 942 943 944 1 1 
4 945 946 947 948 1 1 
4 949 950 951 952 1 1 
4 953 954 955 956 1 1 
4 957 958 959 960 1 1 
4 961 962 963 964 1 1 
4 965 966 967 968 1 1 
4 969 970 971 972 1 1 
4 973 974 975 976 1 1 
4 977 978 979 980 1 1 
4 981 982 983 984 1 1 
4 985 986 987 988 1 1 
4 989 990 991 992 1 1 
4 993 994 995 996 1 1 
4 997 998 999 1000 1 1 
4 1001 1002 1003 1004 1 1 
4 1005 1006 1007 1008 1 1 
4 1009 1010 1011 1012 1 1 
4 1013 1014 1015 1016 1 1 
4 1017 1018 1019 1020 1 1 
4 1021 1022 1023 1024 1 1 
# DG vertices (counter-clockwise) 
1024
 0 0 
 6.25 0 
 8.4467 8.4467 
 0 6.25 
 0 6.25 
 8.4467 8.4467 
 10.309 16.559 
 0 12.5 
 0 12.5 
 10.309 16.559 
 11.5533 24.0533 
 0 18.75 
 0 18.75 
 11.5533 24.0533 
 11.9903 30.7403 
 0 25 
 0 25 
 11.9903 30.7403 
 11.5533 36.5533 
 0 31.25 
 0 31.25 
 11.5533 36.5533 
 10.309 41.559 
 0 37.5 
 0 37.5 
 10.309 41.559 
 8.4467 45.9467 
 0 43.75 
 0 43.75 
 8.4467 45.9467 
 6.25 50 
 0 50 
 0 50 
 6.25 50 
 4.0533 54.0533 
 0 56.25 
 0 56.25 
 4.0533 54.0533 
 2.19103 58.441 
 0 62.5 
 0 62.5 
 2.19103 58.441 
 0.946699 63.4467 
 0 68.75 
 0 68.75 
 0.946699 63.4467 
 0.509749 69.2597 
 0 75 
 0 75 
 0.509749 69.2597 
 0.946699 75.9467 
 0 81.25 
 0 81.25 
 0.946699 75.9467 
 2.19103 83.441 
 0 87.5 
 0 87.5 
 2.19103 83.441 
 4.0533 91.5533 
 0 93.75 
 0 93.75 
 4.0533 91.5533 
 6.25 100 
 0 100 
 6.25 0 
 12.5 0 
 16.559 10.309 
 8.4467 8.4467 
 8.4467 8.4467 
 16.559 10.309 
 20 20 
 10.309 16.559 
 10.309 16.559 
 20 20 
 22.2992 28.5492 
 11.5533 24.0533 
 11.5533 24.0533 
 22.2992 28.5492 
 23.1066 35.6066 
 11.9903 30.7403 
 11.9903 30.7403 
 23.1066 35.6066 
 22.2992 41.0492 
 11.5533 36.5533 
 11.5533 36.5533 
 22.2992 41.0492 
 20 45 
 10.309 41.559 
 10.309 41.559 
 20 45 
 16.559 47.809 
 8.4467 45.9467 
 8.4467 45.9467 
 16.559 47.809 
 12.5 50 
 6.25 50 
 6.25 50 
 12.5 50 
 8.44103 52.191 
 4.0533 54.0533 
 4.0533 54.0533 
 8.44103 52.191 
 5 55 
 2.19103 58.441 
 2.19103 58.441 
 5 55 
 2.70078 58.9508 
 0.946699 63.4467 
 0.946699 63.4467 
 2.70078 58.9508 
 1.8934 64.3934 
 0.509749 69.2597 
 0.509749 69.2597 
 1.8934 64.3934 
 2.70078 71.4508 
 0.946699 75.9467 
 0.946699 75.9467 
 2.70078 71.4508 
 5 80 
 2.19103 83.441 
 2.19103 83.441 
 5 80 
 8.44103 89.691 
 4.0533 91.5533 
 4.0533 91.5533 
 8.44103 89.691 
 12.5 100 
 6.25 100 
 12.5 0 
 18.75 0 
 24.0533 11.5533 
 16.559 10.309 
 16.559 10.309 
 24.0533 11.5533 
 28.5492 22.2992 
 20 20 
 20 20 
 28.5492 22.2992 
 31.5533 31.5533 
 22.2992 28.5492 
 22.2992 28.5492 
 31.5533 31.5533 
 32.6082 38.8582 
 23.1066 35.6066 
 23.1066 35.6066 
 32.6082 38.8582 
 31.5533 44.0533 
 22.2992 41.0492 
 22.2992 41.0492 
 31.5533 44.0533 
 28.5492 47.2992 
 20 45 
 20 45 
 28.5492 47.2992 
 24.0533 49.0533 
 16.559 47.809 
 16.559 47.809 
 24.0533 49.0533 
 18.75 50 
 12.5 50 
 12.5 50 
 18.75 50 
 13.4467 50.9467 
 8.44103 52.191 
 8.44103 52.191 
 13.4467 50.9467 
 8.95078 52.7008 
 5 55 
 5 55 
 8.95078 52.7008 
 5.9467 55.9467 
 2.70078 58.9508 
 2.70078 58.9508 
 5.9467 55.9467 
 4.89181 61.1418 
 1.8934 64.3934 
 1.8934 64.3934 
 4.89181 61.1418 
 5.9467 68.4467 
 2.70078 71.4508 
 2.70078 71.4508 
 5.9467 68.4467 
 8.95078 77.7008 
 5 80 
 5 80 
 8.95078 77.7008 
 13.4467 88.4467 
 8.44103 89.691 
 8.44103 89.691 
 13.4467 88.4467 
 18.75 100 
 12.5 100 
 18.75 0 
 25 0 
 30.7403 11.9903 
 24.0533 11.5533 
 24.0533 11.5533 
 30.7403 11.9903 
 35.6066 23.1066 
 28.5492 22.2992 
 28.5492 22.2992 
 35.6066 23.1066 
 38.8582 32.6082 
 31.5533 31.5533 
 31.5533 31.5533 
 38.8582 32.6082 
 40 40 
 32.6082 38.8582 
 32.6082 38.8582 
 40 40 
 38.8582 45.1082 
 31.5533 44.0533 
 31.5533 44.0533 
 38.8582 45.1082 
 35.6066 48.1066 
 28.5492 47.2992 
 28.5492 47.2992 
 35.6066 48.1066 
 30.7403 49.4903 
 24.0533 49.0533 
 24.0533 49.0533 
 30.7403 49.4903 
 25 50 
 18.75 50 
 18.75 50 
 25 50 
 19.2597 50.5097 
 13.4467 50.9467 
 13.4467 50.9467 
 19.2597 50.5097 
 14.3934 51.8934 
 8.95078 52.7008 
 8.95078 52.7008 
 14.3934 51.8934 
 11.1418 54.8918 
 5.9467 55.9467 
 5.9467 55.9467 
 11.1418 54.8918 
 10 60 
 4.89181 61.1418 
 4.89181 61.1418 
 10 60 
 11.1418 67.3918 
 5.9467 68.4467 
 5.9467 68.4467 
 11.1418 67.3918 
 14.3934 76.8934 
 8.95078 77.7008 
 8.95078 77.7008 
 14.3934 76.8934 
 19.2597 88.0097 
 13.4467 88.4467 
 13.4467 88.4467 
 19.2597 88.0097 
 25 100 
 18.75 100 
 25 0 
 31.25 0 
 36.5533 11.5533 
 30.7403 11.9903 
 30.7403 11.9903 
 36.5533 11.5533 
 41.0492 22.2992 
 35.6066 23.1066 
 35.6066 23.1066 
 41.0492 22.2992 
 44.0533 31.5533 
 38.8582 32.6082 
 38.8582 32.6082 
 44.0533 31.5533 
 45.1082 38.8582 
 40 40 
 40 40 
 45.1082 38.8582 
 44.0533 44.0533 
 38.8582 45.1082 
 38.8582 45.1082 
 44.0533 44.0533 
 41.0492 47.2992 
 35.6066 48.1066 
 35.6066 48.1066 
 41.0492 47.2992 
 36.5533 49.0533 
 30.7403 49.4903 
 30.7403 49.4903 
 36.5533 49.0533 
 31.25 50 
 25 50 
 25 50 
 31.25 50 
 25.9467 50.9467 
 19.2597 50.5097 
 19.2597 50.5097 
 25.9467 50.9467 
 21.4508 52.7008 
 14.3934 51.8934 
 14.3934 51.8934 
 21.4508 52.7008 
 18.4467 55.9467 
 11.1418 54.8918 
 11.1418 54.8918 
 18.4467 55.9467 
 17.3918 61.1418 
 10 60 
 10 60 
 17.3918 61.1418 
 18.4467 68.4467 
 11.1418 67.3918 
 11.1418 67.3918 
 18.4467 68.4467 
 21.4508 77.7008 
 14.3934 76.8934 
 14.3934 76.8934 
 21.4508 77.7008 
 25.9467 88.4467 
 19.2597 88.0097 
 19.2597 88.0097 
 25.9467 88.4467 
 31.25 100 
 25 100 
 31.25 0 
 37.5 0 
 41.559 10.309 
 36.5533 11.5533 
 36.5533 11.5533 
 41.559 10.309 
 45 20 
 41.0492 22.2992 
 41.0492 22.2992 
 45 20 
 47.2992 28.5492 
 44.0533 31.5533 
 44.0533 31.5533 
 47.2992 28.5492 
 48.1066 35.6066 
 45.1082 38.8582 
 45.1082 38.8582 
 48.1066 35.6066 
 47.2992 41.0492 
 44.0533 44.0533 
 44.0533 44.0533 
 47.2992 41.0492 
 45 45 
 41.0492 47.2992 
 41.0492 47.2992 
 45 45 
 41.559 47.809 
 36.5533 49.0533 
 36.5533 49.0533 
 41.559 47.809 
 37.5 50 
 31.25 50 
 31.25 50 
 37.5 50 
 33.441 52.191 
 25.9467 50.9467 
 25.9467 50.9467 
 33.441 52.191 
 30 55 
 21.4508 52.7008 
 21.4508 52.7008 
 30 55 
 27.7008 58.9508 
 18.4467 55.9467 
 18.4467 55.9467 
 27.7008 58.9508 
 26.8934 64.3934 
 17.3918 61.1418 
 17.3918 61.1418 
 26.8934 64.3934 
 27.7008 71.4508 
 18.4467 68.4467 
 18.4467 68.4467 
 27.7008 71.4508 
 30 80 
 21.4508 77.7008 
 21.4508 77.7008 
 30 80 
 33.441 89.691 
 25.9467 88.4467 
 25.9467 88.4467 
 33.441 89.691 
 37.5 100 
 31.25 100 
 37.5 0 
 43.75 0 
 45.9467 8.4467 
 41.559 10.309 
 41.559 10.309 
 45.9467 8.4467 
 47.809 16.559 
 45 20 
 45 20 
 47.809 16.559 
 49.0533 24.0533 
 47.2992 28.5492 
 47.2992 28.5492 
 49.0533 24.0533 
 49.4903 30.7403 
 48.1066 35.6066 
 48.1066 35.6066 
 49.4903 30.7403 
 49.0533 36.5533 
 47.2992 41.0492 
 47.2992 41.0492 
 49.0533 36.5533 
 47.809 41.559 
 45 45 
 45 45 
 47.809 41.559 
 45.9467 45.9467 
 41.559 47.809 
 41.559 47.809 
 45.9467 45.9467 
 43.75 50 
 37.5 50 
 37.5 50 
 43.75 50 
 41.5533 54.0533 
 33.441 52.191 
 33.441 52.191 
 41.5533 54.0533 
 39.691 58.441 
 30 55 
 30 55 
 39.691 58.441 
 38.4467 63.4467 
 27.7008 58.9508 
 27.7008 58.9508 
 38.4467 63.4467 
 38.0097 69.2597 
 26.8934 64.3934 
 26.8934 64.3934 
 38.0097 69.2597 
 38.4467 75.9467 
 27.7008 71.4508 
 27.7008 71.4508 
 38.4467 75.9467 
 39.691 83.441 
 30 80 
 30 80 
 39.691 83.441 
 41.5533 91.5533 
 33.441 89.691 
 33.441 89.691 
 41.5533 91.5533 
 43.75 100 
 37.5 100 
 43.75 0 
 50 0 
 50 6.25 
 45.9467 8.4467 
 45.9467 8.4467 
 50 6.25 
 50 12.5 
 47.809 16.559 
 47.809 16.559 
 50 12.5 
 50 18.75 
 49.0533 24.0533 
 49.0533 24.0533 
 50 18.75 
 50 25 
 49.4903 30.7403 
 49.4903 30.7403 
 50 25 
 50 31.25 
 49.0533 36.5533 
 49.0533 36.5533 
 50 31.25 
 50 37.5 
 47.809 41.559 
 47.809 41.559 
 50 37.5 
 50 43.75 
 45.9467 45.9467 
 45.9467 45.9467 
 50 43.75 
 50 50 
 43.75 50 
 43.75 50 
 50 50 
 50 56.25 
 41.5533 54.0533 
 41.5533 54.0533 
 50 56.25 
 50 62.5 
 39.691 58.441 
 39.691 58.441 
 50 62.5 
 50 68.75 
 38.4467 63.4467 
 38.4467 63.4467 
 50 68.75 
 50 75 
 38.0097 69.2597 
 38.0097 69.2597 
 50 75 
 50 81.25 
 38.4467 75.9467 
 38.4467 75.9467 
 50 81.25 
 50 87.5 
 39.691 83.441 
 39.691 83.441 
 50 87.5 
 50 93.75 
 41.5533 91.5533 
 41.5533 91.5533 
 50 93.75 
 50 100 
 43.75 100 
 50 0 
 56.25 0 
 54.0533 4.0533 
 50 6.25 
 50 6.25 
 54.0533 4.0533 
 52.191 8.44103 
 50 12.5 
 50 12.5 
 52.191 8.44103 
 50.9467 13.4467 
 50 18.75 
 50 18.75 
 50.9467 13.4467 
 50.5097 19.2597 
 50 25 
 50 25 
 50.5097 19.2597 
 50.9467 25.9467 
 50 31.25 
 50 31.25 
 50.9467 25.9467 
 52.191 33.441 
 50 37.5 
 50 37.5 
 52.191 33.441 
 54.0533 41.5533 
 50 43.75 
 50 43.75 
 54.0533 41.5533 
 56.25 50 
 50 50 
 50 50 
 56.25 50 
 58.4467 58.4467 
 50 56.25 
 50 56.25 
 58.4467 58.4467 
 60.309 66.559 
 50 62.5 
 50 62.5 
 60.309 66.559 
 61.5533 74.0533 
 50 68.75 
 50 68.75 
 61.5533 74.0533 
 61.9903 80.7403 
 50 75 
 50 75 
 61.9903 80.7403 
 61.5533 86.5533 
 50 81.25 
 50 81.25 
 61.5533 86.5533 
 60.309 91.559 
 50 87.5 
 50 87.5 
 60.309 91.559 
 58.4467 95.9467 
 50 93.75 
 50 93.75 
 58.4467 95.9467 
 56.25 100 
 50 100 
 56.25 0 
 62.5 0 
 58.441 2.19103 
 54.0533 4.0533 
 54.0533 4.0533 
 58.441 2.19103 
 55 5 
 52.191 8.44103 
 52.191 8.44103 
 55 5 
 52.7008 8.95078 
 50.9467 13.4467 
 50.9467 13.4467 
 52.7008 8.95078 
 51.8934 14.3934 
 50.5097 19.2597 
 50.5097 19.2597 
 51.8934 14.3934 
 52.7008 21.4508 
 50.9467 25.9467 
 50.9467 25.9467 
 52.7008 21.4508 
 55 30 
 52.191 33.441 
 52.191 33.441 
 55 30 
 58.441 39.691 
 54.0533 41.5533 
 54.0533 41.5533 
 58.441 39.691 
 62.5 50 
 56.25 50 
 56.25 50 
 62.5 50 
 66.559 60.309 
 58.4467 58.4467 
 58.4467 58.4467 
 66.559 60.309 
 70 70 
 60.309 66.559 
 60.309 66.559 
 70 70 
 72.2992 78.5492 
 61.5533 74.0533 
 61.5533 74.0533 
 72.2992 78.5492 
 73.1066 85.6066 
 61.9903 80.7403 
 61.9903 80.7403 
 73.1066 85.6066 
 72.2992 91.0492 
 61.5533 86.5533 
 61.5533 86.5533 
 72.2992 91.0492 
 70 95 
 60.309 91.559 
 60.309 91.559 
 70 95 
 66.559 97.809 
 58.4467 95.9467 
 58.4467 95.9467 
 66.559 97.809 
 62.5 100 
 56.25 100 
 62.5 0 
 68.75 0 
 63.4467 0.946699 
 58.441 2.19103 
 58.441 2.19103 
 63.4467 0.946699 
 58.9508 2.70078 
 55 5 
 55 5 
 58.9508 2.70078 
 55.9467 5.9467 
 52.7008 8.95078 
 52.7008 8.95078 
 55.9467 5.9467 
 54.8918 11.1418 
 51.8934 14.3934 
 51.8934 14.3934 
 54.8918 11.1418 
 55.9467 18.4467 
 52.7008 21.4508 
 52.7008 21.4508 
 55.9467 18.4467 
 58.9508 27.7008 
 55 30 
 55 30 
 58.9508 27.7008 
 63.4467 38.4467 
 58.441 39.691 
 58.441 39.691 
 63.4467 38.4467 
 68.75 50 
 62.5 50 
 62.5 50 
 68.75 50 
 74.0533 61.5533 
 66.559 60.309 
 66.559 60.309 
 74.0533 61.5533 
 78.5492 72.2992 
 70 70 
 70 70 
 78.5492 72.2992 
 81.5533 81.5533 
 72.2992 78.5492 
 72.2992 78.5492 
 81.5533 81.5533 
 82.6082 88.8582 
 73.1066 85.6066 
 73.1066 85.6066 
 82.6082 88.8582 
 81.5533 94.0533 
 72.2992 91.0492 
 72.2992 91.0492 
 81.5533 94.0533 
 78.5492 97.2992 
 70 95 
 70 95 
 78.5492 97.2992 
 74.0533 99.0533 
 66.559 97.809 
 66.559 97.809 
 74.0533 99.0533 
 68.75 100 
 62.5 100 
 68.75 0 
 75 0 
 69.2597 0.509749 
 63.4467 0.946699 
 63.4467 0.946699 
 69.2597 0.509749 
 64.3934 1.8934 
 58.9508 2.70078 
 58.9508 2.70078 
 64.3934 1.8934 
 61.1418 4.89181 
 55.9467 5.9467 
 55.9467 5.9467 
 61.1418 4.89181 
 60 10 
 54.8918 11.1418 
 54.8918 11.1418 
 60 10 
 61.1418 17.3918 
 55.9467 18.4467 
 55.9467 18.4467 
 61.1418 17.3918 
 64.3934 26.8934 
 58.9508 27.7008 
 58.9508 27.7008 
 64.3934 26.8934 
 69.2597 38.0097 
 63.4467 38.4467 
 63.4467 38.4467 
 69.2597 38.0097 
 75 50 
 68.75 50 
 68.75 50 
 75 50 
 80.7403 61.9903 
 74.0533 61.5533 
 74.0533 61.5533 
 80.7403 61.9903 
 85.6066 73.1066 
 78.5492 72.2992 
 78.5492 72.2992 
 85.6066 73.1066 
 88.8582 82.6082 
 81.5533 81.5533 
 81.5533 81.5533 
 88.8582 82.6082 
 90 90 
 82.6082 88.8582 
 82.6082 88.8582 
 90 90 
 88.8582 95.1082 
 81.5533 94.0533 
 81.5533 94.0533 
 88.8582 95.1082 
 85.6066 98.1066 
 78.5492 97.2992 
 78.5492 97.2992 
 85.6066 98.1066 
 80.7403 99.4903 
 74.0533 99.0533 
 74.0533 99.0533 
 80.7403 99.4903 
 75 100 
 68.75 100 
 75 0 
 81.25 0 
 75.9467 0.946699 
 69.2597 0.509749 
 69.2597 0.509749 
 75.9467 0.946699 
 71.4508 2.70078 
 64.3934 1.8934 
 64.3934 1.8934 
 71.4508 2.70078 
 68.4467 5.9467 
 61.1418 4.89181 
 61.1418 4.89181 
 68.4467 5.9467 
 67.3918 11.1418 
 60 10 
 60 10 
 67.3918 11.1418 
 68.4467 18.4467 
 61.1418 17.3918 
 61.1418 17.3918 
 68.4467 18.4467 
 71.4508 27.7008 
 64.3934 26.8934 
 64.3934 26.8934 
 71.4508 27.7008 
 75.9467 38.4467 
 69.2597 38.0097 
 69.2597 38.0097 
 75.9467 38.4467 
 81.25 50 
 75 50 
 75 50 
 81.25 50 
 86.5533 61.5533 
 80.7403 61.9903 
 80.7403 61.9903 
 86.5533 61.5533 
 91.0492 72.2992 
 85.6066 73.1066 
 85.6066 73.1066 
 91.0492 72.2992 
 94.0533 81.5533 
 88.8582 82.6082 
 88.8582 82.6082 
 94.0533 81.5533 
 95.1082 88.8582 
 90 90 
 90 90 
 95.1082 88.8582 
 94.0533 94.0533 
 88.8582 95.1082 
 88.8582 95.1082 
 94.0533 94.0533 
 91.0492 97.2992 
 85.6066 98.1066 
 85.6066 98.1066 
 91.0492 97.2992 
 86.5533 99.0533 
 80.7403 99.4903 
 80.7403 99.4903 
 86.5533 99.0533 
 81.25 100 
 75 100 
 81.25 0 
 87.5 0 
 83.441 2.19103 
 75.9467 0.946699 
 75.9467 0.946699 
 83.441 2.19103 
 80 5 
 71.4508 2.70078 
 71.4508 2.70078 
 80 5 
 77.7008 8.95078 
 68.4467 5.9467 
 68.4467 5.9467 
 77.7008 8.95078 
 76.8934 14.3934 
 67.3918 11.1418 
 67.3918 11.1418 
 76.8934 14.3934 
 77.7008 21.4508 
 68.4467 18.4467 
 68.4467 18.4467 
 77.7008 21.4508 
 80 30 
 71.4508 27.7008 
 71.4508 27.7008 
 80 30 
 83.441 39.691 
 75.9467 38.4467 
 75.9467 38.4467 
 83.441 39.691 
 87.5 50 
 81.25 50 
 81.25 50 
 87.5 50 
 91.559 60.309 
 86.5533 61.5533 
 86.5533 61.5533 
 91.559 60.309 
 95 70 
 91.0492 72.2992 
 91.0492 72.2992 
 95 70 
 97.2992 78.5492 
 94.0533 81.5533 
 94.0533 81.5533 
 97.2992 78.5492 
 98.1066 85.6066 
 95.1082 88.8582 
 95.1082 88.8582 
 98.1066 85.6066 
 97.2992 91.0492 
 94.0533 94.0533 
 94.0533 94.0533 
 97.2992 91.0492 
 95 95 
 91.0492 97.2992 
 91.0492 97.2992 
 95 95 
 91.559 97.809 
 86.5533 99.0533 
 86.5533 99.0533 
 91.559 97.809 
 87.5 100 
 81.25 100 
 87.5 0 
 93.75 0 
 91.5533 4.0533 
 83.441 2.19103 
 83.441 2.19103 
 91.5533 4.0533 
 89.691 8.44103 
 80 5 
 80 5 
 89.691 8.44103 
 88.4467 13.4467 
 77.7008 8.95078 
 77.7008 8.95078 
 88.4467 13.4467 
 88.0097 19.2597 
 76.8934 14.3934 
 76.8934 14.3934 
 88.0097 19.2597 
 88.4467 25.9467 
 77.7008 21.4508 
 77.7008 21.4508 
 88.4467 25.9467 
 89.691 33.441 
 80 30 
 80 30 
 89.691 33.441 
 91.5533 41.5533 
 83.441 39.691 
 83.441 39.691 
 91.5533 41.5533 
 93.75 50 
 87.5 50 
 87.5 50 
 93.75 50 
 95.9467 58.4467 
 91.559 60.309 
 91.559 60.309 
 95.9467 58.4467 
 97.809 66.559 
 95 70 
 95 70 
 97.809 66.559 
 99.0533 74.0533 
 97.2992 78.5492 
 97.2992 78.5492 
 99.0533 74.0533 
 99.4903 80.7403 
 98.1066 85.6066 
 98.1066 85.6066 
 99.4903 80.7403 
 99.0533 86.5533 
 97.2992 91.0492 
 97.2992 91.0492 
 99.0533 86.5533 
 97.809 91.559 
 95 95 
 95 95 
 97.809 91.559 
 95.9467 95.9467 
 91.559 97.809 
 91.559 97.809 
 95.9467 95.9467 
 93.75 100 
 87.5 100 
 93.75 0 
 100 0 
 100 6.25 
 91.5533 4.0533 
 91.5533 4.0533 
 100 6.25 
 100 12.5 
 89.691 8.44103 
 89.691 8.44103 
 100 12.5 
 100 18.75 
 88.4467 13.4467 
 88.4467 13.4467 
 100 18.75 
 100 25 
 88.0097 19.2597 
 88.0097 19.2597 
 100 25 
 100 31.25 
 88.4467 25.9467 
 88.4467 25.9467 
 100 31.25 
 100 37.5 
 89.691 33.441 
 89.691 33.441 
 100 37.5 
 100 43.75 
 91.5533 41.5533 
 91.5533 41.5533 
 100 43.75 
 100 50 
 93.75 50 
 93.75 50 
 100 50 
 100 56.25 
 95.9467 58.4467 
 95.9467 58.4467 
 100 56.25 
 100 62.5 
 97.809 66.559 
 97.809 66.559 
 100 62.5 
 100 68.75 
 99.0533 74.0533 
 99.0533 74.0533 
 100 68.75 
 100 75 
 99.4903 80.7403 
 99.4903 80.7403 
 100 75 
 100 81.25 
 99.0533 86.5533 
 99.0533 86.5533 
 100 81.25 
 100 87.5 
 97.809 91.559 
 97.809 91.559 
 100 87.5 
 100 93.75 
 95.9467 95.9467 
 95.9467 95.9467 
 100 93.75 
 100 100 
 93.75 100 
# grid vertices (counter-clockwise) 
289
0 0 
0 6.25 
0 12.5 
0 18.75 
0 25 
0 31.25 
0 37.5 
0 43.75 
0 50 
0 56.25 
0 62.5 
0 68.75 
0 75 
0 81.25 
0 87.5 
0 93.75 
0 100 
6.25 0 
8.4467 8.4467 
10.309 16.559 
11.5533 24.0533 
11.9903 30.7403 
11.5533 36.5533 
10.309 41.559 
8.4467 45.9467 
6.25 50 
4.0533 54.0533 
2.19103 58.441 
0.946699 63.4467 
0.509749 69.2597 
0.946699 75.9467 
2.19103 83.441 
4.0533 91.5533 
6.25 100 
12.5 0 
16.559 10.309 
20 20 
22.2992 28.5492 
23.1066 35.6066 
22.2992 41.0492 
20 45 
16.559 47.809 
12.5 50 
8.44103 52.191 
5 55 
2.70078 58.9508 
1.8934 64.3934 
2.70078 71.4508 
5 80 
8.44103 89.691 
12.5 100 
18.75 0 
24.0533 11.5533 
28.5492 22.2992 
31.5533 31.5533 
32.6082 38.8582 
31.5533 44.0533 
28.5492 47.2992 
24.0533 49.0533 
18.75 50 
13.4467 50.9467 
8.95078 52.7008 
5.9467 55.9467 
4.89181 61.1418 
5.9467 68.4467 
8.95078 77.7008 
13.4467 88.4467 
18.75 100 
25 0 
30.7403 11.9903 
35.6066 23.1066 
38.8582 32.6082 
40 40 
38.8582 45.1082 
35.6066 48.1066 
30.7403 49.4903 
25 50 
19.2597 50.5097 
14.3934 51.8934 
11.1418 54.8918 
10 60 
11.1418 67.3918 
14.3934 76.8934 
19.2597 88.0097 
25 100 
31.25 0 
36.5533 11.5533 
41.0492 22.2992 
44.0533 31.5533 
45.1082 38.8582 
44.0533 44.0533 
41.0492 47.2992 
36.5533 49.0533 
31.25 50 
25.9467 50.9467 
21.4508 52.7008 
18.4467 55.9467 
17.3918 61.1418 
18.4467 68.4467 
21.4508 77.7008 
25.9467 88.4467 
31.25 100 
37.5 0 
41.559 10.309 
45 20 
47.2992 28.5492 
48.1066 35.6066 
47.2992 41.0492 
45 45 
41.559 47.809 
37.5 50 
33.441 52.191 
30 55 
27.7008 58.9508 
26.8934 64.3934 
27.7008 71.4508 
30 80 
33.441 89.691 
37.5 100 
43.75 0 
45.9467 8.4467 
47.809 16.559 
49.0533 24.0533 
49.4903 30.7403 
49.0533 36.5533 
47.809 41.559 
45.9467 45.9467 
43.75 50 
41.5533 54.0533 
39.691 58.441 
38.4467 63.4467 
38.0097 69.2597 
38.4467 75.9467 
39.691 83.441 
41.5533 91.5533 
43.75 100 
50 0 
50 6.25 
50 12.5 
50 18.75 
50 25 
50 31.25 
50 37.5 
50 43.75 
50 50 
50 56.25 
50 62.5 
50 68.75 
50 75 
50 81.25 
50 87.5 
50 93.75 
50 100 
56.25 0 
54.0533 4.0533 
52.191 8.44103 
50.9467 13.4467 
50.5097 19.2597 
50.9467 25.9467 
52.191 33.441 
54.0533 41.5533 
56.25 50 
58.4467 58.4467 
60.309 66.559 
61.5533 74.0533 
61.9903 80.7403 
61.5533 86.5533 
60.309 91.559 
58.4467 95.9467 
56.25 100 
62.5 0 
58.441 2.19103 
55 5 
52.7008 8.95078 
51.8934 14.3934 
52.7008 21.4508 
55 30 
58.441 39.691 
62.5 50 
66.559 60.309 
70 70 
72.2992 78.5492 
73.1066 85.6066 
72.2992 91.0492 
70 95 
66.559 97.809 
62.5 100 
68.75 0 
63.4467 0.946699 
58.9508 2.70078 
55.9467 5.9467 
54.8918 11.1418 
55.9467 18.4467 
58.9508 27.7008 
63.4467 38.4467 
68.75 50 
74.0533 61.5533 
78.5492 72.2992 
81.5533 81.5533 
82.6082 88.8582 
81.5533 94.0533 
78.5492 97.2992 
74.0533 99.0533 
68.75 100 
75 0 
69.2597 0.509749 
64.3934 1.8934 
61.1418 4.89181 
60 10 
61.1418 17.3918 
64.3934 26.8934 
69.2597 38.0097 
75 50 
80.7403 61.9903 
85.6066 73.1066 
88.8582 82.6082 
90 90 
88.8582 95.1082 
85.6066 98.1066 
80.7403 99.4903 
75 100 
81.25 0 
75.9467 0.946699 
71.4508 2.70078 
68.4467 5.9467 
67.3918 11.1418 
68.4467 18.4467 
71.4508 27.7008 
75.9467 38.4467 
81.25 50 
86.5533 61.5533 
91.0492 72.2992 
94.0533 81.5533 
95.1082 88.8582 
94.0533 94.0533 
91.0492 97.2992 
86.5533 99.0533 
81.25 100 
87.5 0 
83.441 2.19103 
80 5 
77.7008 8.95078 
76.8934 14.3934 
77.7008 21.4508 
80 30 
83.441 39.691 
87.5 50 
91.559 60.309 
95 70 
97.2992 78.5492 
98.1066 85.6066 
97.2992 91.0492 
95 95 
91.559 97.809 
87.5 100 
93.75 0 
91.5533 4.0533 
89.691 8.44103 
88.4467 13.4467 
88.0097 19.2597 
88.4467 25.9467 
89.691 33.441 
91.5533 41.5533 
93.75 50 
95.9467 58.4467 
97.809 66.559 
99.0533 74.0533 
99.4903 80.7403 
99.0533 86.5533 
97.809 91.559 
95.9467 95.9467 
93.75 100 
100 0 
100 6.25 
100 12.5 
100 18.75 
100 25 
100 31.25 
100 37.5 
100 43.75 
100 50 
100 56.25 
100 62.5 
100 68.75 
100 75 
100 81.25 
100 87.5 
100 93.75 
100 100 
