# Date: 8/3/2013   Time: 11:56
# dimensions 
100 100 
# connectivity 
64
4 1 2 3 4 1 1 
4 5 6 7 8 1 1 
4 9 10 11 12 1 1 
4 13 14 15 16 1 1 
4 17 18 19 20 1 1 
4 21 22 23 24 1 1 
4 25 26 27 28 1 1 
4 29 30 31 32 1 1 
4 33 34 35 36 1 1 
4 37 38 39 40 1 1 
4 41 42 43 44 1 1 
4 45 46 47 48 1 1 
4 49 50 51 52 1 1 
4 53 54 55 56 1 1 
4 57 58 59 60 1 1 
4 61 62 63 64 1 1 
4 65 66 67 68 1 1 
4 69 70 71 72 1 1 
4 73 74 75 76 1 1 
4 77 78 79 80 1 1 
4 81 82 83 84 1 1 
4 85 86 87 88 1 1 
4 89 90 91 92 1 1 
4 93 94 95 96 1 1 
4 97 98 99 100 1 1 
4 101 102 103 104 1 1 
4 105 106 107 108 1 1 
4 109 110 111 112 1 1 
4 113 114 115 116 1 1 
4 117 118 119 120 1 1 
4 121 122 123 124 1 1 
4 125 126 127 128 1 1 
4 129 130 131 132 1 1 
4 133 134 135 136 1 1 
4 137 138 139 140 1 1 
4 141 142 143 144 1 1 
4 145 146 147 148 1 1 
4 149 150 151 152 1 1 
4 153 154 155 156 1 1 
4 157 158 159 160 1 1 
4 161 162 163 164 1 1 
4 165 166 167 168 1 1 
4 169 170 171 172 1 1 
4 173 174 175 176 1 1 
4 177 178 179 180 1 1 
4 181 182 183 184 1 1 
4 185 186 187 188 1 1 
4 189 190 191 192 1 1 
4 193 194 195 196 1 1 
4 197 198 199 200 1 1 
4 201 202 203 204 1 1 
4 205 206 207 208 1 1 
4 209 210 211 212 1 1 
4 213 214 215 216 1 1 
4 217 218 219 220 1 1 
4 221 222 223 224 1 1 
4 225 226 227 228 1 1 
4 229 230 231 232 1 1 
4 233 234 235 236 1 1 
4 237 238 239 240 1 1 
4 241 242 243 244 1 1 
4 245 246 247 248 1 1 
4 249 250 251 252 1 1 
4 253 254 255 256 1 1 
# DG vertices (counter-clockwise) 
256
 0 0 
 12.5 0 
 20 20 
 0 12.5 
 0 12.5 
 20 20 
 23.1066 35.6066 
 0 25 
 0 25 
 23.1066 35.6066 
 20 45 
 0 37.5 
 0 37.5 
 20 45 
 12.5 50 
 0 50 
 0 50 
 12.5 50 
 5 55 
 0 62.5 
 0 62.5 
 5 55 
 1.8934 64.3934 
 0 75 
 0 75 
 1.8934 64.3934 
 5 80 
 0 87.5 
 0 87.5 
 5 80 
 12.5 100 
 0 100 
 12.5 0 
 25 0 
 35.6066 23.1066 
 20 20 
 20 20 
 35.6066 23.1066 
 40 40 
 23.1066 35.6066 
 23.1066 35.6066 
 40 40 
 35.6066 48.1066 
 20 45 
 20 45 
 35.6066 48.1066 
 25 50 
 12.5 50 
 12.5 50 
 25 50 
 14.3934 51.8934 
 5 55 
 5 55 
 14.3934 51.8934 
 10 60 
 1.8934 64.3934 
 1.8934 64.3934 
 10 60 
 14.3934 76.8934 
 5 80 
 5 80 
 14.3934 76.8934 
 25 100 
 12.5 100 
 25 0 
 37.5 0 
 45 20 
 35.6066 23.1066 
 35.6066 23.1066 
 45 20 
 48.1066 35.6066 
 40 40 
 40 40 
 48.1066 35.6066 
 45 45 
 35.6066 48.1066 
 35.6066 48.1066 
 45 45 
 37.5 50 
 25 50 
 25 50 
 37.5 50 
 30 55 
 14.3934 51.8934 
 14.3934 51.8934 
 30 55 
 26.8934 64.3934 
 10 60 
 10 60 
 26.8934 64.3934 
 30 80 
 14.3934 76.8934 
 14.3934 76.8934 
 30 80 
 37.5 100 
 25 100 
 37.5 0 
 50 0 
 50 12.5 
 45 20 
 45 20 
 50 12.5 
 50 25 
 48.1066 35.6066 
 48.1066 35.6066 
 50 25 
 50 37.5 
 45 45 
 45 45 
 50 37.5 
 50 50 
 37.5 50 
 37.5 50 
 50 50 
 50 62.5 
 30 55 
 30 55 
 50 62.5 
 50 75 
 26.8934 64.3934 
 26.8934 64.3934 
 50 75 
 50 87.5 
 30 80 
 30 80 
 50 87.5 
 50 100 
 37.5 100 
 50 0 
 62.5 0 
 55 5 
 50 12.5 
 50 12.5 
 55 5 
 51.8934 14.3934 
 50 25 
 50 25 
 51.8934 14.3934 
 55 30 
 50 37.5 
 50 37.5 
 55 30 
 62.5 50 
 50 50 
 50 50 
 62.5 50 
 70 70 
 50 62.5 
 50 62.5 
 70 70 
 73.1066 85.6066 
 50 75 
 50 75 
 73.1066 85.6066 
 70 95 
 50 87.5 
 50 87.5 
 70 95 
 62.5 100 
 50 100 
 62.5 0 
 75 0 
 64.3934 1.8934 
 55 5 
 55 5 
 64.3934 1.8934 
 60 10 
 51.8934 14.3934 
 51.8934 14.3934 
 60 10 
 64.3934 26.8934 
 55 30 
 55 30 
 64.3934 26.8934 
 75 50 
 62.5 50 
 62.5 50 
 75 50 
 85.6066 73.1066 
 70 70 
 70 70 
 85.6066 73.1066 
 90 90 
 73.1066 85.6066 
 73.1066 85.6066 
 90 90 
 85.6066 98.1066 
 70 95 
 70 95 
 85.6066 98.1066 
 75 100 
 62.5 100 
 75 0 
 87.5 0 
 80 5 
 64.3934 1.8934 
 64.3934 1.8934 
 80 5 
 76.8934 14.3934 
 60 10 
 60 10 
 76.8934 14.3934 
 80 30 
 64.3934 26.8934 
 64.3934 26.8934 
 80 30 
 87.5 50 
 75 50 
 75 50 
 87.5 50 
 95 70 
 85.6066 73.1066 
 85.6066 73.1066 
 95 70 
 98.1066 85.6066 
 90 90 
 90 90 
 98.1066 85.6066 
 95 95 
 85.6066 98.1066 
 85.6066 98.1066 
 95 95 
 87.5 100 
 75 100 
 87.5 0 
 100 0 
 100 12.5 
 80 5 
 80 5 
 100 12.5 
 100 25 
 76.8934 14.3934 
 76.8934 14.3934 
 100 25 
 100 37.5 
 80 30 
 80 30 
 100 37.5 
 100 50 
 87.5 50 
 87.5 50 
 100 50 
 100 62.5 
 95 70 
 95 70 
 100 62.5 
 100 75 
 98.1066 85.6066 
 98.1066 85.6066 
 100 75 
 100 87.5 
 95 95 
 95 95 
 100 87.5 
 100 100 
 87.5 100 
# grid vertices (counter-clockwise) 
81
0 0 
0 12.5 
0 25 
0 37.5 
0 50 
0 62.5 
0 75 
0 87.5 
0 100 
12.5 0 
20 20 
23.1066 35.6066 
20 45 
12.5 50 
5 55 
1.8934 64.3934 
5 80 
12.5 100 
25 0 
35.6066 23.1066 
40 40 
35.6066 48.1066 
25 50 
14.3934 51.8934 
10 60 
14.3934 76.8934 
25 100 
37.5 0 
45 20 
48.1066 35.6066 
45 45 
37.5 50 
30 55 
26.8934 64.3934 
30 80 
37.5 100 
50 0 
50 12.5 
50 25 
50 37.5 
50 50 
50 62.5 
50 75 
50 87.5 
50 100 
62.5 0 
55 5 
51.8934 14.3934 
55 30 
62.5 50 
70 70 
73.1066 85.6066 
70 95 
62.5 100 
75 0 
64.3934 1.8934 
60 10 
64.3934 26.8934 
75 50 
85.6066 73.1066 
90 90 
85.6066 98.1066 
75 100 
87.5 0 
80 5 
76.8934 14.3934 
80 30 
87.5 50 
95 70 
98.1066 85.6066 
95 95 
87.5 100 
100 0 
100 12.5 
100 25 
100 37.5 
100 50 
100 62.5 
100 75 
100 87.5 
100 100 
