# Date: 8/4/2013   Time: 8:50
# dimensions 
1 1 
# connectivity 
81
4  1  2  3  4    1 1 
5  5  6  7  8  9    1 1 
5  10  11  12  13  14    1 1 
6  15  16  17  18  19  20    1 1 
4  21  22  23  24    1 1 
3  25  26  27    1 1 
4  28  29  30  31    1 1 
4  32  33  34  35    1 1 
4  36  37  38  39    1 1 
5  40  41  42  43  44    1 1 
6  45  46  47  48  49  50    1 1 
8  51  52  53  54  55  56  57  58    1 1 
5  59  60  61  62  63    1 1 
5  64  65  66  67  68    1 1 
7  69  70  71  72  73  74  75    1 1 
6  76  77  78  79  80  81    1 1 
5  82  83  84  85  86    1 1 
6  87  88  89  90  91  92    1 1 
5  93  94  95  96  97    1 1 
8  98  99  100  101  102  103  104  105    1 1 
5  106  107  108  109  110    1 1 
6  111  112  113  114  115  116    1 1 
6  117  118  119  120  121  122    1 1 
6  123  124  125  126  127  128    1 1 
5  129  130  131  132  133    1 1 
8  134  135  136  137  138  139  140  141    1 1 
5  142  143  144  145  146    1 1 
6  147  148  149  150  151  152    1 1 
5  153  154  155  156  157    1 1 
6  158  159  160  161  162  163    1 1 
6  164  165  166  167  168  169    1 1 
5  170  171  172  173  174    1 1 
5  175  176  177  178  179    1 1 
8  180  181  182  183  184  185  186  187    1 1 
6  188  189  190  191  192  193    1 1 
5  194  195  196  197  198    1 1 
4  199  200  201  202    1 1 
5  203  204  205  206  207    1 1 
6  208  209  210  211  212  213    1 1 
5  214  215  216  217  218    1 1 
5  219  220  221  222  223    1 1 
7  224  225  226  227  228  229  230    1 1 
6  231  232  233  234  235  236    1 1 
7  237  238  239  240  241  242  243    1 1 
4  244  245  246  247    1 1 
3  248  249  250    1 1 
7  251  252  253  254  255  256  257    1 1 
6  258  259  260  261  262  263    1 1 
5  264  265  266  267  268    1 1 
7  269  270  271  272  273  274  275    1 1 
6  276  277  278  279  280  281    1 1 
8  282  283  284  285  286  287  288  289    1 1 
5  290  291  292  293  294    1 1 
4  295  296  297  298    1 1 
4  299  300  301  302    1 1 
6  303  304  305  306  307  308    1 1 
5  309  310  311  312  313    1 1 
8  314  315  316  317  318  319  320  321    1 1 
6  322  323  324  325  326  327    1 1 
8  328  329  330  331  332  333  334  335    1 1 
5  336  337  338  339  340    1 1 
6  341  342  343  344  345  346    1 1 
4  347  348  349  350    1 1 
4  351  352  353  354    1 1 
5  355  356  357  358  359    1 1 
8  360  361  362  363  364  365  366  367    1 1 
6  368  369  370  371  372  373    1 1 
7  374  375  376  377  378  379  380    1 1 
5  381  382  383  384  385    1 1 
6  386  387  388  389  390  391    1 1 
8  392  393  394  395  396  397  398  399    1 1 
3  400  401  402    1 1 
4  403  404  405  406    1 1 
6  407  408  409  410  411  412    1 1 
5  413  414  415  416  417    1 1 
5  418  419  420  421  422    1 1 
4  423  424  425  426    1 1 
4  427  428  429  430    1 1 
4  431  432  433  434    1 1 
3  435  436  437    1 1 
3  438  439  440    1 1 
# DG vertices (counter-clockwise) 
440
0  0  
0.0625  0  
0.0625  0.0625  
0  0.0625  
0  0.0625  
0.0625  0.0625  
0.117045  0.117045  
0.090625  0.1875  
0  0.1875  
0  0.1875  
0.090625  0.1875  
0.118107  0.297426  
0.111187  0.3125  
0  0.3125  
0  0.3125  
0.111187  0.3125  
0.115906  0.370084  
0.1075  0.3925  
0.0625  0.4375  
0  0.4375  
0  0.4375  
0.0625  0.4375  
0.0625  0.4875  
0  0.55  
0  0.570833  
0.0438604  0.600074  
0  0.643934  
0  0.695277  
0.078566  0.709302  
0.0767284  0.723272  
0  0.8  
0  0.820833  
0.1075  0.8925  
0.0625  0.9375  
0  0.9375  
0  0.9375  
0.0625  0.9375  
0.0625  1  
0  1  
0.0625  0  
0.1875  0  
0.1875  0.090625  
0.117045  0.117045  
0.0625  0.0625  
0.117045  0.117045  
0.1875  0.090625  
0.297426  0.118107  
0.267657  0.267657  
0.118107  0.297426  
0.090625  0.1875  
0.111187  0.3125  
0.118107  0.297426  
0.267657  0.267657  
0.328432  0.328432  
0.309008  0.403124  
0.290698  0.421434  
0.276728  0.423272  
0.115906  0.370084  
0.1075  0.3925  
0.115906  0.370084  
0.276728  0.423272  
0.195992  0.504008  
0.165074  0.47886  
0.0625  0.4375  
0.1075  0.3925  
0.165074  0.47886  
0.100074  0.54386  
0.0625  0.4875  
0  0.55  
0.0625  0.4875  
0.100074  0.54386  
0.101581  0.548419  
0.0484188  0.601581  
0.0438604  0.600074  
0  0.570833  
0  0.643934  
0.0438604  0.600074  
0.0484188  0.601581  
0.0968755  0.690992  
0.078566  0.709302  
0  0.695277  
0  0.820833  
0  0.8  
0.0767284  0.723272  
0.129916  0.884094  
0.1075  0.8925  
0.1075  0.8925  
0.129916  0.884094  
0.1875  0.888813  
0.1875  1  
0.0625  1  
0.0625  0.9375  
0.1875  0  
0.3125  0  
0.3125  0.111187  
0.297426  0.118107  
0.1875  0.090625  
0.297426  0.118107  
0.3125  0.111187  
0.370084  0.115906  
0.423272  0.276728  
0.421434  0.290698  
0.403124  0.309008  
0.328432  0.328432  
0.267657  0.267657  
0.328432  0.328432  
0.403124  0.309008  
0.451581  0.398419  
0.398419  0.451581  
0.309008  0.403124  
0.290698  0.421434  
0.309008  0.403124  
0.398419  0.451581  
0.399926  0.45614  
0.334926  0.52114  
0.304008  0.495992  
0.276728  0.423272  
0.290698  0.421434  
0.304008  0.495992  
0.223272  0.576728  
0.209302  0.578566  
0.195992  0.504008  
0.165074  0.47886  
0.195992  0.504008  
0.209302  0.578566  
0.190992  0.596876  
0.101581  0.548419  
0.100074  0.54386  
0.0484188  0.601581  
0.101581  0.548419  
0.190992  0.596876  
0.171568  0.671568  
0.0968755  0.690992  
0.0767284  0.723272  
0.078566  0.709302  
0.0968755  0.690992  
0.171568  0.671568  
0.232343  0.732343  
0.202574  0.881893  
0.1875  0.888813  
0.129916  0.884094  
0.1875  0.888813  
0.202574  0.881893  
0.3125  0.909375  
0.3125  1  
0.1875  1  
0.3125  0  
0.4375  0  
0.4375  0.0625  
0.3925  0.1075  
0.370084  0.115906  
0.3125  0.111187  
0.370084  0.115906  
0.3925  0.1075  
0.47886  0.165074  
0.504008  0.195992  
0.423272  0.276728  
0.403124  0.309008  
0.421434  0.290698  
0.495992  0.304008  
0.52114  0.334926  
0.45614  0.399926  
0.451581  0.398419  
0.451581  0.398419  
0.45614  0.399926  
0.5125  0.4375  
0.4375  0.5125  
0.399926  0.45614  
0.398419  0.451581  
0.334926  0.52114  
0.399926  0.45614  
0.4375  0.5125  
0.4375  0.5625  
0.3925  0.6075  
0.304008  0.495992  
0.334926  0.52114  
0.3925  0.6075  
0.384094  0.629916  
0.223272  0.576728  
0.190992  0.596876  
0.209302  0.578566  
0.223272  0.576728  
0.384094  0.629916  
0.388813  0.6875  
0.381893  0.702574  
0.232343  0.732343  
0.171568  0.671568  
0.232343  0.732343  
0.381893  0.702574  
0.409375  0.8125  
0.382955  0.882955  
0.3125  0.909375  
0.202574  0.881893  
0.3125  0.909375  
0.382955  0.882955  
0.4375  0.9375  
0.4375  1  
0.3125  1  
0.4375  0  
0.55  0  
0.4875  0.0625  
0.4375  0.0625  
0.4375  0.0625  
0.4875  0.0625  
0.54386  0.100074  
0.47886  0.165074  
0.3925  0.1075  
0.504008  0.195992  
0.578566  0.209302  
0.576728  0.223272  
0.495992  0.304008  
0.421434  0.290698  
0.423272  0.276728  
0.45614  0.399926  
0.52114  0.334926  
0.6075  0.3925  
0.5625  0.4375  
0.5125  0.4375  
0.5125  0.4375  
0.5625  0.4375  
0.5625  0.5625  
0.4375  0.5625  
0.4375  0.5125  
0.3925  0.6075  
0.4375  0.5625  
0.5625  0.5625  
0.617045  0.617045  
0.590625  0.6875  
0.388813  0.6875  
0.384094  0.629916  
0.381893  0.702574  
0.388813  0.6875  
0.590625  0.6875  
0.618107  0.797426  
0.611187  0.8125  
0.409375  0.8125  
0.409375  0.8125  
0.611187  0.8125  
0.615906  0.870084  
0.6075  0.8925  
0.5625  0.9375  
0.4375  0.9375  
0.382955  0.882955  
0.4375  0.9375  
0.5625  0.9375  
0.5625  1  
0.4375  1  
0.570833  0  
0.643934  0  
0.600074  0.0438604  
0.55  0  
0.570833  0  
0.600074  0.0438604  
0.601581  0.0484188  
0.548419  0.101581  
0.54386  0.100074  
0.4875  0.0625  
0.54386  0.100074  
0.548419  0.101581  
0.596876  0.190992  
0.578566  0.209302  
0.504008  0.195992  
0.47886  0.165074  
0.495992  0.304008  
0.576728  0.223272  
0.629916  0.384094  
0.6075  0.3925  
0.52114  0.334926  
0.5625  0.4375  
0.6075  0.3925  
0.629916  0.384094  
0.6875  0.388813  
0.6875  0.590625  
0.617045  0.617045  
0.5625  0.5625  
0.617045  0.617045  
0.6875  0.590625  
0.797426  0.618107  
0.767657  0.767657  
0.618107  0.797426  
0.590625  0.6875  
0.611187  0.8125  
0.618107  0.797426  
0.767657  0.767657  
0.828432  0.828432  
0.809008  0.903124  
0.790698  0.921434  
0.776728  0.923272  
0.615906  0.870084  
0.6075  0.8925  
0.615906  0.870084  
0.776728  0.923272  
0.7  1  
0.679167  1  
0.5625  0.9375  
0.6075  0.8925  
0.679167  1  
0.5625  1  
0.695277  0  
0.8  0  
0.723272  0.0767284  
0.709302  0.078566  
0.600074  0.0438604  
0.643934  0  
0.695277  0  
0.709302  0.078566  
0.690992  0.0968755  
0.601581  0.0484188  
0.548419  0.101581  
0.601581  0.0484188  
0.690992  0.0968755  
0.671568  0.171568  
0.596876  0.190992  
0.576728  0.223272  
0.578566  0.209302  
0.596876  0.190992  
0.671568  0.171568  
0.732343  0.232343  
0.702574  0.381893  
0.6875  0.388813  
0.629916  0.384094  
0.6875  0.388813  
0.702574  0.381893  
0.8125  0.409375  
0.8125  0.611187  
0.797426  0.618107  
0.6875  0.590625  
0.797426  0.618107  
0.8125  0.611187  
0.870084  0.615906  
0.923272  0.776728  
0.921434  0.790698  
0.903124  0.809008  
0.828432  0.828432  
0.767657  0.767657  
0.828432  0.828432  
0.903124  0.809008  
0.951581  0.898419  
0.898419  0.951581  
0.809008  0.903124  
0.790698  0.921434  
0.809008  0.903124  
0.898419  0.951581  
0.899926  0.95614  
0.856066  1  
0.804723  1  
0.776728  0.923272  
0.790698  0.921434  
0.804723  1  
0.7  1  
0.820833  0  
0.9375  0  
0.9375  0.0625  
0.8925  0.1075  
0.8  0  
0.820833  0  
0.8925  0.1075  
0.884094  0.129916  
0.723272  0.0767284  
0.690992  0.0968755  
0.709302  0.078566  
0.723272  0.0767284  
0.884094  0.129916  
0.888813  0.1875  
0.881893  0.202574  
0.732343  0.232343  
0.671568  0.171568  
0.732343  0.232343  
0.881893  0.202574  
0.909375  0.3125  
0.882955  0.382955  
0.8125  0.409375  
0.702574  0.381893  
0.8125  0.409375  
0.882955  0.382955  
0.9375  0.4375  
0.9375  0.5625  
0.8925  0.6075  
0.870084  0.615906  
0.8125  0.611187  
0.870084  0.615906  
0.8925  0.6075  
1  0.679167  
1  0.7  
0.923272  0.776728  
0.903124  0.809008  
0.921434  0.790698  
1  0.804723  
1  0.856066  
0.95614  0.899926  
0.951581  0.898419  
0.951581  0.898419  
0.95614  0.899926  
1  0.929167  
1  0.95  
0.95  1  
0.929167  1  
0.899926  0.95614  
0.898419  0.951581  
0.899926  0.95614  
0.929167  1  
0.856066  1  
0.9375  0  
1  0  
1  0.0625  
0.9375  0.0625  
0.8925  0.1075  
0.9375  0.0625  
1  0.0625  
1  0.1875  
0.888813  0.1875  
0.884094  0.129916  
0.881893  0.202574  
0.888813  0.1875  
1  0.1875  
1  0.3125  
0.909375  0.3125  
0.909375  0.3125  
1  0.3125  
1  0.4375  
0.9375  0.4375  
0.882955  0.382955  
0.9375  0.4375  
1  0.4375  
1  0.5625  
0.9375  0.5625  
0.9375  0.5625  
1  0.5625  
1  0.679167  
0.8925  0.6075  
1  0.7  
1  0.804723  
0.921434  0.790698  
0.923272  0.776728  
1  0.856066  
1  0.929167  
0.95614  0.899926  
1  0.95  
1  1  
0.95  1  
# grid vertices 
208
0.209302 0.578566 
0.3125 0.909375 
0.1075 0.3925 
0.165074 0.47886 
0.100074 0.54386 
0.403124 0.309008 
0.3125 0.111187 
0.115906 0.370084 
0.267657 0.267657 
0.118107 0.297426 
0.309008 0.403124 
0.6875 0.388813 
0.388813 0.6875 
0.1075 0.8925 
0.117045 0.117045 
0.0625 0.0625 
0.1875 0.888813 
0.4375 0.5125 
0.171568 0.671568 
0.617045 0.617045 
0.381893 0.702574 
0.776728 0.923272 
0.702574 0.381893 
0.590625 0.6875 
0.767657 0.767657 
0.797426 0.618107 
0.5125 0.4375 
0.600074 0.0438604 
0.629916 0.384094 
0.888813 0.1875 
0.8125 0.409375 
0.909375 0.3125 
0.8925 0.6075 
0.0438604 0.600074 
0.090625 0.1875 
0.1875 0.090625 
0.328432 0.328432 
0.3925 0.1075 
0.297426 0.118107 
0.421434 0.290698 
0.4375 0.0625 
0.370084 0.115906 
0.495992 0.304008 
0.451581 0.398419 
0.334926 0.52114 
0.398419 0.451581 
0.6875 0.590625 
0.423272 0.276728 
0.45614 0.399926 
0.47886 0.165074 
0.596876 0.190992 
0.111187 0.3125 
0.0625 0.4375 
0.290698 0.421434 
0.195992 0.504008 
0.276728 0.423272 
0.304008 0.495992 
0.0625 0.4875 
-0.043566 0.6875 
0.0767284 0.723272 
0.0968755 0.690992 
0.078566 0.709302 
0.0625 0.9375 
0.129916 0.884094 
-0.0125 0.8125 
0.190992 0.596876 
0.202574 0.881893 
0.618107 0.797426 
0.409375 0.8125 
0.6075 0.8925 
0.382955 0.882955 
0.4375 0.9375 
0.0484188 0.601581 
-0.0125 0.5625 
0.223272 0.576728 
0.101581 0.548419 
0.384094 0.629916 
0.232343 0.732343 
0.399926 0.45614 
0.3925 0.6075 
0.5625 0.5625 
0.4375 0.5625 
0.8125 0.611187 
0.611187 0.8125 
0.870084 0.615906 
0.828432 0.828432 
0.5625 0.9375 
0.809008 0.903124 
0.615906 0.870084 
0.6875 1.0125 
0.8125 1.04357 
0.790698 0.921434 
0.898419 0.951581 
0.903124 0.809008 
0.951581 0.898419 
0.9375 1.0125 
0.899926 0.95614 
1.0125 0.9375 
1.0125 0.6875 
0.921434 0.790698 
0.923272 0.776728 
0.95614 0.899926 
0.9375 0.5625 
1.04357 0.8125 
0.578566 0.209302 
0.732343 0.232343 
0.881893 0.202574 
0.882955 0.382955 
0.9375 0.4375 
0.504008 0.195992 
0.54386 0.100074 
0.52114 0.334926 
0.576728 0.223272 
0.4875 0.0625 
0.671568 0.171568 
0.5625 0.4375 
0.6075 0.3925 
0.690992 0.0968755 
0.548419 0.101581 
0.5625 -0.0125 
0.709302 0.078566 
0.601581 0.0484188 
0.6875 -0.043566 
0.723272 0.0767284 
0.8125 -0.0125 
0.884094 0.129916 
0.8925 0.1075 
0.9375 0.0625 
0.0625 -1.97043 
-1.97043 0.0625 
-1.83861 0.1875 
-1.73469 0.3125 
-1.79366 0.4375 
-1.94301 0.5625 
-2.03278 0.6875 
-2.02697 0.8125 
-1.97043 0.9375 
0.1875 -1.83861 
0.0625 2.97043 
0.3125 -1.73469 
0.1875 2.80186 
0.4375 -1.79366 
0.3125 2.77386 
0.5625 -1.94301 
0.4375 2.79366 
0.6875 -2.03278 
0.5625 2.79366 
0.8125 -2.02697 
0.6875 2.97244 
0.9375 -1.97043 
0.8125 3.08477 
2.97043 0.0625 
2.80186 0.1875 
2.77386 0.3125 
2.79366 0.4375 
2.79366 0.5625 
2.97244 0.6875 
3.08477 0.8125 
3.10056 0.9375 
0.9375 3.10056 
0.0625 0 
0 0 
0 0.0625 
0 0.1875 
0 0.3125 
0 0.4375 
0 0.55 
0 0.570833 
0 0.643934 
0 0.695277 
0 0.8 
0 0.820833 
0 0.9375 
0 1 
0.0625 1 
0.1875 0 
0.1875 1 
0.3125 0 
0.3125 1 
0.4375 0 
0.4375 1 
0.55 0 
0.5625 1 
0.643934 0 
0.570833 0 
0.679167 1 
0.7 1 
0.8 0 
0.695277 0 
0.804723 1 
0.856066 1 
0.9375 0 
0.820833 0 
1 0.7 
1 0.679167 
1 0.856066 
1 0.804723 
1 0.95 
1 0.929167 
0.929167 1 
0.95 1 
1 0 
1 0.0625 
1 0.1875 
1 0.3125 
1 0.4375 
1 0.5625 
1 1 
