# Date: 7/14/2013   Time: 17:21
# dimensions 
1 1 
# connectivity 
121
4  1  2  3  4    1 1 
5  5  6  7  8  9    1 1 
5  10  11  12  13  14    1 1 
5  15  16  17  18  19    1 1 
6  20  21  22  23  24  25    1 1 
5  26  27  28  29  30    1 1 
4  31  32  33  34    1 1 
3  35  36  37    1 1 
4  38  39  40  41    1 1 
5  42  43  44  45  46    1 1 
4  47  48  49  50    1 1 
5  51  52  53  54  55    1 1 
6  56  57  58  59  60  61    1 1 
6  62  63  64  65  66  67    1 1 
7  68  69  70  71  72  73  74    1 1 
5  75  76  77  78  79    1 1 
6  80  81  82  83  84  85    1 1 
6  86  87  88  89  90  91    1 1 
7  92  93  94  95  96  97  98    1 1 
7  99  100  101  102  103  104  105    1 1 
5  106  107  108  109  110    1 1 
6  111  112  113  114  115  116    1 1 
5  117  118  119  120  121    1 1 
6  122  123  124  125  126  127    1 1 
6  128  129  130  131  132  133    1 1 
5  134  135  136  137  138    1 1 
7  139  140  141  142  143  144  145    1 1 
5  146  147  148  149  150    1 1 
6  151  152  153  154  155  156    1 1 
5  157  158  159  160  161    1 1 
5  162  163  164  165  166    1 1 
7  167  168  169  170  171  172  173    1 1 
5  174  175  176  177  178    1 1 
5  179  180  181  182  183    1 1 
7  184  185  186  187  188  189  190    1 1 
5  191  192  193  194  195    1 1 
5  196  197  198  199  200    1 1 
6  201  202  203  204  205  206    1 1 
5  207  208  209  210  211    1 1 
7  212  213  214  215  216  217  218    1 1 
5  219  220  221  222  223    1 1 
6  224  225  226  227  228  229    1 1 
6  230  231  232  233  234  235    1 1 
5  236  237  238  239  240    1 1 
6  241  242  243  244  245  246    1 1 
5  247  248  249  250  251    1 1 
7  252  253  254  255  256  257  258    1 1 
6  259  260  261  262  263  264    1 1 
6  265  266  267  268  269  270    1 1 
6  271  272  273  274  275  276    1 1 
5  277  278  279  280  281    1 1 
7  282  283  284  285  286  287  288    1 1 
6  289  290  291  292  293  294    1 1 
6  295  296  297  298  299  300    1 1 
5  301  302  303  304  305    1 1 
5  306  307  308  309  310    1 1 
6  311  312  313  314  315  316    1 1 
5  317  318  319  320  321    1 1 
5  322  323  324  325  326    1 1 
6  327  328  329  330  331  332    1 1 
5  333  334  335  336  337    1 1 
7  338  339  340  341  342  343  344    1 1 
6  345  346  347  348  349  350    1 1 
6  351  352  353  354  355  356    1 1 
7  357  358  359  360  361  362  363    1 1 
4  364  365  366  367    1 1 
4  368  369  370  371    1 1 
6  372  373  374  375  376  377    1 1 
6  378  379  380  381  382  383    1 1 
7  384  385  386  387  388  389  390    1 1 
5  391  392  393  394  395    1 1 
7  396  397  398  399  400  401  402    1 1 
6  403  404  405  406  407  408    1 1 
6  409  410  411  412  413  414    1 1 
7  415  416  417  418  419  420  421    1 1 
5  422  423  424  425  426    1 1 
5  427  428  429  430  431    1 1 
3  432  433  434    1 1 
7  435  436  437  438  439  440  441    1 1 
5  442  443  444  445  446    1 1 
5  447  448  449  450  451    1 1 
7  452  453  454  455  456  457  458    1 1 
6  459  460  461  462  463  464    1 1 
6  465  466  467  468  469  470    1 1 
6  471  472  473  474  475  476    1 1 
5  477  478  479  480  481    1 1 
7  482  483  484  485  486  487  488    1 1 
4  489  490  491  492    1 1 
4  493  494  495  496    1 1 
7  497  498  499  500  501  502  503    1 1 
5  504  505  506  507  508    1 1 
6  509  510  511  512  513  514    1 1 
6  515  516  517  518  519  520    1 1 
6  521  522  523  524  525  526    1 1 
7  527  528  529  530  531  532  533    1 1 
5  534  535  536  537  538    1 1 
5  539  540  541  542  543    1 1 
7  544  545  546  547  548  549  550    1 1 
3  551  552  553    1 1 
5  554  555  556  557  558    1 1 
5  559  560  561  562  563    1 1 
7  564  565  566  567  568  569  570    1 1 
6  571  572  573  574  575  576    1 1 
6  577  578  579  580  581  582    1 1 
7  583  584  585  586  587  588  589    1 1 
5  590  591  592  593  594    1 1 
7  595  596  597  598  599  600  601    1 1 
7  602  603  604  605  606  607  608    1 1 
6  609  610  611  612  613  614    1 1 
4  615  616  617  618    1 1 
4  619  620  621  622    1 1 
6  623  624  625  626  627  628    1 1 
5  629  630  631  632  633    1 1 
5  634  635  636  637  638    1 1 
5  639  640  641  642  643    1 1 
4  644  645  646  647    1 1 
5  648  649  650  651  652    1 1 
4  653  654  655  656    1 1 
3  657  658  659    1 1 
4  660  661  662  663    1 1 
5  664  665  666  667  668    1 1 
# DG vertices (counter-clockwise) 
668
0  0  
0.05  0  
0.05  0.05  
0  0.05  
0  0.05  
0.05  0.05  
0.0774903  0.0774903  
0.0588714  0.15  
0  0.15  
0  0.15  
0.0588714  0.15  
0.0859451  0.205656  
0.0700447  0.25  
0  0.25  
0  0.25  
0.0700447  0.25  
0.085857  0.305902  
0.0700447  0.35  
0  0.35  
0  0.35  
0.0700447  0.35  
0.0776474  0.376878  
0.0619364  0.438064  
0.05  0.45  
0  0.45  
0  0.45  
0.05  0.45  
0.05  0.515451  
0.0154508  0.55  
0  0.55  
0  0.55  
0.0154508  0.55  
0.0426229  0.601475  
0  0.644098  
0  0.654656  
0.05  0.694098  
0  0.744098  
0  0.754656  
0.0619364  0.803514  
0.0154508  0.85  
0  0.85  
0  0.85  
0.0154508  0.85  
0.0619364  0.938064  
0.05  0.95  
0  0.95  
0  0.95  
0.05  0.95  
0.05  1  
0  1  
0.05  0  
0.15  0  
0.15  0.0588714  
0.0774903  0.0774903  
0.05  0.05  
0.0774903  0.0774903  
0.15  0.0588714  
0.205656  0.0859451  
0.187744  0.187744  
0.0859451  0.205656  
0.0588714  0.15  
0.0859451  0.205656  
0.187744  0.187744  
0.233392  0.233392  
0.214773  0.305902  
0.085857  0.305902  
0.0700447  0.25  
0.0700447  0.35  
0.085857  0.305902  
0.214773  0.305902  
0.231579  0.340451  
0.217838  0.393965  
0.201342  0.410461  
0.0776474  0.376878  
0.0776474  0.376878  
0.201342  0.410461  
0.196486  0.438064  
0.15  0.484549  
0.0619364  0.438064  
0.05  0.45  
0.0619364  0.438064  
0.15  0.484549  
0.15  0.494098  
0.101475  0.542623  
0.05  0.515451  
0.0154508  0.55  
0.05  0.515451  
0.101475  0.542623  
0.108074  0.566926  
0.0669263  0.608074  
0.0426229  0.601475  
0  0.644098  
0.0426229  0.601475  
0.0669263  0.608074  
0.0940983  0.659549  
0.0595492  0.694098  
0.05  0.694098  
0  0.654656  
0  0.744098  
0.05  0.694098  
0.0595492  0.694098  
0.106035  0.782162  
0.089539  0.798658  
0.0619364  0.803514  
0  0.754656  
0.0154508  0.85  
0.0619364  0.803514  
0.089539  0.798658  
0.123122  0.922353  
0.0619364  0.938064  
0.05  0.95  
0.0619364  0.938064  
0.123122  0.922353  
0.15  0.929955  
0.15  1  
0.05  1  
0.15  0  
0.25  0  
0.25  0.0700447  
0.205656  0.0859451  
0.15  0.0588714  
0.205656  0.0859451  
0.25  0.0700447  
0.305902  0.085857  
0.305902  0.214773  
0.233392  0.233392  
0.187744  0.187744  
0.233392  0.233392  
0.305902  0.214773  
0.340451  0.231579  
0.340451  0.340451  
0.231579  0.340451  
0.214773  0.305902  
0.231579  0.340451  
0.340451  0.340451  
0.340451  0.405902  
0.305902  0.440451  
0.217838  0.393965  
0.196486  0.438064  
0.201342  0.410461  
0.217838  0.393965  
0.305902  0.440451  
0.305902  0.45  
0.255205  0.500697  
0.244795  0.499303  
0.15  0.484549  
0.196486  0.438064  
0.244795  0.499303  
0.194098  0.55  
0.15  0.494098  
0.101475  0.542623  
0.15  0.494098  
0.194098  0.55  
0.194098  0.559549  
0.159549  0.594098  
0.108074  0.566926  
0.0669263  0.608074  
0.108074  0.566926  
0.159549  0.594098  
0.159549  0.659549  
0.0940983  0.659549  
0.0595492  0.694098  
0.0940983  0.659549  
0.159549  0.659549  
0.159549  0.768421  
0.106035  0.782162  
0.089539  0.798658  
0.106035  0.782162  
0.159549  0.768421  
0.194098  0.785227  
0.194098  0.914143  
0.15  0.929955  
0.123122  0.922353  
0.15  0.929955  
0.194098  0.914143  
0.25  0.929955  
0.25  1  
0.15  1  
0.25  0  
0.35  0  
0.35  0.0700447  
0.305902  0.085857  
0.25  0.0700447  
0.305902  0.085857  
0.35  0.0700447  
0.376878  0.0776474  
0.410461  0.201342  
0.393965  0.217838  
0.340451  0.231579  
0.305902  0.214773  
0.340451  0.231579  
0.393965  0.217838  
0.440451  0.305902  
0.405902  0.340451  
0.340451  0.340451  
0.340451  0.340451  
0.405902  0.340451  
0.433074  0.391926  
0.391926  0.433074  
0.340451  0.405902  
0.305902  0.440451  
0.340451  0.405902  
0.391926  0.433074  
0.398525  0.457377  
0.35  0.505902  
0.305902  0.45  
0.255205  0.500697  
0.305902  0.45  
0.35  0.505902  
0.35  0.515451  
0.303514  0.561936  
0.194098  0.55  
0.244795  0.499303  
0.255205  0.500697  
0.303514  0.561936  
0.298658  0.589539  
0.282162  0.606035  
0.194098  0.559549  
0.159549  0.594098  
0.194098  0.559549  
0.282162  0.606035  
0.268421  0.659549  
0.159549  0.659549  
0.159549  0.659549  
0.268421  0.659549  
0.285227  0.694098  
0.266608  0.766608  
0.194098  0.785227  
0.159549  0.768421  
0.194098  0.785227  
0.266608  0.766608  
0.312256  0.812256  
0.294344  0.914055  
0.25  0.929955  
0.194098  0.914143  
0.25  0.929955  
0.294344  0.914055  
0.35  0.941129  
0.35  1  
0.25  1  
0.35  0  
0.45  0  
0.45  0.05  
0.438064  0.0619364  
0.376878  0.0776474  
0.35  0.0700447  
0.376878  0.0776474  
0.438064  0.0619364  
0.484549  0.15  
0.438064  0.196486  
0.410461  0.201342  
0.393965  0.217838  
0.410461  0.201342  
0.438064  0.196486  
0.499303  0.244795  
0.500697  0.255205  
0.45  0.305902  
0.440451  0.305902  
0.405902  0.340451  
0.440451  0.305902  
0.45  0.305902  
0.505902  0.35  
0.457377  0.398525  
0.433074  0.391926  
0.391926  0.433074  
0.433074  0.391926  
0.457377  0.398525  
0.484549  0.45  
0.45  0.484549  
0.398525  0.457377  
0.35  0.505902  
0.398525  0.457377  
0.45  0.484549  
0.45  0.55  
0.438064  0.561936  
0.35  0.515451  
0.303514  0.561936  
0.35  0.515451  
0.438064  0.561936  
0.422353  0.623122  
0.298658  0.589539  
0.282162  0.606035  
0.298658  0.589539  
0.422353  0.623122  
0.429955  0.65  
0.414143  0.694098  
0.285227  0.694098  
0.268421  0.659549  
0.285227  0.694098  
0.414143  0.694098  
0.429955  0.75  
0.414055  0.794344  
0.312256  0.812256  
0.266608  0.766608  
0.312256  0.812256  
0.414055  0.794344  
0.441129  0.85  
0.42251  0.92251  
0.35  0.941129  
0.294344  0.914055  
0.35  0.941129  
0.42251  0.92251  
0.45  0.95  
0.45  1  
0.35  1  
0.45  0  
0.55  0  
0.55  0.0154508  
0.515451  0.05  
0.45  0.05  
0.438064  0.0619364  
0.45  0.05  
0.515451  0.05  
0.542623  0.101475  
0.494098  0.15  
0.484549  0.15  
0.484549  0.15  
0.494098  0.15  
0.55  0.194098  
0.499303  0.244795  
0.438064  0.196486  
0.45  0.305902  
0.500697  0.255205  
0.561936  0.303514  
0.515451  0.35  
0.505902  0.35  
0.457377  0.398525  
0.505902  0.35  
0.515451  0.35  
0.561936  0.438064  
0.55  0.45  
0.484549  0.45  
0.45  0.484549  
0.484549  0.45  
0.55  0.45  
0.55  0.55  
0.45  0.55  
0.438064  0.561936  
0.45  0.55  
0.55  0.55  
0.57749  0.57749  
0.558871  0.65  
0.429955  0.65  
0.422353  0.623122  
0.414143  0.694098  
0.429955  0.65  
0.558871  0.65  
0.585945  0.705656  
0.570045  0.75  
0.429955  0.75  
0.414055  0.794344  
0.429955  0.75  
0.570045  0.75  
0.585857  0.805902  
0.570045  0.85  
0.441129  0.85  
0.441129  0.85  
0.570045  0.85  
0.577647  0.876878  
0.561936  0.938064  
0.55  0.95  
0.45  0.95  
0.42251  0.92251  
0.45  0.95  
0.55  0.95  
0.55  1  
0.45  1  
0.55  0  
0.644098  0  
0.601475  0.0426229  
0.55  0.0154508  
0.515451  0.05  
0.55  0.0154508  
0.601475  0.0426229  
0.608074  0.0669263  
0.566926  0.108074  
0.542623  0.101475  
0.494098  0.15  
0.542623  0.101475  
0.566926  0.108074  
0.594098  0.159549  
0.559549  0.194098  
0.55  0.194098  
0.499303  0.244795  
0.55  0.194098  
0.559549  0.194098  
0.606035  0.282162  
0.589539  0.298658  
0.561936  0.303514  
0.500697  0.255205  
0.515451  0.35  
0.561936  0.303514  
0.589539  0.298658  
0.623122  0.422353  
0.561936  0.438064  
0.55  0.45  
0.561936  0.438064  
0.623122  0.422353  
0.65  0.429955  
0.65  0.558871  
0.57749  0.57749  
0.55  0.55  
0.57749  0.57749  
0.65  0.558871  
0.705656  0.585945  
0.687744  0.687744  
0.585945  0.705656  
0.558871  0.65  
0.585945  0.705656  
0.687744  0.687744  
0.733392  0.733392  
0.714773  0.805902  
0.585857  0.805902  
0.570045  0.75  
0.570045  0.85  
0.585857  0.805902  
0.714773  0.805902  
0.731579  0.840451  
0.717838  0.893965  
0.701342  0.910461  
0.577647  0.876878  
0.577647  0.876878  
0.701342  0.910461  
0.696486  0.938064  
0.65  0.984549  
0.561936  0.938064  
0.55  0.95  
0.561936  0.938064  
0.65  0.984549  
0.65  1  
0.55  1  
0.654656  0  
0.744098  0  
0.694098  0.05  
0.601475  0.0426229  
0.644098  0  
0.654656  0  
0.694098  0.05  
0.694098  0.0595492  
0.659549  0.0940983  
0.608074  0.0669263  
0.566926  0.108074  
0.608074  0.0669263  
0.659549  0.0940983  
0.659549  0.159549  
0.594098  0.159549  
0.559549  0.194098  
0.594098  0.159549  
0.659549  0.159549  
0.659549  0.268421  
0.606035  0.282162  
0.589539  0.298658  
0.606035  0.282162  
0.659549  0.268421  
0.694098  0.285227  
0.694098  0.414143  
0.65  0.429955  
0.623122  0.422353  
0.65  0.429955  
0.694098  0.414143  
0.75  0.429955  
0.75  0.570045  
0.705656  0.585945  
0.65  0.558871  
0.705656  0.585945  
0.75  0.570045  
0.805902  0.585857  
0.805902  0.714773  
0.733392  0.733392  
0.687744  0.687744  
0.733392  0.733392  
0.805902  0.714773  
0.840451  0.731579  
0.840451  0.840451  
0.731579  0.840451  
0.714773  0.805902  
0.731579  0.840451  
0.840451  0.840451  
0.840451  0.905902  
0.805902  0.940451  
0.717838  0.893965  
0.696486  0.938064  
0.701342  0.910461  
0.717838  0.893965  
0.805902  0.940451  
0.805902  0.95  
0.755902  1  
0.745344  1  
0.696486  0.938064  
0.745344  1  
0.65  1  
0.65  0.984549  
0.754656  0  
0.85  0  
0.85  0.0154508  
0.803514  0.0619364  
0.694098  0.05  
0.744098  0  
0.754656  0  
0.803514  0.0619364  
0.798658  0.089539  
0.782162  0.106035  
0.694098  0.0595492  
0.659549  0.0940983  
0.694098  0.0595492  
0.782162  0.106035  
0.768421  0.159549  
0.659549  0.159549  
0.659549  0.159549  
0.768421  0.159549  
0.785227  0.194098  
0.766608  0.266608  
0.694098  0.285227  
0.659549  0.268421  
0.694098  0.285227  
0.766608  0.266608  
0.812256  0.312256  
0.794344  0.414055  
0.75  0.429955  
0.694098  0.414143  
0.75  0.429955  
0.794344  0.414055  
0.85  0.441129  
0.85  0.570045  
0.805902  0.585857  
0.75  0.570045  
0.805902  0.585857  
0.85  0.570045  
0.876878  0.577647  
0.910461  0.701342  
0.893965  0.717838  
0.840451  0.731579  
0.805902  0.714773  
0.840451  0.731579  
0.893965  0.717838  
0.940451  0.805902  
0.905902  0.840451  
0.840451  0.840451  
0.840451  0.840451  
0.905902  0.840451  
0.933074  0.891926  
0.891926  0.933074  
0.840451  0.905902  
0.805902  0.95  
0.805902  0.940451  
0.840451  0.905902  
0.891926  0.933074  
0.898525  0.957377  
0.855902  1  
0.845344  1  
0.805902  0.95  
0.845344  1  
0.755902  1  
0.85  0.0154508  
0.85  0  
0.95  0  
0.95  0.05  
0.938064  0.0619364  
0.803514  0.0619364  
0.85  0.0154508  
0.938064  0.0619364  
0.922353  0.123122  
0.798658  0.089539  
0.782162  0.106035  
0.798658  0.089539  
0.922353  0.123122  
0.929955  0.15  
0.914143  0.194098  
0.785227  0.194098  
0.768421  0.159549  
0.785227  0.194098  
0.914143  0.194098  
0.929955  0.25  
0.914055  0.294344  
0.812256  0.312256  
0.766608  0.266608  
0.812256  0.312256  
0.914055  0.294344  
0.941129  0.35  
0.92251  0.42251  
0.85  0.441129  
0.794344  0.414055  
0.85  0.441129  
0.92251  0.42251  
0.95  0.45  
0.95  0.55  
0.938064  0.561936  
0.876878  0.577647  
0.85  0.570045  
0.876878  0.577647  
0.938064  0.561936  
0.984549  0.65  
0.938064  0.696486  
0.910461  0.701342  
0.893965  0.717838  
0.910461  0.701342  
0.938064  0.696486  
1  0.745344  
1  0.755902  
0.95  0.805902  
0.940451  0.805902  
0.905902  0.840451  
0.940451  0.805902  
0.95  0.805902  
1  0.845344  
1  0.855902  
0.957377  0.898525  
0.933074  0.891926  
0.891926  0.933074  
0.933074  0.891926  
0.957377  0.898525  
0.984549  0.95  
0.95  0.984549  
0.898525  0.957377  
0.898525  0.957377  
0.95  0.984549  
0.95  1  
0.855902  1  
0.95  0  
1  0  
1  0.05  
0.95  0.05  
0.938064  0.0619364  
0.95  0.05  
1  0.05  
1  0.15  
0.929955  0.15  
0.922353  0.123122  
0.914143  0.194098  
0.929955  0.15  
1  0.15  
1  0.25  
0.929955  0.25  
0.914055  0.294344  
0.929955  0.25  
1  0.25  
1  0.35  
0.941129  0.35  
0.941129  0.35  
1  0.35  
1  0.45  
0.95  0.45  
0.92251  0.42251  
0.95  0.45  
1  0.45  
1  0.55  
0.95  0.55  
0.938064  0.561936  
0.95  0.55  
1  0.55  
1  0.65  
0.984549  0.65  
0.984549  0.65  
1  0.65  
1  0.745344  
0.938064  0.696486  
1  0.755902  
1  0.845344  
0.95  0.805902  
0.957377  0.898525  
1  0.855902  
1  0.95  
0.984549  0.95  
0.984549  0.95  
1  0.95  
1  1  
0.95  1  
0.95  0.984549  
# grid vertices 
288
0.340451 0.231579 
0.233392 0.233392 
0.205656 0.0859451 
0.0588714 0.15 
0.305902 0.440451 
0.45 0.305902 
0.217838 0.393965 
0.45 0.05 
0.608074 0.0669263 
0.410461 0.201342 
0.085857 0.305902 
0.601475 0.0426229 
0.0774903 0.0774903 
0.589539 0.298658 
0.484549 0.45 
0.196486 0.438064 
0.0776474 0.376878 
0.340451 0.340451 
0.214773 0.305902 
0.194098 0.55 
0.0619364 0.803514 
0.303514 0.561936 
0.0669263 0.608074 
0.266608 0.766608 
0.0940983 0.659549 
0.194098 0.559549 
0.585945 0.705656 
0.231579 0.340451 
0.255205 0.500697 
0.457377 0.398525 
0.414143 0.694098 
0.282162 0.606035 
0.805902 0.585857 
0.733392 0.733392 
0.606035 0.282162 
0.701342 0.910461 
0.577647 0.876878 
0.893965 0.717838 
0.75 0.570045 
0.95 0.45 
0.75 0.429955 
0.92251 0.42251 
0.782162 0.106035 
0.659549 0.0940983 
0.85 0.570045 
0.914055 0.294344 
0.05 0.05 
0.305902 0.214773 
0.15 0.0588714 
0.187744 0.187744 
0.0859451 0.205656 
0.25 0.0700447 
0.305902 0.085857 
0.35 0.0700447 
0.484549 0.15 
0.438064 0.196486 
0.659549 0.268421 
0.376878 0.0776474 
0.594098 0.159549 
0.393965 0.217838 
0.499303 0.244795 
0.440451 0.305902 
0.65 0.429955 
0.405902 0.340451 
0.623122 0.422353 
0.561936 0.438064 
0.505902 0.35 
0.422353 0.623122 
0.391926 0.433074 
0.398525 0.457377 
0.433074 0.391926 
0.305902 0.45 
0.35 0.505902 
0.05 0.45 
0.244795 0.499303 
0.340451 0.405902 
0.0700447 0.25 
0.0700447 0.35 
0.201342 0.410461 
0.05 0.515451 
0.0619364 0.438064 
0.0154508 0.55 
0.15 0.484549 
0.159549 0.594098 
0.101475 0.542623 
0.159549 0.659549 
-0.0059017 0.65 
0.0426229 0.601475 
0.194098 0.785227 
-0.0059017 0.75 
0.0154508 0.85 
0.0619364 0.938064 
0.05 0.95 
0.159549 0.768421 
0.05 0.694098 
0.106035 0.782162 
0.0595492 0.694098 
0.35 0.941129 
0.15 0.929955 
0.123122 0.922353 
0.25 0.929955 
0.294344 0.914055 
0.414055 0.794344 
0.42251 0.92251 
0.585857 0.805902 
0.45 0.95 
0.429955 0.75 
0.558871 0.65 
0.194098 0.914143 
0.089539 0.798658 
0.312256 0.812256 
0.268421 0.659549 
0.108074 0.566926 
0.15 0.494098 
0.285227 0.694098 
0.438064 0.561936 
0.298658 0.589539 
0.35 0.515451 
0.429955 0.65 
0.45 0.484549 
0.687744 0.687744 
0.570045 0.85 
0.840451 0.840451 
0.731579 0.840451 
0.570045 0.75 
0.441129 0.85 
0.714773 0.805902 
0.561936 0.938064 
0.717838 0.893965 
0.891926 0.933074 
0.55 0.95 
0.65 0.984549 
0.805902 0.940451 
0.75 1.0059 
0.696486 0.938064 
0.805902 0.95 
0.840451 0.905902 
0.933074 0.891926 
0.85 1.0059 
0.984549 0.95 
0.898525 0.957377 
0.95 0.984549 
0.905902 0.840451 
0.957377 0.898525 
1.0059 0.85 
0.805902 0.714773 
0.840451 0.731579 
0.940451 0.805902 
1.0059 0.75 
0.95 0.805902 
0.876878 0.577647 
0.910461 0.701342 
0.938064 0.561936 
0.938064 0.696486 
0.984549 0.65 
0.766608 0.266608 
0.95 0.55 
0.85 0.441129 
0.941129 0.35 
0.768421 0.159549 
0.929955 0.25 
0.694098 0.285227 
0.812256 0.312256 
0.705656 0.585945 
0.794344 0.414055 
0.55 0.55 
0.694098 0.414143 
0.55 0.45 
0.45 0.55 
0.65 0.558871 
0.57749 0.57749 
0.500697 0.255205 
0.559549 0.194098 
0.515451 0.35 
0.561936 0.303514 
0.55 0.194098 
0.659549 0.159549 
0.803514 0.0619364 
0.438064 0.0619364 
0.55 0.0154508 
0.494098 0.15 
0.542623 0.101475 
0.566926 0.108074 
0.515451 0.05 
0.65 -0.0059017 
0.694098 0.05 
0.694098 0.0595492 
0.75 -0.0059017 
0.785227 0.194098 
0.798658 0.089539 
0.914143 0.194098 
0.929955 0.15 
0.922353 0.123122 
0.85 0.0154508 
0.938064 0.0619364 
0.95 0.05 
0.05 -2.00061 
-2.00061 0.05 
-1.91845 0.15 
-1.84152 0.25 
-1.79954 0.35 
-1.81698 0.45 
-1.88588 0.55 
-1.94779 0.65 
-1.98442 0.75 
-1.9965 0.85 
-2.00061 0.95 
0.15 -1.91845 
0.05 3.00061 
0.25 -1.84152 
0.15 2.89857 
0.35 -1.79954 
0.25 2.84152 
0.45 -1.81698 
0.35 2.82128 
0.55 -1.88588 
0.45 2.81698 
0.65 -1.94779 
0.55 2.81698 
0.75 -1.98442 
0.65 2.906 
0.85 -1.9965 
0.75 2.98442 
0.95 -2.00061 
0.85 3.03529 
3.00061 0.05 
2.89857 0.15 
2.84152 0.25 
2.82128 0.35 
2.81698 0.45 
2.81698 0.55 
2.906 0.65 
2.98442 0.75 
3.03529 0.85 
3.06004 0.95 
0.95 3.06004 
0.05 0 
0 0 
0 0.05 
0 0.15 
0 0.25 
0 0.35 
0 0.45 
0 0.55 
0 0.644098 
0 0.654656 
0 0.744098 
0 0.754656 
0 0.85 
0 0.95 
0 1 
0.05 1 
0.15 0 
0.15 1 
0.25 0 
0.25 1 
0.35 0 
0.35 1 
0.45 0 
0.45 1 
0.55 0 
0.55 1 
0.644098 0 
0.65 1 
0.744098 0 
0.654656 0 
0.745344 1 
0.755902 1 
0.85 0 
0.754656 0 
0.845344 1 
0.855902 1 
0.95 0 
1 0.755902 
1 0.745344 
1 0.855902 
1 0.845344 
0.95 1 
1 0 
1 0.05 
1 0.15 
1 0.25 
1 0.35 
1 0.45 
1 0.55 
1 0.65 
1 0.95 
1 1 
