# Date: 8/5/2013   Time: 23:37
# dimensions 
1 1 
# connectivity 
24
4 1 2 3 4 1 1 
4 5 6 7 8 1 1 
4 9 10 11 12 1 1 
4 13 14 15 16 1 1 
4 17 18 19 20 1 1 
4 21 22 23 24 1 1 
4 25 26 27 28 1 1 
4 29 30 31 32 1 1 
4 33 34 35 36 1 1 
4 37 38 39 40 1 1 
4 41 42 43 44 1 1 
4 45 46 47 48 1 1 
4 49 50 51 52 1 1 
4 53 54 55 56 1 1 
4 57 58 59 60 1 1 
4 61 62 63 64 1 1 
4 65 66 67 68 1 1 
4 69 70 71 72 1 1 
4 73 74 75 76 1 1 
4 77 78 79 80 1 1 
4 81 82 83 84 1 1 
4 85 86 87 88 1 1 
4 89 90 91 92 1 1 
4 93 94 95 96 1 1 
# DG vertices (counter-clockwise) 
96
 0 0 
 0.2 0 
 0.2 0.2 
 0 0.2 
 0 0.2 
 0.2 0.2 
 0.2 0.4 
 0 0.4 
 0 0.4 
 0.2 0.4 
 0.2 0.7 
 0 0.7 
 0 0.7 
 0.2 0.7 
 0.2 1 
 0 1 
 0.2 0 
 0.35 0 
 0.35 0.3 
 0.2 0.2 
 0.2 0.2 
 0.35 0.3 
 0.35 0.6 
 0.2 0.4 
 0.2 0.4 
 0.35 0.6 
 0.35 0.8 
 0.2 0.7 
 0.2 0.7 
 0.35 0.8 
 0.35 1 
 0.2 1 
 0.35 0 
 0.5 0 
 0.5 0.25 
 0.35 0.3 
 0.35 0.3 
 0.5 0.25 
 0.5 0.5 
 0.35 0.6 
 0.35 0.6 
 0.5 0.5 
 0.5 0.75 
 0.35 0.8 
 0.35 0.8 
 0.5 0.75 
 0.5 1 
 0.35 1 
 0.5 0 
 0.65 0 
 0.65 0.2 
 0.5 0.25 
 0.5 0.25 
 0.65 0.2 
 0.65 0.4 
 0.5 0.5 
 0.5 0.5 
 0.65 0.4 
 0.65 0.7 
 0.5 0.75 
 0.5 0.75 
 0.65 0.7 
 0.65 1 
 0.5 1 
 0.65 0 
 0.8 0 
 0.8 0.3 
 0.65 0.2 
 0.65 0.2 
 0.8 0.3 
 0.8 0.6 
 0.65 0.4 
 0.65 0.4 
 0.8 0.6 
 0.8 0.8 
 0.65 0.7 
 0.65 0.7 
 0.8 0.8 
 0.8 1 
 0.65 1 
 0.8 0 
 1 0 
 1 0.3 
 0.8 0.3 
 0.8 0.3 
 1 0.3 
 1 0.6 
 0.8 0.6 
 0.8 0.6 
 1 0.6 
 1 0.8 
 0.8 0.8 
 0.8 0.8 
 1 0.8 
 1 1 
 0.8 1 
# grid vertices (counter-clockwise) 
35
0 0 
0 0.2 
0 0.4 
0 0.7 
0 1 
0.2 0 
0.2 0.2 
0.2 0.4 
0.2 0.7 
0.2 1 
0.35 0 
0.35 0.3 
0.35 0.6 
0.35 0.8 
0.35 1 
0.5 0 
0.5 0.25 
0.5 0.5 
0.5 0.75 
0.5 1 
0.65 0 
0.65 0.2 
0.65 0.4 
0.65 0.7 
0.65 1 
0.8 0 
0.8 0.3 
0.8 0.6 
0.8 0.8 
0.8 1 
1 0 
1 0.3 
1 0.6 
1 0.8 
1 1 
