# Date: 7/28/2013   Time: 18:54
# dimensions 
1 1 
# connectivity 
441
4  1  2  3  4    1 1 
4  5  6  7  8    1 1 
4  9  10  11  12    1 1 
4  13  14  15  16    1 1 
4  17  18  19  20    1 1 
4  21  22  23  24    1 1 
4  25  26  27  28    1 1 
4  29  30  31  32    1 1 
4  33  34  35  36    1 1 
4  37  38  39  40    1 1 
4  41  42  43  44    1 1 
4  45  46  47  48    1 1 
4  49  50  51  52    1 1 
4  53  54  55  56    1 1 
4  57  58  59  60    1 1 
4  61  62  63  64    1 1 
4  65  66  67  68    1 1 
4  69  70  71  72    1 1 
4  73  74  75  76    1 1 
4  77  78  79  80    1 1 
4  81  82  83  84    1 1 
4  85  86  87  88    1 1 
4  89  90  91  92    1 1 
4  93  94  95  96    1 1 
4  97  98  99  100    1 1 
4  101  102  103  104    1 1 
4  105  106  107  108    1 1 
4  109  110  111  112    1 1 
4  113  114  115  116    1 1 
4  117  118  119  120    1 1 
4  121  122  123  124    1 1 
4  125  126  127  128    1 1 
4  129  130  131  132    1 1 
4  133  134  135  136    1 1 
4  137  138  139  140    1 1 
4  141  142  143  144    1 1 
4  145  146  147  148    1 1 
4  149  150  151  152    1 1 
4  153  154  155  156    1 1 
4  157  158  159  160    1 1 
4  161  162  163  164    1 1 
4  165  166  167  168    1 1 
4  169  170  171  172    1 1 
4  173  174  175  176    1 1 
4  177  178  179  180    1 1 
4  181  182  183  184    1 1 
4  185  186  187  188    1 1 
4  189  190  191  192    1 1 
4  193  194  195  196    1 1 
4  197  198  199  200    1 1 
4  201  202  203  204    1 1 
4  205  206  207  208    1 1 
4  209  210  211  212    1 1 
4  213  214  215  216    1 1 
4  217  218  219  220    1 1 
4  221  222  223  224    1 1 
4  225  226  227  228    1 1 
4  229  230  231  232    1 1 
4  233  234  235  236    1 1 
4  237  238  239  240    1 1 
4  241  242  243  244    1 1 
4  245  246  247  248    1 1 
4  249  250  251  252    1 1 
4  253  254  255  256    1 1 
4  257  258  259  260    1 1 
4  261  262  263  264    1 1 
4  265  266  267  268    1 1 
4  269  270  271  272    1 1 
4  273  274  275  276    1 1 
4  277  278  279  280    1 1 
4  281  282  283  284    1 1 
4  285  286  287  288    1 1 
4  289  290  291  292    1 1 
4  293  294  295  296    1 1 
4  297  298  299  300    1 1 
4  301  302  303  304    1 1 
4  305  306  307  308    1 1 
4  309  310  311  312    1 1 
4  313  314  315  316    1 1 
4  317  318  319  320    1 1 
4  321  322  323  324    1 1 
4  325  326  327  328    1 1 
4  329  330  331  332    1 1 
4  333  334  335  336    1 1 
4  337  338  339  340    1 1 
4  341  342  343  344    1 1 
4  345  346  347  348    1 1 
4  349  350  351  352    1 1 
4  353  354  355  356    1 1 
4  357  358  359  360    1 1 
4  361  362  363  364    1 1 
4  365  366  367  368    1 1 
4  369  370  371  372    1 1 
4  373  374  375  376    1 1 
4  377  378  379  380    1 1 
4  381  382  383  384    1 1 
4  385  386  387  388    1 1 
4  389  390  391  392    1 1 
4  393  394  395  396    1 1 
4  397  398  399  400    1 1 
4  401  402  403  404    1 1 
4  405  406  407  408    1 1 
4  409  410  411  412    1 1 
4  413  414  415  416    1 1 
4  417  418  419  420    1 1 
4  421  422  423  424    1 1 
4  425  426  427  428    1 1 
4  429  430  431  432    1 1 
4  433  434  435  436    1 1 
4  437  438  439  440    1 1 
4  441  442  443  444    1 1 
4  445  446  447  448    1 1 
4  449  450  451  452    1 1 
4  453  454  455  456    1 1 
4  457  458  459  460    1 1 
4  461  462  463  464    1 1 
4  465  466  467  468    1 1 
4  469  470  471  472    1 1 
4  473  474  475  476    1 1 
4  477  478  479  480    1 1 
4  481  482  483  484    1 1 
4  485  486  487  488    1 1 
4  489  490  491  492    1 1 
4  493  494  495  496    1 1 
4  497  498  499  500    1 1 
4  501  502  503  504    1 1 
4  505  506  507  508    1 1 
4  509  510  511  512    1 1 
4  513  514  515  516    1 1 
4  517  518  519  520    1 1 
4  521  522  523  524    1 1 
4  525  526  527  528    1 1 
4  529  530  531  532    1 1 
4  533  534  535  536    1 1 
4  537  538  539  540    1 1 
4  541  542  543  544    1 1 
4  545  546  547  548    1 1 
4  549  550  551  552    1 1 
4  553  554  555  556    1 1 
4  557  558  559  560    1 1 
4  561  562  563  564    1 1 
4  565  566  567  568    1 1 
4  569  570  571  572    1 1 
4  573  574  575  576    1 1 
4  577  578  579  580    1 1 
4  581  582  583  584    1 1 
4  585  586  587  588    1 1 
4  589  590  591  592    1 1 
4  593  594  595  596    1 1 
4  597  598  599  600    1 1 
4  601  602  603  604    1 1 
4  605  606  607  608    1 1 
4  609  610  611  612    1 1 
4  613  614  615  616    1 1 
4  617  618  619  620    1 1 
4  621  622  623  624    1 1 
4  625  626  627  628    1 1 
4  629  630  631  632    1 1 
4  633  634  635  636    1 1 
4  637  638  639  640    1 1 
4  641  642  643  644    1 1 
4  645  646  647  648    1 1 
4  649  650  651  652    1 1 
4  653  654  655  656    1 1 
4  657  658  659  660    1 1 
4  661  662  663  664    1 1 
4  665  666  667  668    1 1 
4  669  670  671  672    1 1 
4  673  674  675  676    1 1 
4  677  678  679  680    1 1 
4  681  682  683  684    1 1 
4  685  686  687  688    1 1 
4  689  690  691  692    1 1 
4  693  694  695  696    1 1 
4  697  698  699  700    1 1 
4  701  702  703  704    1 1 
4  705  706  707  708    1 1 
4  709  710  711  712    1 1 
4  713  714  715  716    1 1 
4  717  718  719  720    1 1 
4  721  722  723  724    1 1 
4  725  726  727  728    1 1 
4  729  730  731  732    1 1 
4  733  734  735  736    1 1 
4  737  738  739  740    1 1 
4  741  742  743  744    1 1 
4  745  746  747  748    1 1 
4  749  750  751  752    1 1 
4  753  754  755  756    1 1 
4  757  758  759  760    1 1 
4  761  762  763  764    1 1 
4  765  766  767  768    1 1 
4  769  770  771  772    1 1 
4  773  774  775  776    1 1 
4  777  778  779  780    1 1 
4  781  782  783  784    1 1 
4  785  786  787  788    1 1 
4  789  790  791  792    1 1 
4  793  794  795  796    1 1 
4  797  798  799  800    1 1 
4  801  802  803  804    1 1 
4  805  806  807  808    1 1 
4  809  810  811  812    1 1 
4  813  814  815  816    1 1 
4  817  818  819  820    1 1 
4  821  822  823  824    1 1 
4  825  826  827  828    1 1 
4  829  830  831  832    1 1 
4  833  834  835  836    1 1 
4  837  838  839  840    1 1 
4  841  842  843  844    1 1 
4  845  846  847  848    1 1 
4  849  850  851  852    1 1 
4  853  854  855  856    1 1 
4  857  858  859  860    1 1 
4  861  862  863  864    1 1 
4  865  866  867  868    1 1 
4  869  870  871  872    1 1 
4  873  874  875  876    1 1 
4  877  878  879  880    1 1 
4  881  882  883  884    1 1 
4  885  886  887  888    1 1 
4  889  890  891  892    1 1 
4  893  894  895  896    1 1 
4  897  898  899  900    1 1 
4  901  902  903  904    1 1 
4  905  906  907  908    1 1 
4  909  910  911  912    1 1 
4  913  914  915  916    1 1 
4  917  918  919  920    1 1 
4  921  922  923  924    1 1 
4  925  926  927  928    1 1 
4  929  930  931  932    1 1 
4  933  934  935  936    1 1 
4  937  938  939  940    1 1 
4  941  942  943  944    1 1 
4  945  946  947  948    1 1 
4  949  950  951  952    1 1 
4  953  954  955  956    1 1 
4  957  958  959  960    1 1 
4  961  962  963  964    1 1 
4  965  966  967  968    1 1 
4  969  970  971  972    1 1 
4  973  974  975  976    1 1 
4  977  978  979  980    1 1 
4  981  982  983  984    1 1 
4  985  986  987  988    1 1 
4  989  990  991  992    1 1 
4  993  994  995  996    1 1 
4  997  998  999  1000    1 1 
4  1001  1002  1003  1004    1 1 
4  1005  1006  1007  1008    1 1 
4  1009  1010  1011  1012    1 1 
4  1013  1014  1015  1016    1 1 
4  1017  1018  1019  1020    1 1 
4  1021  1022  1023  1024    1 1 
4  1025  1026  1027  1028    1 1 
4  1029  1030  1031  1032    1 1 
4  1033  1034  1035  1036    1 1 
4  1037  1038  1039  1040    1 1 
4  1041  1042  1043  1044    1 1 
4  1045  1046  1047  1048    1 1 
4  1049  1050  1051  1052    1 1 
4  1053  1054  1055  1056    1 1 
4  1057  1058  1059  1060    1 1 
4  1061  1062  1063  1064    1 1 
4  1065  1066  1067  1068    1 1 
4  1069  1070  1071  1072    1 1 
4  1073  1074  1075  1076    1 1 
4  1077  1078  1079  1080    1 1 
4  1081  1082  1083  1084    1 1 
4  1085  1086  1087  1088    1 1 
4  1089  1090  1091  1092    1 1 
4  1093  1094  1095  1096    1 1 
4  1097  1098  1099  1100    1 1 
4  1101  1102  1103  1104    1 1 
4  1105  1106  1107  1108    1 1 
4  1109  1110  1111  1112    1 1 
4  1113  1114  1115  1116    1 1 
4  1117  1118  1119  1120    1 1 
4  1121  1122  1123  1124    1 1 
4  1125  1126  1127  1128    1 1 
4  1129  1130  1131  1132    1 1 
4  1133  1134  1135  1136    1 1 
4  1137  1138  1139  1140    1 1 
4  1141  1142  1143  1144    1 1 
4  1145  1146  1147  1148    1 1 
4  1149  1150  1151  1152    1 1 
4  1153  1154  1155  1156    1 1 
4  1157  1158  1159  1160    1 1 
4  1161  1162  1163  1164    1 1 
4  1165  1166  1167  1168    1 1 
4  1169  1170  1171  1172    1 1 
4  1173  1174  1175  1176    1 1 
4  1177  1178  1179  1180    1 1 
4  1181  1182  1183  1184    1 1 
4  1185  1186  1187  1188    1 1 
4  1189  1190  1191  1192    1 1 
4  1193  1194  1195  1196    1 1 
4  1197  1198  1199  1200    1 1 
4  1201  1202  1203  1204    1 1 
4  1205  1206  1207  1208    1 1 
4  1209  1210  1211  1212    1 1 
4  1213  1214  1215  1216    1 1 
4  1217  1218  1219  1220    1 1 
4  1221  1222  1223  1224    1 1 
4  1225  1226  1227  1228    1 1 
4  1229  1230  1231  1232    1 1 
4  1233  1234  1235  1236    1 1 
4  1237  1238  1239  1240    1 1 
4  1241  1242  1243  1244    1 1 
4  1245  1246  1247  1248    1 1 
4  1249  1250  1251  1252    1 1 
4  1253  1254  1255  1256    1 1 
4  1257  1258  1259  1260    1 1 
4  1261  1262  1263  1264    1 1 
4  1265  1266  1267  1268    1 1 
4  1269  1270  1271  1272    1 1 
4  1273  1274  1275  1276    1 1 
4  1277  1278  1279  1280    1 1 
4  1281  1282  1283  1284    1 1 
4  1285  1286  1287  1288    1 1 
4  1289  1290  1291  1292    1 1 
4  1293  1294  1295  1296    1 1 
4  1297  1298  1299  1300    1 1 
4  1301  1302  1303  1304    1 1 
4  1305  1306  1307  1308    1 1 
4  1309  1310  1311  1312    1 1 
4  1313  1314  1315  1316    1 1 
4  1317  1318  1319  1320    1 1 
4  1321  1322  1323  1324    1 1 
4  1325  1326  1327  1328    1 1 
4  1329  1330  1331  1332    1 1 
4  1333  1334  1335  1336    1 1 
4  1337  1338  1339  1340    1 1 
4  1341  1342  1343  1344    1 1 
4  1345  1346  1347  1348    1 1 
4  1349  1350  1351  1352    1 1 
4  1353  1354  1355  1356    1 1 
4  1357  1358  1359  1360    1 1 
4  1361  1362  1363  1364    1 1 
4  1365  1366  1367  1368    1 1 
4  1369  1370  1371  1372    1 1 
4  1373  1374  1375  1376    1 1 
4  1377  1378  1379  1380    1 1 
4  1381  1382  1383  1384    1 1 
4  1385  1386  1387  1388    1 1 
4  1389  1390  1391  1392    1 1 
4  1393  1394  1395  1396    1 1 
4  1397  1398  1399  1400    1 1 
4  1401  1402  1403  1404    1 1 
4  1405  1406  1407  1408    1 1 
4  1409  1410  1411  1412    1 1 
4  1413  1414  1415  1416    1 1 
4  1417  1418  1419  1420    1 1 
4  1421  1422  1423  1424    1 1 
4  1425  1426  1427  1428    1 1 
4  1429  1430  1431  1432    1 1 
4  1433  1434  1435  1436    1 1 
4  1437  1438  1439  1440    1 1 
4  1441  1442  1443  1444    1 1 
4  1445  1446  1447  1448    1 1 
4  1449  1450  1451  1452    1 1 
4  1453  1454  1455  1456    1 1 
4  1457  1458  1459  1460    1 1 
4  1461  1462  1463  1464    1 1 
4  1465  1466  1467  1468    1 1 
4  1469  1470  1471  1472    1 1 
4  1473  1474  1475  1476    1 1 
4  1477  1478  1479  1480    1 1 
4  1481  1482  1483  1484    1 1 
4  1485  1486  1487  1488    1 1 
4  1489  1490  1491  1492    1 1 
4  1493  1494  1495  1496    1 1 
4  1497  1498  1499  1500    1 1 
4  1501  1502  1503  1504    1 1 
4  1505  1506  1507  1508    1 1 
4  1509  1510  1511  1512    1 1 
4  1513  1514  1515  1516    1 1 
4  1517  1518  1519  1520    1 1 
4  1521  1522  1523  1524    1 1 
4  1525  1526  1527  1528    1 1 
4  1529  1530  1531  1532    1 1 
4  1533  1534  1535  1536    1 1 
4  1537  1538  1539  1540    1 1 
4  1541  1542  1543  1544    1 1 
4  1545  1546  1547  1548    1 1 
4  1549  1550  1551  1552    1 1 
4  1553  1554  1555  1556    1 1 
4  1557  1558  1559  1560    1 1 
4  1561  1562  1563  1564    1 1 
4  1565  1566  1567  1568    1 1 
4  1569  1570  1571  1572    1 1 
4  1573  1574  1575  1576    1 1 
4  1577  1578  1579  1580    1 1 
4  1581  1582  1583  1584    1 1 
4  1585  1586  1587  1588    1 1 
4  1589  1590  1591  1592    1 1 
4  1593  1594  1595  1596    1 1 
4  1597  1598  1599  1600    1 1 
4  1601  1602  1603  1604    1 1 
4  1605  1606  1607  1608    1 1 
4  1609  1610  1611  1612    1 1 
4  1613  1614  1615  1616    1 1 
4  1617  1618  1619  1620    1 1 
4  1621  1622  1623  1624    1 1 
4  1625  1626  1627  1628    1 1 
4  1629  1630  1631  1632    1 1 
4  1633  1634  1635  1636    1 1 
4  1637  1638  1639  1640    1 1 
4  1641  1642  1643  1644    1 1 
4  1645  1646  1647  1648    1 1 
4  1649  1650  1651  1652    1 1 
4  1653  1654  1655  1656    1 1 
4  1657  1658  1659  1660    1 1 
4  1661  1662  1663  1664    1 1 
4  1665  1666  1667  1668    1 1 
4  1669  1670  1671  1672    1 1 
4  1673  1674  1675  1676    1 1 
4  1677  1678  1679  1680    1 1 
4  1681  1682  1683  1684    1 1 
4  1685  1686  1687  1688    1 1 
4  1689  1690  1691  1692    1 1 
4  1693  1694  1695  1696    1 1 
4  1697  1698  1699  1700    1 1 
4  1701  1702  1703  1704    1 1 
4  1705  1706  1707  1708    1 1 
4  1709  1710  1711  1712    1 1 
4  1713  1714  1715  1716    1 1 
4  1717  1718  1719  1720    1 1 
4  1721  1722  1723  1724    1 1 
4  1725  1726  1727  1728    1 1 
4  1729  1730  1731  1732    1 1 
4  1733  1734  1735  1736    1 1 
4  1737  1738  1739  1740    1 1 
4  1741  1742  1743  1744    1 1 
4  1745  1746  1747  1748    1 1 
4  1749  1750  1751  1752    1 1 
4  1753  1754  1755  1756    1 1 
4  1757  1758  1759  1760    1 1 
4  1761  1762  1763  1764    1 1 
# DG vertices (counter-clockwise) 
1764
0  0  
0.025  0  
0.025  0.025  
0  0.025  
0  0.025  
0.025  0.025  
0.025  0.075  
0  0.075  
0  0.075  
0.025  0.075  
0.025  0.125  
0  0.125  
0  0.125  
0.025  0.125  
0.025  0.175  
0  0.175  
0  0.175  
0.025  0.175  
0.025  0.225  
0  0.225  
0  0.225  
0.025  0.225  
0.025  0.275  
0  0.275  
0  0.275  
0.025  0.275  
0.025  0.325  
0  0.325  
0  0.325  
0.025  0.325  
0.025  0.375  
0  0.375  
0  0.375  
0.025  0.375  
0.025  0.425  
0  0.425  
0  0.425  
0.025  0.425  
0.025  0.475  
0  0.475  
0  0.475  
0.025  0.475  
0.025  0.525  
0  0.525  
0  0.525  
0.025  0.525  
0.025  0.575  
0  0.575  
0  0.575  
0.025  0.575  
0.025  0.625  
0  0.625  
0  0.625  
0.025  0.625  
0.025  0.675  
0  0.675  
0  0.675  
0.025  0.675  
0.025  0.725  
0  0.725  
0  0.725  
0.025  0.725  
0.025  0.775  
0  0.775  
0  0.775  
0.025  0.775  
0.025  0.825  
0  0.825  
0  0.825  
0.025  0.825  
0.025  0.875  
0  0.875  
0  0.875  
0.025  0.875  
0.025  0.925  
0  0.925  
0  0.925  
0.025  0.925  
0.025  0.975  
0  0.975  
0  0.975  
0.025  0.975  
0.025  1  
0  1  
0.025  0  
0.075  0  
0.075  0.025  
0.025  0.025  
0.025  0.025  
0.075  0.025  
0.075  0.075  
0.025  0.075  
0.025  0.075  
0.075  0.075  
0.075  0.125  
0.025  0.125  
0.025  0.125  
0.075  0.125  
0.075  0.175  
0.025  0.175  
0.025  0.175  
0.075  0.175  
0.075  0.225  
0.025  0.225  
0.025  0.225  
0.075  0.225  
0.075  0.275  
0.025  0.275  
0.025  0.275  
0.075  0.275  
0.075  0.325  
0.025  0.325  
0.025  0.325  
0.075  0.325  
0.075  0.375  
0.025  0.375  
0.025  0.375  
0.075  0.375  
0.075  0.425  
0.025  0.425  
0.025  0.425  
0.075  0.425  
0.075  0.475  
0.025  0.475  
0.025  0.475  
0.075  0.475  
0.075  0.525  
0.025  0.525  
0.025  0.525  
0.075  0.525  
0.075  0.575  
0.025  0.575  
0.025  0.575  
0.075  0.575  
0.075  0.625  
0.025  0.625  
0.025  0.625  
0.075  0.625  
0.075  0.675  
0.025  0.675  
0.025  0.675  
0.075  0.675  
0.075  0.725  
0.025  0.725  
0.025  0.725  
0.075  0.725  
0.075  0.775  
0.025  0.775  
0.025  0.775  
0.075  0.775  
0.075  0.825  
0.025  0.825  
0.025  0.825  
0.075  0.825  
0.075  0.875  
0.025  0.875  
0.025  0.875  
0.075  0.875  
0.075  0.925  
0.025  0.925  
0.025  0.925  
0.075  0.925  
0.075  0.975  
0.025  0.975  
0.025  0.975  
0.075  0.975  
0.075  1  
0.025  1  
0.075  0  
0.125  0  
0.125  0.025  
0.075  0.025  
0.075  0.025  
0.125  0.025  
0.125  0.075  
0.075  0.075  
0.075  0.075  
0.125  0.075  
0.125  0.125  
0.075  0.125  
0.075  0.125  
0.125  0.125  
0.125  0.175  
0.075  0.175  
0.075  0.175  
0.125  0.175  
0.125  0.225  
0.075  0.225  
0.075  0.225  
0.125  0.225  
0.125  0.275  
0.075  0.275  
0.075  0.275  
0.125  0.275  
0.125  0.325  
0.075  0.325  
0.075  0.325  
0.125  0.325  
0.125  0.375  
0.075  0.375  
0.075  0.375  
0.125  0.375  
0.125  0.425  
0.075  0.425  
0.075  0.425  
0.125  0.425  
0.125  0.475  
0.075  0.475  
0.075  0.475  
0.125  0.475  
0.125  0.525  
0.075  0.525  
0.075  0.525  
0.125  0.525  
0.125  0.575  
0.075  0.575  
0.075  0.575  
0.125  0.575  
0.125  0.625  
0.075  0.625  
0.075  0.625  
0.125  0.625  
0.125  0.675  
0.075  0.675  
0.075  0.675  
0.125  0.675  
0.125  0.725  
0.075  0.725  
0.075  0.725  
0.125  0.725  
0.125  0.775  
0.075  0.775  
0.075  0.775  
0.125  0.775  
0.125  0.825  
0.075  0.825  
0.075  0.825  
0.125  0.825  
0.125  0.875  
0.075  0.875  
0.075  0.875  
0.125  0.875  
0.125  0.925  
0.075  0.925  
0.075  0.925  
0.125  0.925  
0.125  0.975  
0.075  0.975  
0.075  0.975  
0.125  0.975  
0.125  1  
0.075  1  
0.125  0  
0.175  0  
0.175  0.025  
0.125  0.025  
0.125  0.025  
0.175  0.025  
0.175  0.075  
0.125  0.075  
0.125  0.075  
0.175  0.075  
0.175  0.125  
0.125  0.125  
0.125  0.125  
0.175  0.125  
0.175  0.175  
0.125  0.175  
0.125  0.175  
0.175  0.175  
0.175  0.225  
0.125  0.225  
0.125  0.225  
0.175  0.225  
0.175  0.275  
0.125  0.275  
0.125  0.275  
0.175  0.275  
0.175  0.325  
0.125  0.325  
0.125  0.325  
0.175  0.325  
0.175  0.375  
0.125  0.375  
0.125  0.375  
0.175  0.375  
0.175  0.425  
0.125  0.425  
0.125  0.425  
0.175  0.425  
0.175  0.475  
0.125  0.475  
0.125  0.475  
0.175  0.475  
0.175  0.525  
0.125  0.525  
0.125  0.525  
0.175  0.525  
0.175  0.575  
0.125  0.575  
0.125  0.575  
0.175  0.575  
0.175  0.625  
0.125  0.625  
0.125  0.625  
0.175  0.625  
0.175  0.675  
0.125  0.675  
0.125  0.675  
0.175  0.675  
0.175  0.725  
0.125  0.725  
0.125  0.725  
0.175  0.725  
0.175  0.775  
0.125  0.775  
0.125  0.775  
0.175  0.775  
0.175  0.825  
0.125  0.825  
0.125  0.825  
0.175  0.825  
0.175  0.875  
0.125  0.875  
0.125  0.875  
0.175  0.875  
0.175  0.925  
0.125  0.925  
0.125  0.925  
0.175  0.925  
0.175  0.975  
0.125  0.975  
0.125  0.975  
0.175  0.975  
0.175  1  
0.125  1  
0.175  0  
0.225  0  
0.225  0.025  
0.175  0.025  
0.175  0.025  
0.225  0.025  
0.225  0.075  
0.175  0.075  
0.175  0.075  
0.225  0.075  
0.225  0.125  
0.175  0.125  
0.175  0.125  
0.225  0.125  
0.225  0.175  
0.175  0.175  
0.175  0.175  
0.225  0.175  
0.225  0.225  
0.175  0.225  
0.175  0.225  
0.225  0.225  
0.225  0.275  
0.175  0.275  
0.175  0.275  
0.225  0.275  
0.225  0.325  
0.175  0.325  
0.175  0.325  
0.225  0.325  
0.225  0.375  
0.175  0.375  
0.175  0.375  
0.225  0.375  
0.225  0.425  
0.175  0.425  
0.175  0.425  
0.225  0.425  
0.225  0.475  
0.175  0.475  
0.175  0.475  
0.225  0.475  
0.225  0.525  
0.175  0.525  
0.175  0.525  
0.225  0.525  
0.225  0.575  
0.175  0.575  
0.175  0.575  
0.225  0.575  
0.225  0.625  
0.175  0.625  
0.175  0.625  
0.225  0.625  
0.225  0.675  
0.175  0.675  
0.175  0.675  
0.225  0.675  
0.225  0.725  
0.175  0.725  
0.175  0.725  
0.225  0.725  
0.225  0.775  
0.175  0.775  
0.175  0.775  
0.225  0.775  
0.225  0.825  
0.175  0.825  
0.175  0.825  
0.225  0.825  
0.225  0.875  
0.175  0.875  
0.175  0.875  
0.225  0.875  
0.225  0.925  
0.175  0.925  
0.175  0.925  
0.225  0.925  
0.225  0.975  
0.175  0.975  
0.175  0.975  
0.225  0.975  
0.225  1  
0.175  1  
0.225  0  
0.275  0  
0.275  0.025  
0.225  0.025  
0.225  0.025  
0.275  0.025  
0.275  0.075  
0.225  0.075  
0.225  0.075  
0.275  0.075  
0.275  0.125  
0.225  0.125  
0.225  0.125  
0.275  0.125  
0.275  0.175  
0.225  0.175  
0.225  0.175  
0.275  0.175  
0.275  0.225  
0.225  0.225  
0.225  0.225  
0.275  0.225  
0.275  0.275  
0.225  0.275  
0.225  0.275  
0.275  0.275  
0.275  0.325  
0.225  0.325  
0.225  0.325  
0.275  0.325  
0.275  0.375  
0.225  0.375  
0.225  0.375  
0.275  0.375  
0.275  0.425  
0.225  0.425  
0.225  0.425  
0.275  0.425  
0.275  0.475  
0.225  0.475  
0.225  0.475  
0.275  0.475  
0.275  0.525  
0.225  0.525  
0.225  0.525  
0.275  0.525  
0.275  0.575  
0.225  0.575  
0.225  0.575  
0.275  0.575  
0.275  0.625  
0.225  0.625  
0.225  0.625  
0.275  0.625  
0.275  0.675  
0.225  0.675  
0.225  0.675  
0.275  0.675  
0.275  0.725  
0.225  0.725  
0.225  0.725  
0.275  0.725  
0.275  0.775  
0.225  0.775  
0.225  0.775  
0.275  0.775  
0.275  0.825  
0.225  0.825  
0.225  0.825  
0.275  0.825  
0.275  0.875  
0.225  0.875  
0.225  0.875  
0.275  0.875  
0.275  0.925  
0.225  0.925  
0.225  0.925  
0.275  0.925  
0.275  0.975  
0.225  0.975  
0.225  0.975  
0.275  0.975  
0.275  1  
0.225  1  
0.275  0  
0.325  0  
0.325  0.025  
0.275  0.025  
0.275  0.025  
0.325  0.025  
0.325  0.075  
0.275  0.075  
0.275  0.075  
0.325  0.075  
0.325  0.125  
0.275  0.125  
0.275  0.125  
0.325  0.125  
0.325  0.175  
0.275  0.175  
0.275  0.175  
0.325  0.175  
0.325  0.225  
0.275  0.225  
0.275  0.225  
0.325  0.225  
0.325  0.275  
0.275  0.275  
0.275  0.275  
0.325  0.275  
0.325  0.325  
0.275  0.325  
0.275  0.325  
0.325  0.325  
0.325  0.375  
0.275  0.375  
0.275  0.375  
0.325  0.375  
0.325  0.425  
0.275  0.425  
0.275  0.425  
0.325  0.425  
0.325  0.475  
0.275  0.475  
0.275  0.475  
0.325  0.475  
0.325  0.525  
0.275  0.525  
0.275  0.525  
0.325  0.525  
0.325  0.575  
0.275  0.575  
0.275  0.575  
0.325  0.575  
0.325  0.625  
0.275  0.625  
0.275  0.625  
0.325  0.625  
0.325  0.675  
0.275  0.675  
0.275  0.675  
0.325  0.675  
0.325  0.725  
0.275  0.725  
0.275  0.725  
0.325  0.725  
0.325  0.775  
0.275  0.775  
0.275  0.775  
0.325  0.775  
0.325  0.825  
0.275  0.825  
0.275  0.825  
0.325  0.825  
0.325  0.875  
0.275  0.875  
0.275  0.875  
0.325  0.875  
0.325  0.925  
0.275  0.925  
0.275  0.925  
0.325  0.925  
0.325  0.975  
0.275  0.975  
0.275  0.975  
0.325  0.975  
0.325  1  
0.275  1  
0.325  0  
0.375  0  
0.375  0.025  
0.325  0.025  
0.325  0.025  
0.375  0.025  
0.375  0.075  
0.325  0.075  
0.325  0.075  
0.375  0.075  
0.375  0.125  
0.325  0.125  
0.325  0.125  
0.375  0.125  
0.375  0.175  
0.325  0.175  
0.325  0.175  
0.375  0.175  
0.375  0.225  
0.325  0.225  
0.325  0.225  
0.375  0.225  
0.375  0.275  
0.325  0.275  
0.325  0.275  
0.375  0.275  
0.375  0.325  
0.325  0.325  
0.325  0.325  
0.375  0.325  
0.375  0.375  
0.325  0.375  
0.325  0.375  
0.375  0.375  
0.375  0.425  
0.325  0.425  
0.325  0.425  
0.375  0.425  
0.375  0.475  
0.325  0.475  
0.325  0.475  
0.375  0.475  
0.375  0.525  
0.325  0.525  
0.325  0.525  
0.375  0.525  
0.375  0.575  
0.325  0.575  
0.325  0.575  
0.375  0.575  
0.375  0.625  
0.325  0.625  
0.325  0.625  
0.375  0.625  
0.375  0.675  
0.325  0.675  
0.325  0.675  
0.375  0.675  
0.375  0.725  
0.325  0.725  
0.325  0.725  
0.375  0.725  
0.375  0.775  
0.325  0.775  
0.325  0.775  
0.375  0.775  
0.375  0.825  
0.325  0.825  
0.325  0.825  
0.375  0.825  
0.375  0.875  
0.325  0.875  
0.325  0.875  
0.375  0.875  
0.375  0.925  
0.325  0.925  
0.325  0.925  
0.375  0.925  
0.375  0.975  
0.325  0.975  
0.325  0.975  
0.375  0.975  
0.375  1  
0.325  1  
0.375  0  
0.425  0  
0.425  0.025  
0.375  0.025  
0.375  0.025  
0.425  0.025  
0.425  0.075  
0.375  0.075  
0.375  0.075  
0.425  0.075  
0.425  0.125  
0.375  0.125  
0.375  0.125  
0.425  0.125  
0.425  0.175  
0.375  0.175  
0.375  0.175  
0.425  0.175  
0.425  0.225  
0.375  0.225  
0.375  0.225  
0.425  0.225  
0.425  0.275  
0.375  0.275  
0.375  0.275  
0.425  0.275  
0.425  0.325  
0.375  0.325  
0.375  0.325  
0.425  0.325  
0.425  0.375  
0.375  0.375  
0.375  0.375  
0.425  0.375  
0.425  0.425  
0.375  0.425  
0.375  0.425  
0.425  0.425  
0.425  0.475  
0.375  0.475  
0.375  0.475  
0.425  0.475  
0.425  0.525  
0.375  0.525  
0.375  0.525  
0.425  0.525  
0.425  0.575  
0.375  0.575  
0.375  0.575  
0.425  0.575  
0.425  0.625  
0.375  0.625  
0.375  0.625  
0.425  0.625  
0.425  0.675  
0.375  0.675  
0.375  0.675  
0.425  0.675  
0.425  0.725  
0.375  0.725  
0.375  0.725  
0.425  0.725  
0.425  0.775  
0.375  0.775  
0.375  0.775  
0.425  0.775  
0.425  0.825  
0.375  0.825  
0.375  0.825  
0.425  0.825  
0.425  0.875  
0.375  0.875  
0.375  0.875  
0.425  0.875  
0.425  0.925  
0.375  0.925  
0.375  0.925  
0.425  0.925  
0.425  0.975  
0.375  0.975  
0.375  0.975  
0.425  0.975  
0.425  1  
0.375  1  
0.425  0  
0.475  0  
0.475  0.025  
0.425  0.025  
0.425  0.025  
0.475  0.025  
0.475  0.075  
0.425  0.075  
0.425  0.075  
0.475  0.075  
0.475  0.125  
0.425  0.125  
0.425  0.125  
0.475  0.125  
0.475  0.175  
0.425  0.175  
0.425  0.175  
0.475  0.175  
0.475  0.225  
0.425  0.225  
0.425  0.225  
0.475  0.225  
0.475  0.275  
0.425  0.275  
0.425  0.275  
0.475  0.275  
0.475  0.325  
0.425  0.325  
0.425  0.325  
0.475  0.325  
0.475  0.375  
0.425  0.375  
0.425  0.375  
0.475  0.375  
0.475  0.425  
0.425  0.425  
0.425  0.425  
0.475  0.425  
0.475  0.475  
0.425  0.475  
0.425  0.475  
0.475  0.475  
0.475  0.525  
0.425  0.525  
0.425  0.525  
0.475  0.525  
0.475  0.575  
0.425  0.575  
0.425  0.575  
0.475  0.575  
0.475  0.625  
0.425  0.625  
0.425  0.625  
0.475  0.625  
0.475  0.675  
0.425  0.675  
0.425  0.675  
0.475  0.675  
0.475  0.725  
0.425  0.725  
0.425  0.725  
0.475  0.725  
0.475  0.775  
0.425  0.775  
0.425  0.775  
0.475  0.775  
0.475  0.825  
0.425  0.825  
0.425  0.825  
0.475  0.825  
0.475  0.875  
0.425  0.875  
0.425  0.875  
0.475  0.875  
0.475  0.925  
0.425  0.925  
0.425  0.925  
0.475  0.925  
0.475  0.975  
0.425  0.975  
0.425  0.975  
0.475  0.975  
0.475  1  
0.425  1  
0.475  0  
0.525  0  
0.525  0.025  
0.475  0.025  
0.475  0.025  
0.525  0.025  
0.525  0.075  
0.475  0.075  
0.475  0.075  
0.525  0.075  
0.525  0.125  
0.475  0.125  
0.475  0.125  
0.525  0.125  
0.525  0.175  
0.475  0.175  
0.475  0.175  
0.525  0.175  
0.525  0.225  
0.475  0.225  
0.475  0.225  
0.525  0.225  
0.525  0.275  
0.475  0.275  
0.475  0.275  
0.525  0.275  
0.525  0.325  
0.475  0.325  
0.475  0.325  
0.525  0.325  
0.525  0.375  
0.475  0.375  
0.475  0.375  
0.525  0.375  
0.525  0.425  
0.475  0.425  
0.475  0.425  
0.525  0.425  
0.525  0.475  
0.475  0.475  
0.475  0.475  
0.525  0.475  
0.525  0.525  
0.475  0.525  
0.475  0.525  
0.525  0.525  
0.525  0.575  
0.475  0.575  
0.475  0.575  
0.525  0.575  
0.525  0.625  
0.475  0.625  
0.475  0.625  
0.525  0.625  
0.525  0.675  
0.475  0.675  
0.475  0.675  
0.525  0.675  
0.525  0.725  
0.475  0.725  
0.475  0.725  
0.525  0.725  
0.525  0.775  
0.475  0.775  
0.475  0.775  
0.525  0.775  
0.525  0.825  
0.475  0.825  
0.475  0.825  
0.525  0.825  
0.525  0.875  
0.475  0.875  
0.475  0.875  
0.525  0.875  
0.525  0.925  
0.475  0.925  
0.475  0.925  
0.525  0.925  
0.525  0.975  
0.475  0.975  
0.475  0.975  
0.525  0.975  
0.525  1  
0.475  1  
0.525  0  
0.575  0  
0.575  0.025  
0.525  0.025  
0.525  0.025  
0.575  0.025  
0.575  0.075  
0.525  0.075  
0.525  0.075  
0.575  0.075  
0.575  0.125  
0.525  0.125  
0.525  0.125  
0.575  0.125  
0.575  0.175  
0.525  0.175  
0.525  0.175  
0.575  0.175  
0.575  0.225  
0.525  0.225  
0.525  0.225  
0.575  0.225  
0.575  0.275  
0.525  0.275  
0.525  0.275  
0.575  0.275  
0.575  0.325  
0.525  0.325  
0.525  0.325  
0.575  0.325  
0.575  0.375  
0.525  0.375  
0.525  0.375  
0.575  0.375  
0.575  0.425  
0.525  0.425  
0.525  0.425  
0.575  0.425  
0.575  0.475  
0.525  0.475  
0.525  0.475  
0.575  0.475  
0.575  0.525  
0.525  0.525  
0.525  0.525  
0.575  0.525  
0.575  0.575  
0.525  0.575  
0.525  0.575  
0.575  0.575  
0.575  0.625  
0.525  0.625  
0.525  0.625  
0.575  0.625  
0.575  0.675  
0.525  0.675  
0.525  0.675  
0.575  0.675  
0.575  0.725  
0.525  0.725  
0.525  0.725  
0.575  0.725  
0.575  0.775  
0.525  0.775  
0.525  0.775  
0.575  0.775  
0.575  0.825  
0.525  0.825  
0.525  0.825  
0.575  0.825  
0.575  0.875  
0.525  0.875  
0.525  0.875  
0.575  0.875  
0.575  0.925  
0.525  0.925  
0.525  0.925  
0.575  0.925  
0.575  0.975  
0.525  0.975  
0.525  0.975  
0.575  0.975  
0.575  1  
0.525  1  
0.575  0  
0.625  0  
0.625  0.025  
0.575  0.025  
0.575  0.025  
0.625  0.025  
0.625  0.075  
0.575  0.075  
0.575  0.075  
0.625  0.075  
0.625  0.125  
0.575  0.125  
0.575  0.125  
0.625  0.125  
0.625  0.175  
0.575  0.175  
0.575  0.175  
0.625  0.175  
0.625  0.225  
0.575  0.225  
0.575  0.225  
0.625  0.225  
0.625  0.275  
0.575  0.275  
0.575  0.275  
0.625  0.275  
0.625  0.325  
0.575  0.325  
0.575  0.325  
0.625  0.325  
0.625  0.375  
0.575  0.375  
0.575  0.375  
0.625  0.375  
0.625  0.425  
0.575  0.425  
0.575  0.425  
0.625  0.425  
0.625  0.475  
0.575  0.475  
0.575  0.475  
0.625  0.475  
0.625  0.525  
0.575  0.525  
0.575  0.525  
0.625  0.525  
0.625  0.575  
0.575  0.575  
0.575  0.575  
0.625  0.575  
0.625  0.625  
0.575  0.625  
0.575  0.625  
0.625  0.625  
0.625  0.675  
0.575  0.675  
0.575  0.675  
0.625  0.675  
0.625  0.725  
0.575  0.725  
0.575  0.725  
0.625  0.725  
0.625  0.775  
0.575  0.775  
0.575  0.775  
0.625  0.775  
0.625  0.825  
0.575  0.825  
0.575  0.825  
0.625  0.825  
0.625  0.875  
0.575  0.875  
0.575  0.875  
0.625  0.875  
0.625  0.925  
0.575  0.925  
0.575  0.925  
0.625  0.925  
0.625  0.975  
0.575  0.975  
0.575  0.975  
0.625  0.975  
0.625  1  
0.575  1  
0.625  0  
0.675  0  
0.675  0.025  
0.625  0.025  
0.625  0.025  
0.675  0.025  
0.675  0.075  
0.625  0.075  
0.625  0.075  
0.675  0.075  
0.675  0.125  
0.625  0.125  
0.625  0.125  
0.675  0.125  
0.675  0.175  
0.625  0.175  
0.625  0.175  
0.675  0.175  
0.675  0.225  
0.625  0.225  
0.625  0.225  
0.675  0.225  
0.675  0.275  
0.625  0.275  
0.625  0.275  
0.675  0.275  
0.675  0.325  
0.625  0.325  
0.625  0.325  
0.675  0.325  
0.675  0.375  
0.625  0.375  
0.625  0.375  
0.675  0.375  
0.675  0.425  
0.625  0.425  
0.625  0.425  
0.675  0.425  
0.675  0.475  
0.625  0.475  
0.625  0.475  
0.675  0.475  
0.675  0.525  
0.625  0.525  
0.625  0.525  
0.675  0.525  
0.675  0.575  
0.625  0.575  
0.625  0.575  
0.675  0.575  
0.675  0.625  
0.625  0.625  
0.625  0.625  
0.675  0.625  
0.675  0.675  
0.625  0.675  
0.625  0.675  
0.675  0.675  
0.675  0.725  
0.625  0.725  
0.625  0.725  
0.675  0.725  
0.675  0.775  
0.625  0.775  
0.625  0.775  
0.675  0.775  
0.675  0.825  
0.625  0.825  
0.625  0.825  
0.675  0.825  
0.675  0.875  
0.625  0.875  
0.625  0.875  
0.675  0.875  
0.675  0.925  
0.625  0.925  
0.625  0.925  
0.675  0.925  
0.675  0.975  
0.625  0.975  
0.625  0.975  
0.675  0.975  
0.675  1  
0.625  1  
0.675  0  
0.725  0  
0.725  0.025  
0.675  0.025  
0.675  0.025  
0.725  0.025  
0.725  0.075  
0.675  0.075  
0.675  0.075  
0.725  0.075  
0.725  0.125  
0.675  0.125  
0.675  0.125  
0.725  0.125  
0.725  0.175  
0.675  0.175  
0.675  0.175  
0.725  0.175  
0.725  0.225  
0.675  0.225  
0.675  0.225  
0.725  0.225  
0.725  0.275  
0.675  0.275  
0.675  0.275  
0.725  0.275  
0.725  0.325  
0.675  0.325  
0.675  0.325  
0.725  0.325  
0.725  0.375  
0.675  0.375  
0.675  0.375  
0.725  0.375  
0.725  0.425  
0.675  0.425  
0.675  0.425  
0.725  0.425  
0.725  0.475  
0.675  0.475  
0.675  0.475  
0.725  0.475  
0.725  0.525  
0.675  0.525  
0.675  0.525  
0.725  0.525  
0.725  0.575  
0.675  0.575  
0.675  0.575  
0.725  0.575  
0.725  0.625  
0.675  0.625  
0.675  0.625  
0.725  0.625  
0.725  0.675  
0.675  0.675  
0.675  0.675  
0.725  0.675  
0.725  0.725  
0.675  0.725  
0.675  0.725  
0.725  0.725  
0.725  0.775  
0.675  0.775  
0.675  0.775  
0.725  0.775  
0.725  0.825  
0.675  0.825  
0.675  0.825  
0.725  0.825  
0.725  0.875  
0.675  0.875  
0.675  0.875  
0.725  0.875  
0.725  0.925  
0.675  0.925  
0.675  0.925  
0.725  0.925  
0.725  0.975  
0.675  0.975  
0.675  0.975  
0.725  0.975  
0.725  1  
0.675  1  
0.725  0  
0.775  0  
0.775  0.025  
0.725  0.025  
0.725  0.025  
0.775  0.025  
0.775  0.075  
0.725  0.075  
0.725  0.075  
0.775  0.075  
0.775  0.125  
0.725  0.125  
0.725  0.125  
0.775  0.125  
0.775  0.175  
0.725  0.175  
0.725  0.175  
0.775  0.175  
0.775  0.225  
0.725  0.225  
0.725  0.225  
0.775  0.225  
0.775  0.275  
0.725  0.275  
0.725  0.275  
0.775  0.275  
0.775  0.325  
0.725  0.325  
0.725  0.325  
0.775  0.325  
0.775  0.375  
0.725  0.375  
0.725  0.375  
0.775  0.375  
0.775  0.425  
0.725  0.425  
0.725  0.425  
0.775  0.425  
0.775  0.475  
0.725  0.475  
0.725  0.475  
0.775  0.475  
0.775  0.525  
0.725  0.525  
0.725  0.525  
0.775  0.525  
0.775  0.575  
0.725  0.575  
0.725  0.575  
0.775  0.575  
0.775  0.625  
0.725  0.625  
0.725  0.625  
0.775  0.625  
0.775  0.675  
0.725  0.675  
0.725  0.675  
0.775  0.675  
0.775  0.725  
0.725  0.725  
0.725  0.725  
0.775  0.725  
0.775  0.775  
0.725  0.775  
0.725  0.775  
0.775  0.775  
0.775  0.825  
0.725  0.825  
0.725  0.825  
0.775  0.825  
0.775  0.875  
0.725  0.875  
0.725  0.875  
0.775  0.875  
0.775  0.925  
0.725  0.925  
0.725  0.925  
0.775  0.925  
0.775  0.975  
0.725  0.975  
0.725  0.975  
0.775  0.975  
0.775  1  
0.725  1  
0.775  0  
0.825  0  
0.825  0.025  
0.775  0.025  
0.775  0.025  
0.825  0.025  
0.825  0.075  
0.775  0.075  
0.775  0.075  
0.825  0.075  
0.825  0.125  
0.775  0.125  
0.775  0.125  
0.825  0.125  
0.825  0.175  
0.775  0.175  
0.775  0.175  
0.825  0.175  
0.825  0.225  
0.775  0.225  
0.775  0.225  
0.825  0.225  
0.825  0.275  
0.775  0.275  
0.775  0.275  
0.825  0.275  
0.825  0.325  
0.775  0.325  
0.775  0.325  
0.825  0.325  
0.825  0.375  
0.775  0.375  
0.775  0.375  
0.825  0.375  
0.825  0.425  
0.775  0.425  
0.775  0.425  
0.825  0.425  
0.825  0.475  
0.775  0.475  
0.775  0.475  
0.825  0.475  
0.825  0.525  
0.775  0.525  
0.775  0.525  
0.825  0.525  
0.825  0.575  
0.775  0.575  
0.775  0.575  
0.825  0.575  
0.825  0.625  
0.775  0.625  
0.775  0.625  
0.825  0.625  
0.825  0.675  
0.775  0.675  
0.775  0.675  
0.825  0.675  
0.825  0.725  
0.775  0.725  
0.775  0.725  
0.825  0.725  
0.825  0.775  
0.775  0.775  
0.775  0.775  
0.825  0.775  
0.825  0.825  
0.775  0.825  
0.775  0.825  
0.825  0.825  
0.825  0.875  
0.775  0.875  
0.775  0.875  
0.825  0.875  
0.825  0.925  
0.775  0.925  
0.775  0.925  
0.825  0.925  
0.825  0.975  
0.775  0.975  
0.775  0.975  
0.825  0.975  
0.825  1  
0.775  1  
0.825  0  
0.875  0  
0.875  0.025  
0.825  0.025  
0.825  0.025  
0.875  0.025  
0.875  0.075  
0.825  0.075  
0.825  0.075  
0.875  0.075  
0.875  0.125  
0.825  0.125  
0.825  0.125  
0.875  0.125  
0.875  0.175  
0.825  0.175  
0.825  0.175  
0.875  0.175  
0.875  0.225  
0.825  0.225  
0.825  0.225  
0.875  0.225  
0.875  0.275  
0.825  0.275  
0.825  0.275  
0.875  0.275  
0.875  0.325  
0.825  0.325  
0.825  0.325  
0.875  0.325  
0.875  0.375  
0.825  0.375  
0.825  0.375  
0.875  0.375  
0.875  0.425  
0.825  0.425  
0.825  0.425  
0.875  0.425  
0.875  0.475  
0.825  0.475  
0.825  0.475  
0.875  0.475  
0.875  0.525  
0.825  0.525  
0.825  0.525  
0.875  0.525  
0.875  0.575  
0.825  0.575  
0.825  0.575  
0.875  0.575  
0.875  0.625  
0.825  0.625  
0.825  0.625  
0.875  0.625  
0.875  0.675  
0.825  0.675  
0.825  0.675  
0.875  0.675  
0.875  0.725  
0.825  0.725  
0.825  0.725  
0.875  0.725  
0.875  0.775  
0.825  0.775  
0.825  0.775  
0.875  0.775  
0.875  0.825  
0.825  0.825  
0.825  0.825  
0.875  0.825  
0.875  0.875  
0.825  0.875  
0.825  0.875  
0.875  0.875  
0.875  0.925  
0.825  0.925  
0.825  0.925  
0.875  0.925  
0.875  0.975  
0.825  0.975  
0.825  0.975  
0.875  0.975  
0.875  1  
0.825  1  
0.875  0  
0.925  0  
0.925  0.025  
0.875  0.025  
0.875  0.025  
0.925  0.025  
0.925  0.075  
0.875  0.075  
0.875  0.075  
0.925  0.075  
0.925  0.125  
0.875  0.125  
0.875  0.125  
0.925  0.125  
0.925  0.175  
0.875  0.175  
0.875  0.175  
0.925  0.175  
0.925  0.225  
0.875  0.225  
0.875  0.225  
0.925  0.225  
0.925  0.275  
0.875  0.275  
0.875  0.275  
0.925  0.275  
0.925  0.325  
0.875  0.325  
0.875  0.325  
0.925  0.325  
0.925  0.375  
0.875  0.375  
0.875  0.375  
0.925  0.375  
0.925  0.425  
0.875  0.425  
0.875  0.425  
0.925  0.425  
0.925  0.475  
0.875  0.475  
0.875  0.475  
0.925  0.475  
0.925  0.525  
0.875  0.525  
0.875  0.525  
0.925  0.525  
0.925  0.575  
0.875  0.575  
0.875  0.575  
0.925  0.575  
0.925  0.625  
0.875  0.625  
0.875  0.625  
0.925  0.625  
0.925  0.675  
0.875  0.675  
0.875  0.675  
0.925  0.675  
0.925  0.725  
0.875  0.725  
0.875  0.725  
0.925  0.725  
0.925  0.775  
0.875  0.775  
0.875  0.775  
0.925  0.775  
0.925  0.825  
0.875  0.825  
0.875  0.825  
0.925  0.825  
0.925  0.875  
0.875  0.875  
0.875  0.875  
0.925  0.875  
0.925  0.925  
0.875  0.925  
0.875  0.925  
0.925  0.925  
0.925  0.975  
0.875  0.975  
0.875  0.975  
0.925  0.975  
0.925  1  
0.875  1  
0.925  0  
0.975  0  
0.975  0.025  
0.925  0.025  
0.925  0.025  
0.975  0.025  
0.975  0.075  
0.925  0.075  
0.925  0.075  
0.975  0.075  
0.975  0.125  
0.925  0.125  
0.925  0.125  
0.975  0.125  
0.975  0.175  
0.925  0.175  
0.925  0.175  
0.975  0.175  
0.975  0.225  
0.925  0.225  
0.925  0.225  
0.975  0.225  
0.975  0.275  
0.925  0.275  
0.925  0.275  
0.975  0.275  
0.975  0.325  
0.925  0.325  
0.925  0.325  
0.975  0.325  
0.975  0.375  
0.925  0.375  
0.925  0.375  
0.975  0.375  
0.975  0.425  
0.925  0.425  
0.925  0.425  
0.975  0.425  
0.975  0.475  
0.925  0.475  
0.925  0.475  
0.975  0.475  
0.975  0.525  
0.925  0.525  
0.925  0.525  
0.975  0.525  
0.975  0.575  
0.925  0.575  
0.925  0.575  
0.975  0.575  
0.975  0.625  
0.925  0.625  
0.925  0.625  
0.975  0.625  
0.975  0.675  
0.925  0.675  
0.925  0.675  
0.975  0.675  
0.975  0.725  
0.925  0.725  
0.925  0.725  
0.975  0.725  
0.975  0.775  
0.925  0.775  
0.925  0.775  
0.975  0.775  
0.975  0.825  
0.925  0.825  
0.925  0.825  
0.975  0.825  
0.975  0.875  
0.925  0.875  
0.925  0.875  
0.975  0.875  
0.975  0.925  
0.925  0.925  
0.925  0.925  
0.975  0.925  
0.975  0.975  
0.925  0.975  
0.925  0.975  
0.975  0.975  
0.975  1  
0.925  1  
0.975  0  
1  0  
1  0.025  
0.975  0.025  
0.975  0.025  
1  0.025  
1  0.075  
0.975  0.075  
0.975  0.075  
1  0.075  
1  0.125  
0.975  0.125  
0.975  0.125  
1  0.125  
1  0.175  
0.975  0.175  
0.975  0.175  
1  0.175  
1  0.225  
0.975  0.225  
0.975  0.225  
1  0.225  
1  0.275  
0.975  0.275  
0.975  0.275  
1  0.275  
1  0.325  
0.975  0.325  
0.975  0.325  
1  0.325  
1  0.375  
0.975  0.375  
0.975  0.375  
1  0.375  
1  0.425  
0.975  0.425  
0.975  0.425  
1  0.425  
1  0.475  
0.975  0.475  
0.975  0.475  
1  0.475  
1  0.525  
0.975  0.525  
0.975  0.525  
1  0.525  
1  0.575  
0.975  0.575  
0.975  0.575  
1  0.575  
1  0.625  
0.975  0.625  
0.975  0.625  
1  0.625  
1  0.675  
0.975  0.675  
0.975  0.675  
1  0.675  
1  0.725  
0.975  0.725  
0.975  0.725  
1  0.725  
1  0.775  
0.975  0.775  
0.975  0.775  
1  0.775  
1  0.825  
0.975  0.825  
0.975  0.825  
1  0.825  
1  0.875  
0.975  0.875  
0.975  0.875  
1  0.875  
1  0.925  
0.975  0.925  
0.975  0.925  
1  0.925  
1  0.975  
0.975  0.975  
0.975  0.975  
1  0.975  
1  1  
0.975  1  
# grid vertices 
556
0.425 0.725 
0.975 0.775 
0.025 0.625 
0.725 0.725 
0.675 0.625 
0.825 0.725 
0.475 0.425 
0.675 0.875 
0.625 0.875 
0.325 0.625 
0.425 0.125 
0.175 0.425 
0.175 0.225 
0.075 0.525 
0.075 0.725 
0.275 0.975 
0.025 0.875 
0.325 0.475 
0.075 0.775 
0.525 0.575 
0.475 0.875 
0.375 0.775 
0.725 0.925 
0.525 0.925 
0.725 0.975 
0.575 0.875 
0.775 0.875 
0.975 0.825 
0.875 0.775 
0.975 0.575 
0.825 0.525 
0.825 0.825 
0.925 0.625 
0.925 0.775 
0.625 0.025 
0.875 0.575 
0.325 0.275 
0.725 0.125 
0.075 0.075 
0.075 0.175 
0.025 0.225 
0.125 0.175 
0.225 0.225 
0.425 0.025 
0.075 0.125 
0.475 0.075 
0.475 0.025 
0.375 0.125 
0.375 0.175 
0.225 0.375 
0.225 0.075 
0.175 0.025 
0.625 0.175 
0.325 0.125 
0.675 0.225 
0.725 0.525 
0.325 0.375 
0.475 0.475 
0.675 0.725 
0.275 0.325 
0.325 0.425 
0.525 0.525 
0.375 0.425 
0.075 0.625 
0.025 0.325 
0.125 0.325 
0.125 0.225 
0.025 0.275 
0.025 0.475 
0.025 0.525 
0.075 0.375 
0.025 0.425 
0.275 0.475 
0.025 0.675 
0.275 0.725 
0.025 0.575 
0.175 0.975 
0.075 0.825 
0.025 0.825 
0.225 0.675 
0.275 0.825 
0.125 0.675 
0.125 0.775 
0.175 0.675 
0.375 0.475 
0.325 0.775 
0.225 0.575 
0.375 0.825 
0.125 0.925 
0.475 0.925 
0.425 0.875 
0.475 0.575 
0.575 0.725 
0.425 0.775 
0.425 0.675 
0.225 0.625 
0.325 0.675 
0.375 0.675 
0.275 0.625 
0.225 0.725 
0.375 0.625 
0.825 0.475 
0.875 0.675 
0.775 0.675 
0.475 0.725 
0.575 0.825 
0.525 0.825 
0.675 0.675 
0.525 0.975 
0.675 0.925 
0.875 0.875 
0.575 0.975 
0.575 0.925 
0.775 0.825 
0.775 0.925 
0.875 0.825 
0.725 0.875 
0.825 0.875 
0.825 0.925 
0.875 0.975 
0.925 0.825 
0.925 0.925 
0.925 0.875 
0.975 0.725 
0.925 0.725 
0.775 0.575 
0.725 0.625 
0.875 0.625 
0.775 0.725 
0.875 0.725 
0.925 0.575 
0.875 0.275 
0.975 0.425 
0.775 0.625 
0.925 0.475 
0.625 0.575 
0.475 0.675 
0.425 0.575 
0.675 0.375 
0.775 0.425 
0.575 0.425 
0.725 0.275 
0.675 0.425 
0.775 0.325 
0.425 0.225 
0.625 0.125 
0.425 0.275 
0.525 0.025 
0.675 0.125 
0.475 0.175 
0.725 0.175 
0.775 0.175 
0.775 0.075 
0.725 0.025 
0.825 0.075 
0.825 0.125 
0.925 0.325 
0.925 0.025 
0.925 0.175 
0.825 0.325 
0.025 0.025 
0.125 0.025 
0.075 0.025 
0.025 0.075 
0.025 0.125 
0.025 0.175 
0.075 0.225 
0.125 0.125 
0.175 0.125 
0.175 0.175 
0.275 0.075 
0.175 0.075 
0.125 0.075 
0.225 0.025 
0.225 0.125 
0.275 0.025 
0.325 0.225 
0.325 0.075 
0.375 0.075 
0.325 0.025 
0.375 0.025 
0.575 0.075 
0.425 0.075 
0.325 0.175 
0.425 0.175 
0.525 0.275 
0.375 0.225 
0.325 0.325 
0.475 0.225 
0.225 0.175 
0.275 0.175 
0.275 0.125 
0.275 0.225 
0.225 0.275 
0.275 0.275 
0.375 0.375 
0.375 0.275 
0.575 0.325 
0.525 0.225 
0.425 0.325 
0.475 0.275 
0.375 0.325 
0.425 0.525 
0.425 0.375 
0.525 0.425 
0.425 0.425 
0.425 0.475 
0.275 0.375 
0.225 0.425 
0.225 0.475 
0.275 0.425 
0.175 0.475 
0.175 0.375 
0.075 0.425 
0.125 0.425 
0.125 0.375 
0.175 0.325 
0.225 0.325 
0.175 0.275 
0.125 0.275 
0.075 0.325 
0.075 0.275 
0.025 0.375 
0.125 0.475 
0.075 0.475 
0.125 0.575 
0.075 0.575 
0.125 0.625 
0.125 0.525 
0.175 0.625 
0.175 0.575 
0.175 0.525 
0.275 0.575 
0.225 0.525 
0.175 0.725 
0.275 0.675 
0.175 0.775 
0.125 0.725 
0.175 0.875 
0.075 0.675 
0.025 0.725 
0.025 0.775 
0.125 0.875 
0.075 0.875 
0.025 0.925 
0.075 0.925 
0.025 0.975 
0.075 0.975 
0.125 0.975 
0.175 0.925 
0.225 0.875 
0.225 0.975 
0.125 0.825 
0.175 0.825 
0.325 0.825 
0.225 0.825 
0.225 0.775 
0.325 0.725 
0.325 0.925 
0.275 0.875 
0.225 0.925 
0.375 0.925 
0.325 0.875 
0.275 0.925 
0.325 0.975 
0.375 0.975 
0.425 0.925 
0.475 0.975 
0.425 0.975 
0.375 0.875 
0.475 0.825 
0.525 0.875 
0.425 0.825 
0.475 0.775 
0.375 0.725 
0.425 0.625 
0.575 0.625 
0.525 0.625 
0.275 0.775 
0.375 0.525 
0.325 0.575 
0.325 0.525 
0.275 0.525 
0.375 0.575 
0.475 0.525 
0.475 0.625 
0.575 0.525 
0.625 0.525 
0.525 0.475 
0.675 0.475 
0.575 0.475 
0.725 0.575 
0.725 0.425 
0.625 0.475 
0.675 0.525 
0.675 0.575 
0.625 0.625 
0.775 0.525 
0.625 0.725 
0.625 0.675 
0.575 0.575 
0.525 0.725 
0.525 0.675 
0.575 0.675 
0.625 0.775 
0.525 0.775 
0.575 0.775 
0.625 0.925 
0.625 0.825 
0.625 0.975 
0.675 0.975 
0.675 0.775 
0.725 0.775 
0.675 0.825 
0.725 0.825 
0.825 0.775 
0.775 0.775 
0.875 0.925 
0.775 0.975 
0.825 0.975 
0.925 0.975 
0.975 0.975 
0.975 0.925 
0.975 0.875 
0.975 0.625 
0.975 0.675 
0.925 0.675 
0.825 0.625 
0.825 0.675 
0.725 0.675 
0.825 0.575 
0.775 0.475 
0.875 0.475 
0.725 0.475 
0.875 0.375 
0.875 0.525 
0.975 0.525 
0.925 0.525 
0.975 0.475 
0.925 0.375 
0.875 0.425 
0.975 0.375 
0.925 0.425 
0.975 0.325 
0.975 0.275 
0.925 0.225 
0.875 0.325 
0.925 0.275 
0.775 0.375 
0.825 0.275 
0.825 0.175 
0.825 0.225 
0.875 0.225 
0.725 0.375 
0.825 0.375 
0.825 0.425 
0.675 0.275 
0.625 0.425 
0.575 0.225 
0.575 0.375 
0.625 0.375 
0.475 0.375 
0.525 0.375 
0.625 0.225 
0.475 0.325 
0.525 0.325 
0.625 0.325 
0.575 0.275 
0.625 0.275 
0.775 0.225 
0.675 0.325 
0.725 0.325 
0.725 0.225 
0.775 0.275 
0.775 0.125 
0.675 0.175 
0.725 0.075 
0.575 0.125 
0.525 0.175 
0.475 0.125 
0.525 0.125 
0.575 0.175 
0.625 0.075 
0.525 0.075 
0.575 0.025 
0.675 0.025 
0.675 0.075 
0.775 0.025 
0.925 0.075 
0.875 0.025 
0.825 0.025 
0.875 0.125 
0.875 0.175 
0.875 0.075 
0.975 0.225 
0.975 0.175 
0.975 0.125 
0.925 0.125 
0.975 0.075 
0.975 0.025 
0.025 -2.06097 
-2.06097 0.025 
-2.02659 0.075 
-1.9944 0.125 
-1.96476 0.175 
-1.93808 0.225 
-1.91481 0.275 
-1.89542 0.325 
-1.88039 0.375 
-1.8701 0.425 
-1.86487 0.475 
-1.86487 0.525 
-1.8701 0.575 
-1.88039 0.625 
-1.89542 0.675 
-1.91481 0.725 
-1.93808 0.775 
-1.96476 0.825 
-1.9944 0.875 
-2.02659 0.925 
-2.06097 0.975 
0.075 -2.02659 
0.025 3.06097 
0.125 -1.9944 
0.075 3.02659 
0.175 -1.96476 
0.125 2.9944 
0.225 -1.93808 
0.175 2.96476 
0.275 -1.91481 
0.225 2.93808 
0.325 -1.89542 
0.275 2.91481 
0.375 -1.88039 
0.325 2.89542 
0.425 -1.8701 
0.375 2.88039 
0.475 -1.86487 
0.425 2.8701 
0.525 -1.86487 
0.475 2.86487 
0.575 -1.8701 
0.525 2.86487 
0.625 -1.88039 
0.575 2.8701 
0.675 -1.89542 
0.625 2.88039 
0.725 -1.91481 
0.675 2.89542 
0.775 -1.93808 
0.725 2.91481 
0.825 -1.96476 
0.775 2.93808 
0.875 -1.9944 
0.825 2.96476 
0.925 -2.02659 
0.875 2.9944 
0.975 -2.06097 
0.925 3.02659 
3.06097 0.025 
3.02659 0.075 
2.9944 0.125 
2.96476 0.175 
2.93808 0.225 
2.91481 0.275 
2.89542 0.325 
2.88039 0.375 
2.8701 0.425 
2.86487 0.475 
2.86487 0.525 
2.8701 0.575 
2.88039 0.625 
2.89542 0.675 
2.91481 0.725 
2.93808 0.775 
2.96476 0.825 
2.9944 0.875 
3.02659 0.925 
3.06097 0.975 
0.975 3.06097 
0.025 0 
0 0 
0 0.025 
0 0.075 
0 0.125 
0 0.175 
0 0.225 
0 0.275 
0 0.325 
0 0.375 
0 0.425 
0 0.475 
0 0.525 
0 0.575 
0 0.625 
0 0.675 
0 0.725 
0 0.775 
0 0.825 
0 0.875 
0 0.925 
0 0.975 
0 1 
0.025 1 
0.075 0 
0.075 1 
0.125 0 
0.125 1 
0.175 0 
0.175 1 
0.225 0 
0.225 1 
0.275 0 
0.275 1 
0.325 0 
0.325 1 
0.375 0 
0.375 1 
0.425 0 
0.425 1 
0.475 0 
0.475 1 
0.525 0 
0.525 1 
0.575 0 
0.575 1 
0.625 0 
0.625 1 
0.675 0 
0.675 1 
0.725 0 
0.725 1 
0.775 0 
0.775 1 
0.825 0 
0.825 1 
0.875 0 
0.875 1 
0.925 0 
0.925 1 
0.975 0 
1 0.975 
1 1 
1 0 
1 0.025 
1 0.075 
1 0.125 
1 0.175 
1 0.225 
1 0.275 
1 0.325 
1 0.375 
1 0.425 
1 0.475 
1 0.525 
1 0.575 
1 0.625 
1 0.675 
1 0.725 
1 0.775 
1 0.825 
1 0.875 
1 0.925 
0.975 1 
