# Date: 8/4/2013   Time: 14:59
# dimensions 
1 1 
# connectivity 
35
4  1  2  3  4    1 1 
4  5  6  7  8    1 1 
4  9  10  11  12    1 1 
4  13  14  15  16    1 1 
4  17  18  19  20    1 1 
4  21  22  23  24    1 1 
4  25  26  27  28    1 1 
6  29  30  31  32  33  34    1 1 
6  35  36  37  38  39  40    1 1 
6  41  42  43  44  45  46    1 1 
6  47  48  49  50  51  52    1 1 
5  53  54  55  56  57    1 1 
5  58  59  60  61  62    1 1 
4  63  64  65  66    1 1 
4  67  68  69  70    1 1 
6  71  72  73  74  75  76    1 1 
8  77  78  79  80  81  82  83  84    1 1 
4  85  86  87  88    1 1 
8  89  90  91  92  93  94  95  96    1 1 
6  97  98  99  100  101  102    1 1 
4  103  104  105  106    1 1 
4  107  108  109  110    1 1 
5  111  112  113  114  115    1 1 
5  116  117  118  119  120    1 1 
6  121  122  123  124  125  126    1 1 
6  127  128  129  130  131  132    1 1 
6  133  134  135  136  137  138    1 1 
6  139  140  141  142  143  144    1 1 
4  145  146  147  148    1 1 
4  149  150  151  152    1 1 
4  153  154  155  156    1 1 
4  157  158  159  160    1 1 
4  161  162  163  164    1 1 
4  165  166  167  168    1 1 
4  169  170  171  172    1 1 
# DG vertices (counter-clockwise) 
172
0  0  
0.1  0  
0.1  0.0125  
0  0.0125  
0  0.0125  
0.1  0.0125  
0.1  0.0375  
0  0.0375  
0  0.0375  
0.1  0.0375  
0.1  0.2875  
0  0.2875  
0  0.2875  
0.1  0.2875  
0.1  0.7625  
0  0.7625  
0  0.7625  
0.1  0.7625  
0.1  1  
0  1  
0.1  0  
0.275  0  
0.275  0.0125  
0.1  0.0125  
0.1  0.0125  
0.275  0.0125  
0.279167  0.0375  
0.1  0.0375  
0.1  0.0375  
0.279167  0.0375  
0.327778  0.183333  
0.275  0.2625  
0.204167  0.2875  
0.1  0.2875  
0.1  0.2875  
0.204167  0.2875  
0.329808  0.664423  
0.275  0.7375  
0.204167  0.7625  
0.1  0.7625  
0.1  0.7625  
0.204167  0.7625  
0.270833  0.9625  
0.275  0.9875  
0.275  1  
0.1  1  
0.279167  0.0375  
0.275  0.0125  
0.275  0  
0.425  0  
0.425  0.125  
0.327778  0.183333  
0.204167  0.2875  
0.275  0.2625  
0.44375  0.375  
0.402083  0.625  
0.329808  0.664423  
0.204167  0.7625  
0.275  0.7375  
0.458333  0.875  
0.429167  0.9625  
0.270833  0.9625  
0.270833  0.9625  
0.429167  0.9625  
0.425  0.9875  
0.275  0.9875  
0.275  0.9875  
0.425  0.9875  
0.425  1  
0.275  1  
0.425  0  
0.575  0  
0.575  0.0125  
0.570833  0.0375  
0.541667  0.125  
0.425  0.125  
0.327778  0.183333  
0.425  0.125  
0.541667  0.125  
0.725  0.2625  
0.670192  0.335577  
0.597917  0.375  
0.44375  0.375  
0.275  0.2625  
0.44375  0.375  
0.597917  0.375  
0.55625  0.625  
0.402083  0.625  
0.275  0.7375  
0.329808  0.664423  
0.402083  0.625  
0.55625  0.625  
0.725  0.7375  
0.672222  0.816667  
0.575  0.875  
0.458333  0.875  
0.458333  0.875  
0.575  0.875  
0.575  1  
0.425  1  
0.425  0.9875  
0.429167  0.9625  
0.575  0  
0.725  0  
0.725  0.0125  
0.575  0.0125  
0.575  0.0125  
0.725  0.0125  
0.729167  0.0375  
0.570833  0.0375  
0.541667  0.125  
0.570833  0.0375  
0.729167  0.0375  
0.795833  0.2375  
0.725  0.2625  
0.597917  0.375  
0.670192  0.335577  
0.795833  0.7125  
0.725  0.7375  
0.55625  0.625  
0.575  0.875  
0.672222  0.816667  
0.720833  0.9625  
0.725  0.9875  
0.725  1  
0.575  1  
0.729167  0.0375  
0.725  0.0125  
0.725  0  
0.9  0  
0.9  0.2375  
0.795833  0.2375  
0.670192  0.335577  
0.725  0.2625  
0.795833  0.2375  
0.9  0.2375  
0.9  0.7125  
0.795833  0.7125  
0.672222  0.816667  
0.725  0.7375  
0.795833  0.7125  
0.9  0.7125  
0.9  0.9625  
0.720833  0.9625  
0.720833  0.9625  
0.9  0.9625  
0.9  0.9875  
0.725  0.9875  
0.725  0.9875  
0.9  0.9875  
0.9  1  
0.725  1  
0.9  0  
1  0  
1  0.2375  
0.9  0.2375  
0.9  0.2375  
1  0.2375  
1  0.7125  
0.9  0.7125  
0.9  0.7125  
1  0.7125  
1  0.9625  
0.9  0.9625  
0.9  0.9625  
1  0.9625  
1  0.9875  
0.9  0.9875  
0.9  0.9875  
1  0.9875  
1  1  
0.9  1  
# grid vertices 
83
0.275 0.0125 
0.725 0.0125 
0.279167 0.0375 
0.795833 0.2375 
0.329808 0.664423 
0.1 0.2875 
0.1 0.0125 
0.425 0.125 
0.541667 0.125 
0.327778 0.183333 
0.1 0.0375 
0.204167 0.2875 
0.204167 0.7625 
0.1 0.7625 
0.458333 0.875 
0.270833 0.9625 
0.275 0.9875 
0.429167 0.9625 
0.725 0.7375 
0.275 0.7375 
0.725 0.2625 
0.275 0.2625 
0.670192 0.335577 
0.425 0.9875 
0.575 0.875 
0.672222 0.816667 
0.9 0.9625 
0.725 0.9875 
0.9 0.9875 
0.720833 0.9625 
0.44375 0.375 
0.729167 0.0375 
0.9 0.7125 
0.597917 0.375 
0.402083 0.625 
0.795833 0.7125 
0.55625 0.625 
0.570833 0.0375 
0.575 0.0125 
0.9 0.2375 
0.1 -2.03231 
-1.94481 0.0125 
-1.92569 0.0375 
-1.76716 0.2875 
-1.79266 0.7625 
0.275 -1.93863 
0.1 2.65516 
0.425 -1.67164 
0.275 2.93863 
0.575 -1.89495 
0.425 2.89495 
0.725 -1.93863 
0.575 2.67164 
0.9 -1.65516 
0.725 2.93863 
2.79266 0.2375 
2.76716 0.7125 
2.92569 0.9625 
2.94481 0.9875 
0.9 3.03231 
0.1 0 
0 0 
0 0.0125 
0 0.0375 
0 0.2875 
0 0.7625 
0 1 
0.1 1 
0.275 0 
0.275 1 
0.425 0 
0.425 1 
0.575 0 
0.575 1 
0.725 0 
0.725 1 
0.9 0 
0.9 1 
1 0 
1 0.2375 
1 0.7125 
1 0.9625 
1 0.9875 
1 1 
