# Date: 7/28/2013   Time: 18:47
# dimensions 
1 1 
# connectivity 
441
4  1  2  3  4    1 1 
4  5  6  7  8    1 1 
4  9  10  11  12    1 1 
4  13  14  15  16    1 1 
4  17  18  19  20    1 1 
4  21  22  23  24    1 1 
4  25  26  27  28    1 1 
4  29  30  31  32    1 1 
4  33  34  35  36    1 1 
4  37  38  39  40    1 1 
4  41  42  43  44    1 1 
4  45  46  47  48    1 1 
4  49  50  51  52    1 1 
4  53  54  55  56    1 1 
4  57  58  59  60    1 1 
4  61  62  63  64    1 1 
4  65  66  67  68    1 1 
4  69  70  71  72    1 1 
4  73  74  75  76    1 1 
4  77  78  79  80    1 1 
4  81  82  83  84    1 1 
4  85  86  87  88    1 1 
4  89  90  91  92    1 1 
4  93  94  95  96    1 1 
4  97  98  99  100    1 1 
4  101  102  103  104    1 1 
4  105  106  107  108    1 1 
4  109  110  111  112    1 1 
4  113  114  115  116    1 1 
4  117  118  119  120    1 1 
4  121  122  123  124    1 1 
4  125  126  127  128    1 1 
4  129  130  131  132    1 1 
4  133  134  135  136    1 1 
4  137  138  139  140    1 1 
4  141  142  143  144    1 1 
4  145  146  147  148    1 1 
4  149  150  151  152    1 1 
4  153  154  155  156    1 1 
4  157  158  159  160    1 1 
4  161  162  163  164    1 1 
4  165  166  167  168    1 1 
4  169  170  171  172    1 1 
4  173  174  175  176    1 1 
4  177  178  179  180    1 1 
4  181  182  183  184    1 1 
4  185  186  187  188    1 1 
4  189  190  191  192    1 1 
4  193  194  195  196    1 1 
4  197  198  199  200    1 1 
4  201  202  203  204    1 1 
4  205  206  207  208    1 1 
4  209  210  211  212    1 1 
4  213  214  215  216    1 1 
4  217  218  219  220    1 1 
4  221  222  223  224    1 1 
4  225  226  227  228    1 1 
4  229  230  231  232    1 1 
4  233  234  235  236    1 1 
4  237  238  239  240    1 1 
4  241  242  243  244    1 1 
4  245  246  247  248    1 1 
4  249  250  251  252    1 1 
4  253  254  255  256    1 1 
4  257  258  259  260    1 1 
4  261  262  263  264    1 1 
4  265  266  267  268    1 1 
4  269  270  271  272    1 1 
4  273  274  275  276    1 1 
4  277  278  279  280    1 1 
4  281  282  283  284    1 1 
4  285  286  287  288    1 1 
4  289  290  291  292    1 1 
4  293  294  295  296    1 1 
4  297  298  299  300    1 1 
4  301  302  303  304    1 1 
4  305  306  307  308    1 1 
4  309  310  311  312    1 1 
4  313  314  315  316    1 1 
4  317  318  319  320    1 1 
4  321  322  323  324    1 1 
4  325  326  327  328    1 1 
4  329  330  331  332    1 1 
4  333  334  335  336    1 1 
4  337  338  339  340    1 1 
4  341  342  343  344    1 1 
4  345  346  347  348    1 1 
4  349  350  351  352    1 1 
4  353  354  355  356    1 1 
4  357  358  359  360    1 1 
4  361  362  363  364    1 1 
4  365  366  367  368    1 1 
4  369  370  371  372    1 1 
4  373  374  375  376    1 1 
6  377  378  379  380  381  382    1 1 
6  383  384  385  386  387  388    1 1 
6  389  390  391  392  393  394    1 1 
6  395  396  397  398  399  400    1 1 
5  401  402  403  404  405    1 1 
5  406  407  408  409  410    1 1 
6  411  412  413  414  415  416    1 1 
5  417  418  419  420  421    1 1 
6  422  423  424  425  426  427    1 1 
5  428  429  430  431  432    1 1 
5  433  434  435  436  437    1 1 
7  438  439  440  441  442  443  444    1 1 
11  445  446  447  448  449  450  451  452  453  454  455    1 1 
4  456  457  458  459    1 1 
6  460  461  462  463  464  465    1 1 
4  466  467  468  469    1 1 
5  470  471  472  473  474    1 1 
4  475  476  477  478    1 1 
4  479  480  481  482    1 1 
6  483  484  485  486  487  488    1 1 
4  489  490  491  492    1 1 
5  493  494  495  496  497    1 1 
5  498  499  500  501  502    1 1 
6  503  504  505  506  507  508    1 1 
6  509  510  511  512  513  514    1 1 
5  515  516  517  518  519    1 1 
7  520  521  522  523  524  525  526    1 1 
6  527  528  529  530  531  532    1 1 
5  533  534  535  536  537    1 1 
7  538  539  540  541  542  543  544    1 1 
7  545  546  547  548  549  550  551    1 1 
5  552  553  554  555  556    1 1 
5  557  558  559  560  561    1 1 
7  562  563  564  565  566  567  568    1 1 
7  569  570  571  572  573  574  575    1 1 
5  576  577  578  579  580    1 1 
6  581  582  583  584  585  586    1 1 
7  587  588  589  590  591  592  593    1 1 
5  594  595  596  597  598    1 1 
6  599  600  601  602  603  604    1 1 
6  605  606  607  608  609  610    1 1 
5  611  612  613  614  615    1 1 
5  616  617  618  619  620    1 1 
4  621  622  623  624    1 1 
6  625  626  627  628  629  630    1 1 
4  631  632  633  634    1 1 
4  635  636  637  638    1 1 
5  639  640  641  642  643    1 1 
4  644  645  646  647    1 1 
6  648  649  650  651  652  653    1 1 
4  654  655  656  657    1 1 
11  658  659  660  661  662  663  664  665  666  667  668    1 1 
7  669  670  671  672  673  674  675    1 1 
6  676  677  678  679  680  681    1 1 
6  682  683  684  685  686  687    1 1 
7  688  689  690  691  692  693  694    1 1 
6  695  696  697  698  699  700    1 1 
7  701  702  703  704  705  706  707    1 1 
7  708  709  710  711  712  713  714    1 1 
6  715  716  717  718  719  720    1 1 
7  721  722  723  724  725  726  727    1 1 
7  728  729  730  731  732  733  734    1 1 
11  735  736  737  738  739  740  741  742  743  744  745    1 1 
9  746  747  748  749  750  751  752  753  754    1 1 
4  755  756  757  758    1 1 
4  759  760  761  762    1 1 
4  763  764  765  766    1 1 
5  767  768  769  770  771    1 1 
4  772  773  774  775    1 1 
4  776  777  778  779    1 1 
4  780  781  782  783    1 1 
5  784  785  786  787  788    1 1 
4  789  790  791  792    1 1 
4  793  794  795  796    1 1 
5  797  798  799  800  801    1 1 
6  802  803  804  805  806  807    1 1 
6  808  809  810  811  812  813    1 1 
6  814  815  816  817  818  819    1 1 
7  820  821  822  823  824  825  826    1 1 
6  827  828  829  830  831  832    1 1 
5  833  834  835  836  837    1 1 
6  838  839  840  841  842  843    1 1 
7  844  845  846  847  848  849  850    1 1 
7  851  852  853  854  855  856  857    1 1 
7  858  859  860  861  862  863  864    1 1 
4  865  866  867  868    1 1 
5  869  870  871  872  873    1 1 
4  874  875  876  877    1 1 
5  878  879  880  881  882    1 1 
5  883  884  885  886  887    1 1 
5  888  889  890  891  892    1 1 
5  893  894  895  896  897    1 1 
8  898  899  900  901  902  903  904  905    1 1 
9  906  907  908  909  910  911  912  913  914    1 1 
6  915  916  917  918  919  920    1 1 
5  921  922  923  924  925    1 1 
6  926  927  928  929  930  931    1 1 
6  932  933  934  935  936  937    1 1 
7  938  939  940  941  942  943  944    1 1 
6  945  946  947  948  949  950    1 1 
5  951  952  953  954  955    1 1 
6  956  957  958  959  960  961    1 1 
7  962  963  964  965  966  967  968    1 1 
6  969  970  971  972  973  974    1 1 
6  975  976  977  978  979  980    1 1 
5  981  982  983  984  985    1 1 
6  986  987  988  989  990  991    1 1 
5  992  993  994  995  996    1 1 
5  997  998  999  1000  1001    1 1 
5  1002  1003  1004  1005  1006    1 1 
7  1007  1008  1009  1010  1011  1012  1013    1 1 
7  1014  1015  1016  1017  1018  1019  1020    1 1 
6  1021  1022  1023  1024  1025  1026    1 1 
6  1027  1028  1029  1030  1031  1032    1 1 
7  1033  1034  1035  1036  1037  1038  1039    1 1 
5  1040  1041  1042  1043  1044    1 1 
5  1045  1046  1047  1048  1049    1 1 
6  1050  1051  1052  1053  1054  1055    1 1 
7  1056  1057  1058  1059  1060  1061  1062    1 1 
6  1063  1064  1065  1066  1067  1068    1 1 
5  1069  1070  1071  1072  1073    1 1 
7  1074  1075  1076  1077  1078  1079  1080    1 1 
6  1081  1082  1083  1084  1085  1086    1 1 
6  1087  1088  1089  1090  1091  1092    1 1 
6  1093  1094  1095  1096  1097  1098    1 1 
5  1099  1100  1101  1102  1103    1 1 
6  1104  1105  1106  1107  1108  1109    1 1 
5  1110  1111  1112  1113  1114    1 1 
6  1115  1116  1117  1118  1119  1120    1 1 
6  1121  1122  1123  1124  1125  1126    1 1 
6  1127  1128  1129  1130  1131  1132    1 1 
7  1133  1134  1135  1136  1137  1138  1139    1 1 
5  1140  1141  1142  1143  1144    1 1 
6  1145  1146  1147  1148  1149  1150    1 1 
7  1151  1152  1153  1154  1155  1156  1157    1 1 
6  1158  1159  1160  1161  1162  1163    1 1 
5  1164  1165  1166  1167  1168    1 1 
5  1169  1170  1171  1172  1173    1 1 
7  1174  1175  1176  1177  1178  1179  1180    1 1 
6  1181  1182  1183  1184  1185  1186    1 1 
6  1187  1188  1189  1190  1191  1192    1 1 
7  1193  1194  1195  1196  1197  1198  1199    1 1 
7  1200  1201  1202  1203  1204  1205  1206    1 1 
5  1207  1208  1209  1210  1211    1 1 
5  1212  1213  1214  1215  1216    1 1 
5  1217  1218  1219  1220  1221    1 1 
6  1222  1223  1224  1225  1226  1227    1 1 
5  1228  1229  1230  1231  1232    1 1 
6  1233  1234  1235  1236  1237  1238    1 1 
6  1239  1240  1241  1242  1243  1244    1 1 
7  1245  1246  1247  1248  1249  1250  1251    1 1 
6  1252  1253  1254  1255  1256  1257    1 1 
5  1258  1259  1260  1261  1262    1 1 
6  1263  1264  1265  1266  1267  1268    1 1 
7  1269  1270  1271  1272  1273  1274  1275    1 1 
6  1276  1277  1278  1279  1280  1281    1 1 
6  1282  1283  1284  1285  1286  1287    1 1 
5  1288  1289  1290  1291  1292    1 1 
6  1293  1294  1295  1296  1297  1298    1 1 
9  1299  1300  1301  1302  1303  1304  1305  1306  1307    1 1 
8  1308  1309  1310  1311  1312  1313  1314  1315    1 1 
5  1316  1317  1318  1319  1320    1 1 
5  1321  1322  1323  1324  1325    1 1 
5  1326  1327  1328  1329  1330    1 1 
5  1331  1332  1333  1334  1335    1 1 
4  1336  1337  1338  1339    1 1 
5  1340  1341  1342  1343  1344    1 1 
4  1345  1346  1347  1348    1 1 
7  1349  1350  1351  1352  1353  1354  1355    1 1 
7  1356  1357  1358  1359  1360  1361  1362    1 1 
7  1363  1364  1365  1366  1367  1368  1369    1 1 
6  1370  1371  1372  1373  1374  1375    1 1 
5  1376  1377  1378  1379  1380    1 1 
6  1381  1382  1383  1384  1385  1386    1 1 
7  1387  1388  1389  1390  1391  1392  1393    1 1 
6  1394  1395  1396  1397  1398  1399    1 1 
6  1400  1401  1402  1403  1404  1405    1 1 
6  1406  1407  1408  1409  1410  1411    1 1 
5  1412  1413  1414  1415  1416    1 1 
4  1417  1418  1419  1420    1 1 
4  1421  1422  1423  1424    1 1 
5  1425  1426  1427  1428  1429    1 1 
4  1430  1431  1432  1433    1 1 
4  1434  1435  1436  1437    1 1 
4  1438  1439  1440  1441    1 1 
5  1442  1443  1444  1445  1446    1 1 
4  1447  1448  1449  1450    1 1 
4  1451  1452  1453  1454    1 1 
4  1455  1456  1457  1458    1 1 
9  1459  1460  1461  1462  1463  1464  1465  1466  1467    1 1 
11  1468  1469  1470  1471  1472  1473  1474  1475  1476  1477  1478    1 1 
7  1479  1480  1481  1482  1483  1484  1485    1 1 
7  1486  1487  1488  1489  1490  1491  1492    1 1 
6  1493  1494  1495  1496  1497  1498    1 1 
7  1499  1500  1501  1502  1503  1504  1505    1 1 
7  1506  1507  1508  1509  1510  1511  1512    1 1 
6  1513  1514  1515  1516  1517  1518    1 1 
7  1519  1520  1521  1522  1523  1524  1525    1 1 
6  1526  1527  1528  1529  1530  1531    1 1 
6  1532  1533  1534  1535  1536  1537    1 1 
7  1538  1539  1540  1541  1542  1543  1544    1 1 
11  1545  1546  1547  1548  1549  1550  1551  1552  1553  1554  1555    1 1 
4  1556  1557  1558  1559    1 1 
6  1560  1561  1562  1563  1564  1565    1 1 
4  1566  1567  1568  1569    1 1 
5  1570  1571  1572  1573  1574    1 1 
4  1575  1576  1577  1578    1 1 
4  1579  1580  1581  1582    1 1 
6  1583  1584  1585  1586  1587  1588    1 1 
4  1589  1590  1591  1592    1 1 
5  1593  1594  1595  1596  1597    1 1 
5  1598  1599  1600  1601  1602    1 1 
6  1603  1604  1605  1606  1607  1608    1 1 
6  1609  1610  1611  1612  1613  1614    1 1 
5  1615  1616  1617  1618  1619    1 1 
7  1620  1621  1622  1623  1624  1625  1626    1 1 
6  1627  1628  1629  1630  1631  1632    1 1 
5  1633  1634  1635  1636  1637    1 1 
7  1638  1639  1640  1641  1642  1643  1644    1 1 
7  1645  1646  1647  1648  1649  1650  1651    1 1 
5  1652  1653  1654  1655  1656    1 1 
5  1657  1658  1659  1660  1661    1 1 
7  1662  1663  1664  1665  1666  1667  1668    1 1 
7  1669  1670  1671  1672  1673  1674  1675    1 1 
5  1676  1677  1678  1679  1680    1 1 
6  1681  1682  1683  1684  1685  1686    1 1 
7  1687  1688  1689  1690  1691  1692  1693    1 1 
5  1694  1695  1696  1697  1698    1 1 
6  1699  1700  1701  1702  1703  1704    1 1 
6  1705  1706  1707  1708  1709  1710    1 1 
5  1711  1712  1713  1714  1715    1 1 
5  1716  1717  1718  1719  1720    1 1 
4  1721  1722  1723  1724    1 1 
6  1725  1726  1727  1728  1729  1730    1 1 
4  1731  1732  1733  1734    1 1 
4  1735  1736  1737  1738    1 1 
5  1739  1740  1741  1742  1743    1 1 
4  1744  1745  1746  1747    1 1 
6  1748  1749  1750  1751  1752  1753    1 1 
4  1754  1755  1756  1757    1 1 
11  1758  1759  1760  1761  1762  1763  1764  1765  1766  1767  1768    1 1 
7  1769  1770  1771  1772  1773  1774  1775    1 1 
5  1776  1777  1778  1779  1780    1 1 
5  1781  1782  1783  1784  1785    1 1 
6  1786  1787  1788  1789  1790  1791    1 1 
5  1792  1793  1794  1795  1796    1 1 
6  1797  1798  1799  1800  1801  1802    1 1 
5  1803  1804  1805  1806  1807    1 1 
5  1808  1809  1810  1811  1812    1 1 
6  1813  1814  1815  1816  1817  1818    1 1 
6  1819  1820  1821  1822  1823  1824    1 1 
6  1825  1826  1827  1828  1829  1830    1 1 
6  1831  1832  1833  1834  1835  1836    1 1 
4  1837  1838  1839  1840    1 1 
4  1841  1842  1843  1844    1 1 
4  1845  1846  1847  1848    1 1 
4  1849  1850  1851  1852    1 1 
4  1853  1854  1855  1856    1 1 
4  1857  1858  1859  1860    1 1 
4  1861  1862  1863  1864    1 1 
4  1865  1866  1867  1868    1 1 
4  1869  1870  1871  1872    1 1 
4  1873  1874  1875  1876    1 1 
4  1877  1878  1879  1880    1 1 
4  1881  1882  1883  1884    1 1 
4  1885  1886  1887  1888    1 1 
4  1889  1890  1891  1892    1 1 
4  1893  1894  1895  1896    1 1 
4  1897  1898  1899  1900    1 1 
4  1901  1902  1903  1904    1 1 
4  1905  1906  1907  1908    1 1 
4  1909  1910  1911  1912    1 1 
4  1913  1914  1915  1916    1 1 
4  1917  1918  1919  1920    1 1 
4  1921  1922  1923  1924    1 1 
4  1925  1926  1927  1928    1 1 
4  1929  1930  1931  1932    1 1 
4  1933  1934  1935  1936    1 1 
4  1937  1938  1939  1940    1 1 
4  1941  1942  1943  1944    1 1 
4  1945  1946  1947  1948    1 1 
4  1949  1950  1951  1952    1 1 
4  1953  1954  1955  1956    1 1 
4  1957  1958  1959  1960    1 1 
4  1961  1962  1963  1964    1 1 
4  1965  1966  1967  1968    1 1 
4  1969  1970  1971  1972    1 1 
4  1973  1974  1975  1976    1 1 
4  1977  1978  1979  1980    1 1 
4  1981  1982  1983  1984    1 1 
4  1985  1986  1987  1988    1 1 
4  1989  1990  1991  1992    1 1 
4  1993  1994  1995  1996    1 1 
4  1997  1998  1999  2000    1 1 
4  2001  2002  2003  2004    1 1 
4  2005  2006  2007  2008    1 1 
4  2009  2010  2011  2012    1 1 
4  2013  2014  2015  2016    1 1 
4  2017  2018  2019  2020    1 1 
4  2021  2022  2023  2024    1 1 
4  2025  2026  2027  2028    1 1 
4  2029  2030  2031  2032    1 1 
4  2033  2034  2035  2036    1 1 
4  2037  2038  2039  2040    1 1 
4  2041  2042  2043  2044    1 1 
4  2045  2046  2047  2048    1 1 
4  2049  2050  2051  2052    1 1 
4  2053  2054  2055  2056    1 1 
4  2057  2058  2059  2060    1 1 
4  2061  2062  2063  2064    1 1 
4  2065  2066  2067  2068    1 1 
4  2069  2070  2071  2072    1 1 
4  2073  2074  2075  2076    1 1 
4  2077  2078  2079  2080    1 1 
4  2081  2082  2083  2084    1 1 
4  2085  2086  2087  2088    1 1 
4  2089  2090  2091  2092    1 1 
4  2093  2094  2095  2096    1 1 
4  2097  2098  2099  2100    1 1 
4  2101  2102  2103  2104    1 1 
4  2105  2106  2107  2108    1 1 
4  2109  2110  2111  2112    1 1 
4  2113  2114  2115  2116    1 1 
4  2117  2118  2119  2120    1 1 
4  2121  2122  2123  2124    1 1 
4  2125  2126  2127  2128    1 1 
4  2129  2130  2131  2132    1 1 
4  2133  2134  2135  2136    1 1 
4  2137  2138  2139  2140    1 1 
4  2141  2142  2143  2144    1 1 
4  2145  2146  2147  2148    1 1 
4  2149  2150  2151  2152    1 1 
4  2153  2154  2155  2156    1 1 
4  2157  2158  2159  2160    1 1 
4  2161  2162  2163  2164    1 1 
4  2165  2166  2167  2168    1 1 
4  2169  2170  2171  2172    1 1 
4  2173  2174  2175  2176    1 1 
4  2177  2178  2179  2180    1 1 
4  2181  2182  2183  2184    1 1 
4  2185  2186  2187  2188    1 1 
4  2189  2190  2191  2192    1 1 
4  2193  2194  2195  2196    1 1 
4  2197  2198  2199  2200    1 1 
4  2201  2202  2203  2204    1 1 
4  2205  2206  2207  2208    1 1 
4  2209  2210  2211  2212    1 1 
# DG vertices (counter-clockwise) 
2212
0  0  
0.025  0  
0.025  0.0025  
0  0.0025  
0  0.0025  
0.025  0.0025  
0.025  0.0075  
0  0.0075  
0  0.0075  
0.025  0.0075  
0.025  0.0125  
0  0.0125  
0  0.0125  
0.025  0.0125  
0.025  0.0175  
0  0.0175  
0  0.0175  
0.025  0.0175  
0.025  0.0225  
0  0.0225  
0  0.0225  
0.025  0.0225  
0.025  0.0275  
0  0.0275  
0  0.0275  
0.025  0.0275  
0.025  0.0325  
0  0.0325  
0  0.0325  
0.025  0.0325  
0.025  0.0375  
0  0.0375  
0  0.0375  
0.025  0.0375  
0.025  0.0425  
0  0.0425  
0  0.0425  
0.025  0.0425  
0.025  0.0475  
0  0.0475  
0  0.0475  
0.025  0.0475  
0.025  0.0975  
0  0.0975  
0  0.0975  
0.025  0.0975  
0.025  0.1925  
0  0.1925  
0  0.1925  
0.025  0.1925  
0.025  0.2875  
0  0.2875  
0  0.2875  
0.025  0.2875  
0.025  0.3825  
0  0.3825  
0  0.3825  
0.025  0.3825  
0.025  0.4775  
0  0.4775  
0  0.4775  
0.025  0.4775  
0.025  0.5725  
0  0.5725  
0  0.5725  
0.025  0.5725  
0.025  0.6675  
0  0.6675  
0  0.6675  
0.025  0.6675  
0.025  0.7625  
0  0.7625  
0  0.7625  
0.025  0.7625  
0.025  0.8575  
0  0.8575  
0  0.8575  
0.025  0.8575  
0.025  0.9525  
0  0.9525  
0  0.9525  
0.025  0.9525  
0.025  1  
0  1  
0.025  0  
0.075  0  
0.075  0.0025  
0.025  0.0025  
0.025  0.0025  
0.075  0.0025  
0.075  0.0075  
0.025  0.0075  
0.025  0.0075  
0.075  0.0075  
0.075  0.0125  
0.025  0.0125  
0.025  0.0125  
0.075  0.0125  
0.075  0.0175  
0.025  0.0175  
0.025  0.0175  
0.075  0.0175  
0.075  0.0225  
0.025  0.0225  
0.025  0.0225  
0.075  0.0225  
0.075  0.0275  
0.025  0.0275  
0.025  0.0275  
0.075  0.0275  
0.075  0.0325  
0.025  0.0325  
0.025  0.0325  
0.075  0.0325  
0.075  0.0375  
0.025  0.0375  
0.025  0.0375  
0.075  0.0375  
0.075  0.0425  
0.025  0.0425  
0.025  0.0425  
0.075  0.0425  
0.075  0.0475  
0.025  0.0475  
0.025  0.0475  
0.075  0.0475  
0.075  0.0975  
0.025  0.0975  
0.025  0.0975  
0.075  0.0975  
0.075  0.1925  
0.025  0.1925  
0.025  0.1925  
0.075  0.1925  
0.075  0.2875  
0.025  0.2875  
0.025  0.2875  
0.075  0.2875  
0.075  0.3825  
0.025  0.3825  
0.025  0.3825  
0.075  0.3825  
0.075  0.4775  
0.025  0.4775  
0.025  0.4775  
0.075  0.4775  
0.075  0.5725  
0.025  0.5725  
0.025  0.5725  
0.075  0.5725  
0.075  0.6675  
0.025  0.6675  
0.025  0.6675  
0.075  0.6675  
0.075  0.7625  
0.025  0.7625  
0.025  0.7625  
0.075  0.7625  
0.075  0.8575  
0.025  0.8575  
0.025  0.8575  
0.075  0.8575  
0.075  0.9525  
0.025  0.9525  
0.025  0.9525  
0.075  0.9525  
0.075  1  
0.025  1  
0.075  0  
0.125  0  
0.125  0.0025  
0.075  0.0025  
0.075  0.0025  
0.125  0.0025  
0.125  0.0075  
0.075  0.0075  
0.075  0.0075  
0.125  0.0075  
0.125  0.0125  
0.075  0.0125  
0.075  0.0125  
0.125  0.0125  
0.125  0.0175  
0.075  0.0175  
0.075  0.0175  
0.125  0.0175  
0.125  0.0225  
0.075  0.0225  
0.075  0.0225  
0.125  0.0225  
0.125  0.0275  
0.075  0.0275  
0.075  0.0275  
0.125  0.0275  
0.125  0.0325  
0.075  0.0325  
0.075  0.0325  
0.125  0.0325  
0.125  0.0375  
0.075  0.0375  
0.075  0.0375  
0.125  0.0375  
0.125  0.0425  
0.075  0.0425  
0.075  0.0425  
0.125  0.0425  
0.125  0.0475  
0.075  0.0475  
0.075  0.0475  
0.125  0.0475  
0.125  0.0975  
0.075  0.0975  
0.075  0.0975  
0.125  0.0975  
0.125  0.1925  
0.075  0.1925  
0.075  0.1925  
0.125  0.1925  
0.125  0.2875  
0.075  0.2875  
0.075  0.2875  
0.125  0.2875  
0.125  0.3825  
0.075  0.3825  
0.075  0.3825  
0.125  0.3825  
0.125  0.4775  
0.075  0.4775  
0.075  0.4775  
0.125  0.4775  
0.125  0.5725  
0.075  0.5725  
0.075  0.5725  
0.125  0.5725  
0.125  0.6675  
0.075  0.6675  
0.075  0.6675  
0.125  0.6675  
0.125  0.7625  
0.075  0.7625  
0.075  0.7625  
0.125  0.7625  
0.125  0.8575  
0.075  0.8575  
0.075  0.8575  
0.125  0.8575  
0.125  0.9525  
0.075  0.9525  
0.075  0.9525  
0.125  0.9525  
0.125  1  
0.075  1  
0.125  0  
0.175  0  
0.175  0.0025  
0.125  0.0025  
0.125  0.0025  
0.175  0.0025  
0.175  0.0075  
0.125  0.0075  
0.125  0.0075  
0.175  0.0075  
0.175  0.0125  
0.125  0.0125  
0.125  0.0125  
0.175  0.0125  
0.175  0.0175  
0.125  0.0175  
0.125  0.0175  
0.175  0.0175  
0.175  0.0225  
0.125  0.0225  
0.125  0.0225  
0.175  0.0225  
0.175  0.0275  
0.125  0.0275  
0.125  0.0275  
0.175  0.0275  
0.175  0.0325  
0.125  0.0325  
0.125  0.0325  
0.175  0.0325  
0.175  0.0375  
0.125  0.0375  
0.125  0.0375  
0.175  0.0375  
0.175  0.0425  
0.125  0.0425  
0.125  0.0425  
0.175  0.0425  
0.175  0.0475  
0.125  0.0475  
0.125  0.0475  
0.175  0.0475  
0.175  0.0975  
0.125  0.0975  
0.125  0.0975  
0.175  0.0975  
0.175  0.1925  
0.125  0.1925  
0.125  0.1925  
0.175  0.1925  
0.175  0.2875  
0.125  0.2875  
0.125  0.2875  
0.175  0.2875  
0.175  0.3825  
0.125  0.3825  
0.125  0.3825  
0.175  0.3825  
0.175  0.4775  
0.125  0.4775  
0.125  0.4775  
0.175  0.4775  
0.175  0.5725  
0.125  0.5725  
0.125  0.5725  
0.175  0.5725  
0.175  0.6675  
0.125  0.6675  
0.125  0.6675  
0.175  0.6675  
0.175  0.7625  
0.125  0.7625  
0.125  0.7625  
0.175  0.7625  
0.175  0.8575  
0.125  0.8575  
0.125  0.8575  
0.175  0.8575  
0.175  0.9525  
0.125  0.9525  
0.125  0.9525  
0.175  0.9525  
0.175  1  
0.125  1  
0.175  0  
0.225  0  
0.225  0.0025  
0.175  0.0025  
0.175  0.0025  
0.225  0.0025  
0.2255  0.0075  
0.175  0.0075  
0.175  0.0075  
0.2255  0.0075  
0.2265  0.0125  
0.175  0.0125  
0.175  0.0125  
0.2265  0.0125  
0.228  0.0175  
0.175  0.0175  
0.175  0.0175  
0.228  0.0175  
0.2265  0.0225  
0.175  0.0225  
0.175  0.0225  
0.2265  0.0225  
0.2255  0.0275  
0.175  0.0275  
0.175  0.0275  
0.2255  0.0275  
0.225  0.0325  
0.175  0.0325  
0.175  0.0325  
0.225  0.0325  
0.225  0.0375  
0.175  0.0375  
0.175  0.0375  
0.225  0.0375  
0.2255  0.0425  
0.175  0.0425  
0.175  0.0425  
0.2255  0.0425  
0.2265  0.0475  
0.175  0.0475  
0.175  0.0475  
0.2265  0.0475  
0.228  0.0525  
0.214  0.0875  
0.203  0.0975  
0.175  0.0975  
0.175  0.0975  
0.203  0.0975  
0.223  0.1225  
0.2265  0.1575  
0.2055  0.1925  
0.175  0.1925  
0.175  0.1925  
0.2055  0.1925  
0.2265  0.2275  
0.223  0.2625  
0.203  0.2875  
0.175  0.2875  
0.175  0.2875  
0.203  0.2875  
0.214  0.2975  
0.228  0.3325  
0.213  0.3825  
0.175  0.3825  
0.175  0.3825  
0.213  0.3825  
0.2325  0.4475  
0.2025  0.4775  
0.175  0.4775  
0.175  0.4775  
0.2025  0.4775  
0.234  0.5125  
0.21  0.5725  
0.175  0.5725  
0.175  0.5725  
0.21  0.5725  
0.2175  0.5775  
0.2305  0.6425  
0.203  0.6675  
0.175  0.6675  
0.175  0.6675  
0.203  0.6675  
0.235  0.7075  
0.2075  0.7625  
0.175  0.7625  
0.175  0.7625  
0.2075  0.7625  
0.2215  0.7725  
0.228  0.8375  
0.204  0.8575  
0.175  0.8575  
0.175  0.8575  
0.204  0.8575  
0.2355  0.9025  
0.2055  0.9525  
0.175  0.9525  
0.175  0.9525  
0.2055  0.9525  
0.225  0.9675  
0.225  1  
0.175  1  
0.2255  0.0075  
0.225  0.0025  
0.225  0  
0.275  0  
0.275  0.0175  
0.228  0.0175  
0.2265  0.0125  
0.225  0.0325  
0.2255  0.0275  
0.2265  0.0225  
0.228  0.0175  
0.275  0.0175  
0.2855  0.0325  
0.2735  0.0525  
0.228  0.0525  
0.2265  0.0475  
0.2255  0.0425  
0.225  0.0375  
0.228  0.0525  
0.2735  0.0525  
0.277  0.0875  
0.214  0.0875  
0.203  0.0975  
0.214  0.0875  
0.277  0.0875  
0.285  0.0975  
0.2725  0.1225  
0.223  0.1225  
0.223  0.1225  
0.2725  0.1225  
0.2795  0.1575  
0.2265  0.1575  
0.2265  0.1575  
0.2795  0.1575  
0.284  0.1625  
0.272  0.1925  
0.2055  0.1925  
0.2055  0.1925  
0.272  0.1925  
0.2825  0.2275  
0.2265  0.2275  
0.2265  0.2275  
0.2825  0.2275  
0.272  0.2625  
0.223  0.2625  
0.223  0.2625  
0.272  0.2625  
0.284  0.2925  
0.2795  0.2975  
0.214  0.2975  
0.203  0.2875  
0.214  0.2975  
0.2795  0.2975  
0.2725  0.3325  
0.228  0.3325  
0.228  0.3325  
0.2725  0.3325  
0.285  0.3575  
0.265  0.3825  
0.213  0.3825  
0.213  0.3825  
0.265  0.3825  
0.285  0.4225  
0.265  0.4475  
0.2325  0.4475  
0.2025  0.4775  
0.2325  0.4475  
0.265  0.4475  
0.285  0.4875  
0.265  0.5125  
0.234  0.5125  
0.234  0.5125  
0.265  0.5125  
0.285  0.5525  
0.265  0.5775  
0.2175  0.5775  
0.21  0.5725  
0.2175  0.5775  
0.265  0.5775  
0.285  0.6175  
0.265  0.6425  
0.2305  0.6425  
0.203  0.6675  
0.2305  0.6425  
0.265  0.6425  
0.2775  0.6675  
0.2705  0.7025  
0.266  0.7075  
0.235  0.7075  
0.235  0.7075  
0.266  0.7075  
0.278  0.7375  
0.2675  0.7725  
0.2215  0.7725  
0.2075  0.7625  
0.2215  0.7725  
0.2675  0.7725  
0.278  0.8075  
0.266  0.8375  
0.228  0.8375  
0.204  0.8575  
0.228  0.8375  
0.266  0.8375  
0.2705  0.8425  
0.2775  0.8775  
0.265  0.9025  
0.2355  0.9025  
0.2355  0.9025  
0.265  0.9025  
0.273  0.9125  
0.2765  0.9475  
0.2645  0.9675  
0.225  0.9675  
0.2055  0.9525  
0.225  0.9675  
0.2645  0.9675  
0.275  0.9825  
0.275  1  
0.225  1  
0.275  0  
0.325  0  
0.325  0.0325  
0.2855  0.0325  
0.275  0.0175  
0.2735  0.0525  
0.2855  0.0325  
0.325  0.0325  
0.3445  0.0475  
0.3145  0.0975  
0.285  0.0975  
0.277  0.0875  
0.2725  0.1225  
0.285  0.0975  
0.3145  0.0975  
0.346  0.1425  
0.322  0.1625  
0.284  0.1625  
0.2795  0.1575  
0.272  0.1925  
0.284  0.1625  
0.322  0.1625  
0.3285  0.2275  
0.2825  0.2275  
0.2825  0.2275  
0.3285  0.2275  
0.3425  0.2375  
0.315  0.2925  
0.284  0.2925  
0.272  0.2625  
0.2795  0.2975  
0.284  0.2925  
0.315  0.2925  
0.347  0.3325  
0.3195  0.3575  
0.285  0.3575  
0.2725  0.3325  
0.265  0.3825  
0.285  0.3575  
0.3195  0.3575  
0.3325  0.4225  
0.285  0.4225  
0.265  0.4475  
0.285  0.4225  
0.3325  0.4225  
0.34  0.4275  
0.316  0.4875  
0.285  0.4875  
0.265  0.5125  
0.285  0.4875  
0.316  0.4875  
0.3475  0.5225  
0.3175  0.5525  
0.285  0.5525  
0.265  0.5775  
0.285  0.5525  
0.3175  0.5525  
0.337  0.6175  
0.285  0.6175  
0.285  0.6175  
0.337  0.6175  
0.322  0.6675  
0.2775  0.6675  
0.265  0.6425  
0.2775  0.6675  
0.322  0.6675  
0.336  0.7025  
0.2705  0.7025  
0.266  0.7075  
0.2705  0.7025  
0.336  0.7025  
0.347  0.7125  
0.327  0.7375  
0.278  0.7375  
0.278  0.7375  
0.327  0.7375  
0.3235  0.7725  
0.2675  0.7725  
0.2675  0.7725  
0.3235  0.7725  
0.3445  0.8075  
0.278  0.8075  
0.278  0.8075  
0.3445  0.8075  
0.3235  0.8425  
0.2705  0.8425  
0.266  0.8375  
0.2705  0.8425  
0.3235  0.8425  
0.327  0.8775  
0.2775  0.8775  
0.2775  0.8775  
0.327  0.8775  
0.347  0.9025  
0.336  0.9125  
0.273  0.9125  
0.265  0.9025  
0.273  0.9125  
0.336  0.9125  
0.322  0.9475  
0.2765  0.9475  
0.2765  0.9475  
0.322  0.9475  
0.3235  0.9525  
0.3245  0.9575  
0.325  0.9625  
0.325  0.9675  
0.3245  0.9725  
0.3235  0.9775  
0.322  0.9825  
0.275  0.9825  
0.2645  0.9675  
0.275  0.9825  
0.322  0.9825  
0.3235  0.9875  
0.3245  0.9925  
0.325  0.9975  
0.325  1  
0.275  1  
0.325  0  
0.375  0  
0.375  0.04  
0.363  0.0475  
0.3445  0.0475  
0.325  0.0325  
0.3145  0.0975  
0.3445  0.0475  
0.363  0.0475  
0.38475  0.12  
0.3555  0.1425  
0.346  0.1425  
0.322  0.1625  
0.346  0.1425  
0.3555  0.1425  
0.39  0.2  
0.3525  0.2375  
0.3425  0.2375  
0.3285  0.2275  
0.3425  0.2375  
0.3525  0.2375  
0.39075  0.28  
0.354  0.3325  
0.347  0.3325  
0.315  0.2925  
0.3195  0.3575  
0.347  0.3325  
0.354  0.3325  
0.387  0.36  
0.36  0.4275  
0.34  0.4275  
0.3325  0.4225  
0.34  0.4275  
0.36  0.4275  
0.37875  0.44  
0.37075  0.52  
0.3665  0.5225  
0.3475  0.5225  
0.316  0.4875  
0.3175  0.5525  
0.3475  0.5225  
0.3665  0.5225  
0.382  0.6  
0.3575  0.6175  
0.337  0.6175  
0.322  0.6675  
0.337  0.6175  
0.3575  0.6175  
0.38875  0.68  
0.353  0.7125  
0.347  0.7125  
0.336  0.7025  
0.327  0.7375  
0.347  0.7125  
0.353  0.7125  
0.391  0.76  
0.353  0.8075  
0.3445  0.8075  
0.3235  0.7725  
0.3235  0.8425  
0.3445  0.8075  
0.353  0.8075  
0.35575  0.81  
0.36975  0.83  
0.37575  0.85  
0.37375  0.87  
0.36375  0.89  
0.3525  0.9025  
0.347  0.9025  
0.327  0.8775  
0.336  0.9125  
0.347  0.9025  
0.3525  0.9025  
0.36  0.91  
0.372  0.93  
0.376  0.95  
0.3755  0.9525  
0.3235  0.9525  
0.322  0.9475  
0.3235  0.9525  
0.3755  0.9525  
0.375  0.9575  
0.3245  0.9575  
0.3245  0.9575  
0.375  0.9575  
0.375  0.9625  
0.325  0.9625  
0.325  0.9625  
0.375  0.9625  
0.3755  0.9675  
0.325  0.9675  
0.325  0.9675  
0.3755  0.9675  
0.376  0.97  
0.3755  0.9725  
0.3245  0.9725  
0.3245  0.9725  
0.3755  0.9725  
0.375  0.9775  
0.3235  0.9775  
0.3235  0.9775  
0.375  0.9775  
0.375  0.9825  
0.322  0.9825  
0.322  0.9825  
0.375  0.9825  
0.3755  0.9875  
0.3235  0.9875  
0.3235  0.9875  
0.3755  0.9875  
0.376  0.99  
0.3755  0.9925  
0.3245  0.9925  
0.3245  0.9925  
0.3755  0.9925  
0.375  0.9975  
0.325  0.9975  
0.325  0.9975  
0.375  0.9975  
0.375  1  
0.325  1  
0.375  0  
0.425  0  
0.425  0.0325  
0.41525  0.04  
0.375  0.04  
0.363  0.0475  
0.375  0.04  
0.41525  0.04  
0.4325  0.0975  
0.41  0.12  
0.38475  0.12  
0.3555  0.1425  
0.38475  0.12  
0.41  0.12  
0.4355  0.1625  
0.40925  0.2  
0.39  0.2  
0.39  0.2  
0.40925  0.2  
0.434  0.2275  
0.413  0.28  
0.39075  0.28  
0.3525  0.2375  
0.39075  0.28  
0.413  0.28  
0.428  0.2925  
0.4215  0.3575  
0.418  0.36  
0.387  0.36  
0.354  0.3325  
0.387  0.36  
0.418  0.36  
0.4305  0.4225  
0.41125  0.44  
0.37875  0.44  
0.36  0.4275  
0.37875  0.44  
0.41125  0.44  
0.435  0.4875  
0.409  0.52  
0.37075  0.52  
0.3665  0.5225  
0.37075  0.52  
0.409  0.52  
0.435  0.5525  
0.41125  0.6  
0.382  0.6  
0.3575  0.6175  
0.382  0.6  
0.41125  0.6  
0.4305  0.6175  
0.4205  0.6675  
0.40925  0.68  
0.38875  0.68  
0.353  0.7125  
0.38875  0.68  
0.40925  0.68  
0.425  0.7025  
0.425  0.7375  
0.40925  0.76  
0.391  0.76  
0.391  0.76  
0.40925  0.76  
0.4205  0.7725  
0.4275  0.8075  
0.42625  0.81  
0.35575  0.81  
0.353  0.8075  
0.35575  0.81  
0.42625  0.81  
0.42425  0.83  
0.36975  0.83  
0.36975  0.83  
0.42425  0.83  
0.428  0.8425  
0.425  0.85  
0.37575  0.85  
0.37575  0.85  
0.425  0.85  
0.425  0.87  
0.37375  0.87  
0.37375  0.87  
0.425  0.87  
0.428  0.8775  
0.42425  0.89  
0.36375  0.89  
0.36375  0.89  
0.42425  0.89  
0.42625  0.91  
0.36  0.91  
0.3525  0.9025  
0.36  0.91  
0.42625  0.91  
0.4275  0.9125  
0.424  0.93  
0.372  0.93  
0.372  0.93  
0.424  0.93  
0.4275  0.9475  
0.42625  0.95  
0.376  0.95  
0.375  0.9575  
0.3755  0.9525  
0.376  0.95  
0.42625  0.95  
0.42425  0.97  
0.376  0.97  
0.3755  0.9675  
0.375  0.9625  
0.375  0.9775  
0.3755  0.9725  
0.376  0.97  
0.42425  0.97  
0.428  0.9825  
0.425  0.99  
0.376  0.99  
0.3755  0.9875  
0.375  0.9825  
0.3755  0.9925  
0.376  0.99  
0.425  0.99  
0.425  1  
0.375  1  
0.375  0.9975  
0.425  0  
0.475  0  
0.475  0.025  
0.4675  0.0325  
0.425  0.0325  
0.41525  0.04  
0.425  0.0325  
0.4675  0.0325  
0.48025  0.075  
0.4645  0.0975  
0.4325  0.0975  
0.41  0.12  
0.4325  0.0975  
0.4645  0.0975  
0.481  0.125  
0.466  0.1625  
0.4355  0.1625  
0.4355  0.1625  
0.466  0.1625  
0.47725  0.175  
0.47225  0.225  
0.4695  0.2275  
0.434  0.2275  
0.40925  0.2  
0.434  0.2275  
0.4695  0.2275  
0.479  0.275  
0.465  0.2925  
0.428  0.2925  
0.413  0.28  
0.428  0.2925  
0.465  0.2925  
0.48125  0.325  
0.465  0.3575  
0.4215  0.3575  
0.418  0.36  
0.4215  0.3575  
0.465  0.3575  
0.479  0.375  
0.4695  0.4225  
0.4305  0.4225  
0.41125  0.44  
0.4305  0.4225  
0.4695  0.4225  
0.47225  0.425  
0.47725  0.475  
0.466  0.4875  
0.435  0.4875  
0.409  0.52  
0.435  0.4875  
0.466  0.4875  
0.481  0.525  
0.4645  0.5525  
0.435  0.5525  
0.435  0.5525  
0.4645  0.5525  
0.48025  0.575  
0.4675  0.6175  
0.4305  0.6175  
0.41125  0.6  
0.4305  0.6175  
0.4675  0.6175  
0.475  0.625  
0.475  0.6675  
0.4205  0.6675  
0.40925  0.68  
0.4205  0.6675  
0.475  0.6675  
0.48025  0.675  
0.472  0.7025  
0.425  0.7025  
0.425  0.7025  
0.472  0.7025  
0.481  0.725  
0.4735  0.7375  
0.425  0.7375  
0.425  0.7375  
0.4735  0.7375  
0.477  0.7725  
0.4205  0.7725  
0.40925  0.76  
0.4205  0.7725  
0.477  0.7725  
0.479  0.775  
0.4725  0.8075  
0.4275  0.8075  
0.42625  0.81  
0.4275  0.8075  
0.4725  0.8075  
0.48125  0.825  
0.4725  0.8425  
0.428  0.8425  
0.42425  0.83  
0.425  0.85  
0.428  0.8425  
0.4725  0.8425  
0.479  0.875  
0.477  0.8775  
0.428  0.8775  
0.425  0.87  
0.42425  0.89  
0.428  0.8775  
0.477  0.8775  
0.4735  0.9125  
0.4275  0.9125  
0.42625  0.91  
0.4275  0.9125  
0.4735  0.9125  
0.481  0.925  
0.472  0.9475  
0.4275  0.9475  
0.424  0.93  
0.42625  0.95  
0.4275  0.9475  
0.472  0.9475  
0.48025  0.975  
0.475  0.9825  
0.428  0.9825  
0.42425  0.97  
0.425  0.99  
0.428  0.9825  
0.475  0.9825  
0.475  1  
0.425  1  
0.475  0  
0.525  0  
0.525  0.0175  
0.51975  0.025  
0.475  0.025  
0.4675  0.0325  
0.475  0.025  
0.51975  0.025  
0.528  0.0525  
0.519  0.075  
0.48025  0.075  
0.4645  0.0975  
0.48025  0.075  
0.519  0.075  
0.5265  0.0875  
0.523  0.1225  
0.521  0.125  
0.481  0.125  
0.481  0.125  
0.521  0.125  
0.5275  0.1575  
0.51875  0.175  
0.47725  0.175  
0.466  0.1625  
0.47725  0.175  
0.51875  0.175  
0.5275  0.1925  
0.521  0.225  
0.47225  0.225  
0.4695  0.2275  
0.47225  0.225  
0.521  0.225  
0.523  0.2275  
0.5265  0.2625  
0.519  0.275  
0.479  0.275  
0.465  0.2925  
0.479  0.275  
0.519  0.275  
0.528  0.2975  
0.51975  0.325  
0.48125  0.325  
0.48125  0.325  
0.51975  0.325  
0.525  0.3325  
0.525  0.375  
0.479  0.375  
0.465  0.3575  
0.479  0.375  
0.525  0.375  
0.5325  0.3825  
0.51975  0.425  
0.47225  0.425  
0.4695  0.4225  
0.47225  0.425  
0.51975  0.425  
0.5355  0.4475  
0.519  0.475  
0.47725  0.475  
0.466  0.4875  
0.47725  0.475  
0.519  0.475  
0.534  0.5125  
0.52275  0.525  
0.481  0.525  
0.481  0.525  
0.52275  0.525  
0.52775  0.575  
0.48025  0.575  
0.4645  0.5525  
0.48025  0.575  
0.52775  0.575  
0.5305  0.5775  
0.521  0.625  
0.475  0.625  
0.4675  0.6175  
0.475  0.625  
0.521  0.625  
0.535  0.6425  
0.51875  0.675  
0.48025  0.675  
0.475  0.6675  
0.48025  0.675  
0.51875  0.675  
0.535  0.7075  
0.521  0.725  
0.481  0.725  
0.472  0.7025  
0.4735  0.7375  
0.481  0.725  
0.521  0.725  
0.5305  0.7725  
0.52775  0.775  
0.479  0.775  
0.477  0.7725  
0.479  0.775  
0.52775  0.775  
0.52275  0.825  
0.48125  0.825  
0.4725  0.8075  
0.4725  0.8425  
0.48125  0.825  
0.52275  0.825  
0.534  0.8375  
0.519  0.875  
0.479  0.875  
0.477  0.8775  
0.479  0.875  
0.519  0.875  
0.5355  0.9025  
0.51975  0.925  
0.481  0.925  
0.4735  0.9125  
0.472  0.9475  
0.481  0.925  
0.51975  0.925  
0.5325  0.9675  
0.525  0.975  
0.48025  0.975  
0.475  0.9825  
0.48025  0.975  
0.525  0.975  
0.525  1  
0.475  1  
0.525  0  
0.575  0  
0.575  0.01  
0.572  0.0175  
0.525  0.0175  
0.51975  0.025  
0.525  0.0175  
0.572  0.0175  
0.57575  0.03  
0.57375  0.05  
0.5725  0.0525  
0.528  0.0525  
0.528  0.0525  
0.5725  0.0525  
0.576  0.07  
0.5725  0.0875  
0.5265  0.0875  
0.519  0.075  
0.5265  0.0875  
0.5725  0.0875  
0.57375  0.09  
0.57575  0.11  
0.572  0.1225  
0.523  0.1225  
0.521  0.125  
0.523  0.1225  
0.572  0.1225  
0.575  0.13  
0.575  0.15  
0.572  0.1575  
0.5275  0.1575  
0.51875  0.175  
0.5275  0.1575  
0.572  0.1575  
0.57575  0.17  
0.57375  0.19  
0.5725  0.1925  
0.5275  0.1925  
0.5275  0.1925  
0.5725  0.1925  
0.5795  0.2275  
0.523  0.2275  
0.521  0.225  
0.523  0.2275  
0.5795  0.2275  
0.59075  0.24  
0.575  0.2625  
0.5265  0.2625  
0.519  0.275  
0.5265  0.2625  
0.575  0.2625  
0.575  0.2975  
0.528  0.2975  
0.528  0.2975  
0.575  0.2975  
0.59075  0.32  
0.5795  0.3325  
0.525  0.3325  
0.51975  0.325  
0.525  0.3325  
0.5795  0.3325  
0.5695  0.3825  
0.5325  0.3825  
0.525  0.375  
0.5325  0.3825  
0.5695  0.3825  
0.58875  0.4  
0.565  0.4475  
0.5355  0.4475  
0.51975  0.425  
0.519  0.475  
0.5355  0.4475  
0.565  0.4475  
0.591  0.48  
0.565  0.5125  
0.534  0.5125  
0.52275  0.525  
0.534  0.5125  
0.565  0.5125  
0.58875  0.56  
0.5695  0.5775  
0.5305  0.5775  
0.52775  0.575  
0.5305  0.5775  
0.5695  0.5775  
0.582  0.64  
0.5785  0.6425  
0.535  0.6425  
0.521  0.625  
0.535  0.6425  
0.5785  0.6425  
0.572  0.7075  
0.535  0.7075  
0.51875  0.675  
0.521  0.725  
0.535  0.7075  
0.572  0.7075  
0.587  0.72  
0.566  0.7725  
0.5305  0.7725  
0.52775  0.775  
0.5305  0.7725  
0.566  0.7725  
0.59075  0.8  
0.5645  0.8375  
0.534  0.8375  
0.52275  0.825  
0.534  0.8375  
0.5645  0.8375  
0.59  0.88  
0.5675  0.9025  
0.5355  0.9025  
0.519  0.875  
0.51975  0.925  
0.5355  0.9025  
0.5675  0.9025  
0.58475  0.96  
0.575  0.9675  
0.5325  0.9675  
0.525  0.975  
0.5325  0.9675  
0.575  0.9675  
0.575  1  
0.525  1  
0.575  0  
0.625  0  
0.625  0.0025  
0.6245  0.0075  
0.624  0.01  
0.575  0.01  
0.572  0.0175  
0.575  0.01  
0.624  0.01  
0.6245  0.0125  
0.625  0.0175  
0.625  0.0225  
0.6245  0.0275  
0.624  0.03  
0.57575  0.03  
0.57575  0.03  
0.624  0.03  
0.6245  0.0325  
0.625  0.0375  
0.625  0.0425  
0.6245  0.0475  
0.624  0.05  
0.57375  0.05  
0.5725  0.0525  
0.57375  0.05  
0.624  0.05  
0.628  0.07  
0.576  0.07  
0.576  0.07  
0.628  0.07  
0.64  0.09  
0.57375  0.09  
0.5725  0.0875  
0.57375  0.09  
0.64  0.09  
0.6475  0.0975  
0.63625  0.11  
0.57575  0.11  
0.57575  0.11  
0.63625  0.11  
0.62625  0.13  
0.575  0.13  
0.572  0.1225  
0.575  0.13  
0.62625  0.13  
0.62425  0.15  
0.575  0.15  
0.572  0.1575  
0.575  0.15  
0.62425  0.15  
0.63025  0.17  
0.57575  0.17  
0.57575  0.17  
0.63025  0.17  
0.64425  0.19  
0.57375  0.19  
0.5725  0.1925  
0.57375  0.19  
0.64425  0.19  
0.647  0.1925  
0.609  0.24  
0.59075  0.24  
0.5795  0.2275  
0.575  0.2625  
0.59075  0.24  
0.609  0.24  
0.647  0.2875  
0.61125  0.32  
0.59075  0.32  
0.575  0.2975  
0.5795  0.3325  
0.59075  0.32  
0.61125  0.32  
0.6425  0.3825  
0.618  0.4  
0.58875  0.4  
0.5695  0.3825  
0.565  0.4475  
0.58875  0.4  
0.618  0.4  
0.6335  0.4775  
0.62925  0.48  
0.591  0.48  
0.565  0.5125  
0.591  0.48  
0.62925  0.48  
0.62125  0.56  
0.58875  0.56  
0.5695  0.5775  
0.58875  0.56  
0.62125  0.56  
0.64  0.5725  
0.613  0.64  
0.582  0.64  
0.5785  0.6425  
0.582  0.64  
0.613  0.64  
0.646  0.6675  
0.60925  0.72  
0.587  0.72  
0.572  0.7075  
0.587  0.72  
0.60925  0.72  
0.6475  0.7625  
0.61  0.8  
0.59075  0.8  
0.566  0.7725  
0.5645  0.8375  
0.59075  0.8  
0.61  0.8  
0.6445  0.8575  
0.61525  0.88  
0.59  0.88  
0.5675  0.9025  
0.59  0.88  
0.61525  0.88  
0.637  0.9525  
0.625  0.96  
0.58475  0.96  
0.575  0.9675  
0.58475  0.96  
0.625  0.96  
0.625  1  
0.575  1  
0.625  0  
0.675  0  
0.675  0.0025  
0.625  0.0025  
0.625  0.0025  
0.675  0.0025  
0.6755  0.0075  
0.6245  0.0075  
0.6245  0.0075  
0.6755  0.0075  
0.6765  0.0125  
0.6245  0.0125  
0.624  0.01  
0.6245  0.0125  
0.6765  0.0125  
0.678  0.0175  
0.625  0.0175  
0.625  0.0175  
0.678  0.0175  
0.6765  0.0225  
0.625  0.0225  
0.625  0.0225  
0.6765  0.0225  
0.6755  0.0275  
0.6245  0.0275  
0.6245  0.0275  
0.6755  0.0275  
0.675  0.0325  
0.6245  0.0325  
0.624  0.03  
0.6245  0.0325  
0.675  0.0325  
0.675  0.0375  
0.625  0.0375  
0.625  0.0375  
0.675  0.0375  
0.6755  0.0425  
0.625  0.0425  
0.625  0.0425  
0.6755  0.0425  
0.6765  0.0475  
0.6245  0.0475  
0.628  0.07  
0.624  0.05  
0.6245  0.0475  
0.6765  0.0475  
0.678  0.0525  
0.664  0.0875  
0.653  0.0975  
0.6475  0.0975  
0.64  0.09  
0.62625  0.13  
0.63625  0.11  
0.6475  0.0975  
0.653  0.0975  
0.673  0.1225  
0.6765  0.1575  
0.6555  0.1925  
0.647  0.1925  
0.64425  0.19  
0.63025  0.17  
0.62425  0.15  
0.609  0.24  
0.647  0.1925  
0.6555  0.1925  
0.6765  0.2275  
0.673  0.2625  
0.653  0.2875  
0.647  0.2875  
0.61125  0.32  
0.647  0.2875  
0.653  0.2875  
0.664  0.2975  
0.678  0.3325  
0.663  0.3825  
0.6425  0.3825  
0.618  0.4  
0.6425  0.3825  
0.663  0.3825  
0.6825  0.4475  
0.6525  0.4775  
0.6335  0.4775  
0.62925  0.48  
0.6335  0.4775  
0.6525  0.4775  
0.684  0.5125  
0.66  0.5725  
0.64  0.5725  
0.62125  0.56  
0.64  0.5725  
0.66  0.5725  
0.6675  0.5775  
0.6805  0.6425  
0.653  0.6675  
0.646  0.6675  
0.613  0.64  
0.646  0.6675  
0.653  0.6675  
0.685  0.7075  
0.6575  0.7625  
0.6475  0.7625  
0.60925  0.72  
0.61  0.8  
0.6475  0.7625  
0.6575  0.7625  
0.6715  0.7725  
0.678  0.8375  
0.654  0.8575  
0.6445  0.8575  
0.61525  0.88  
0.6445  0.8575  
0.654  0.8575  
0.6855  0.9025  
0.6555  0.9525  
0.637  0.9525  
0.625  0.96  
0.637  0.9525  
0.6555  0.9525  
0.675  0.9675  
0.675  1  
0.625  1  
0.6755  0.0075  
0.675  0.0025  
0.675  0  
0.725  0  
0.725  0.0175  
0.678  0.0175  
0.6765  0.0125  
0.675  0.0325  
0.6755  0.0275  
0.6765  0.0225  
0.678  0.0175  
0.725  0.0175  
0.7355  0.0325  
0.7235  0.0525  
0.678  0.0525  
0.6765  0.0475  
0.6755  0.0425  
0.675  0.0375  
0.678  0.0525  
0.7235  0.0525  
0.727  0.0875  
0.664  0.0875  
0.653  0.0975  
0.664  0.0875  
0.727  0.0875  
0.735  0.0975  
0.7225  0.1225  
0.673  0.1225  
0.673  0.1225  
0.7225  0.1225  
0.7295  0.1575  
0.6765  0.1575  
0.6765  0.1575  
0.7295  0.1575  
0.734  0.1625  
0.722  0.1925  
0.6555  0.1925  
0.6555  0.1925  
0.722  0.1925  
0.7325  0.2275  
0.6765  0.2275  
0.6765  0.2275  
0.7325  0.2275  
0.722  0.2625  
0.673  0.2625  
0.673  0.2625  
0.722  0.2625  
0.734  0.2925  
0.7295  0.2975  
0.664  0.2975  
0.653  0.2875  
0.664  0.2975  
0.7295  0.2975  
0.7225  0.3325  
0.678  0.3325  
0.678  0.3325  
0.7225  0.3325  
0.735  0.3575  
0.715  0.3825  
0.663  0.3825  
0.663  0.3825  
0.715  0.3825  
0.735  0.4225  
0.715  0.4475  
0.6825  0.4475  
0.6525  0.4775  
0.6825  0.4475  
0.715  0.4475  
0.735  0.4875  
0.715  0.5125  
0.684  0.5125  
0.684  0.5125  
0.715  0.5125  
0.735  0.5525  
0.715  0.5775  
0.6675  0.5775  
0.66  0.5725  
0.6675  0.5775  
0.715  0.5775  
0.735  0.6175  
0.715  0.6425  
0.6805  0.6425  
0.653  0.6675  
0.6805  0.6425  
0.715  0.6425  
0.7275  0.6675  
0.7205  0.7025  
0.716  0.7075  
0.685  0.7075  
0.685  0.7075  
0.716  0.7075  
0.728  0.7375  
0.7175  0.7725  
0.6715  0.7725  
0.6575  0.7625  
0.6715  0.7725  
0.7175  0.7725  
0.728  0.8075  
0.716  0.8375  
0.678  0.8375  
0.654  0.8575  
0.678  0.8375  
0.716  0.8375  
0.7205  0.8425  
0.7275  0.8775  
0.715  0.9025  
0.6855  0.9025  
0.6855  0.9025  
0.715  0.9025  
0.723  0.9125  
0.7265  0.9475  
0.7145  0.9675  
0.675  0.9675  
0.6555  0.9525  
0.675  0.9675  
0.7145  0.9675  
0.725  0.9825  
0.725  1  
0.675  1  
0.725  0  
0.775  0  
0.775  0.0325  
0.7355  0.0325  
0.725  0.0175  
0.7235  0.0525  
0.7355  0.0325  
0.775  0.0325  
0.7945  0.0475  
0.7645  0.0975  
0.735  0.0975  
0.727  0.0875  
0.7225  0.1225  
0.735  0.0975  
0.7645  0.0975  
0.796  0.1425  
0.772  0.1625  
0.734  0.1625  
0.7295  0.1575  
0.722  0.1925  
0.734  0.1625  
0.772  0.1625  
0.7785  0.2275  
0.7325  0.2275  
0.7325  0.2275  
0.7785  0.2275  
0.7925  0.2375  
0.765  0.2925  
0.734  0.2925  
0.722  0.2625  
0.7295  0.2975  
0.734  0.2925  
0.765  0.2925  
0.797  0.3325  
0.7695  0.3575  
0.735  0.3575  
0.7225  0.3325  
0.715  0.3825  
0.735  0.3575  
0.7695  0.3575  
0.7825  0.4225  
0.735  0.4225  
0.715  0.4475  
0.735  0.4225  
0.7825  0.4225  
0.79  0.4275  
0.766  0.4875  
0.735  0.4875  
0.715  0.5125  
0.735  0.4875  
0.766  0.4875  
0.7975  0.5225  
0.7675  0.5525  
0.735  0.5525  
0.715  0.5775  
0.735  0.5525  
0.7675  0.5525  
0.787  0.6175  
0.735  0.6175  
0.715  0.6425  
0.735  0.6175  
0.787  0.6175  
0.772  0.6675  
0.7275  0.6675  
0.7275  0.6675  
0.772  0.6675  
0.786  0.7025  
0.7205  0.7025  
0.716  0.7075  
0.7205  0.7025  
0.786  0.7025  
0.797  0.7125  
0.777  0.7375  
0.728  0.7375  
0.728  0.7375  
0.777  0.7375  
0.7735  0.7725  
0.7175  0.7725  
0.7175  0.7725  
0.7735  0.7725  
0.7945  0.8075  
0.728  0.8075  
0.728  0.8075  
0.7945  0.8075  
0.7735  0.8425  
0.7205  0.8425  
0.716  0.8375  
0.7205  0.8425  
0.7735  0.8425  
0.777  0.8775  
0.7275  0.8775  
0.7275  0.8775  
0.777  0.8775  
0.797  0.9025  
0.786  0.9125  
0.723  0.9125  
0.715  0.9025  
0.723  0.9125  
0.786  0.9125  
0.772  0.9475  
0.7265  0.9475  
0.7265  0.9475  
0.772  0.9475  
0.7735  0.9525  
0.7745  0.9575  
0.775  0.9625  
0.775  0.9675  
0.7745  0.9725  
0.7735  0.9775  
0.772  0.9825  
0.725  0.9825  
0.7145  0.9675  
0.725  0.9825  
0.772  0.9825  
0.7735  0.9875  
0.7745  0.9925  
0.775  0.9975  
0.775  1  
0.725  1  
0.775  0  
0.825  0  
0.825  0.0475  
0.7945  0.0475  
0.775  0.0325  
0.7945  0.0475  
0.825  0.0475  
0.825  0.1425  
0.796  0.1425  
0.7645  0.0975  
0.772  0.1625  
0.796  0.1425  
0.825  0.1425  
0.825  0.2375  
0.7925  0.2375  
0.7785  0.2275  
0.7925  0.2375  
0.825  0.2375  
0.825  0.3325  
0.797  0.3325  
0.765  0.2925  
0.7695  0.3575  
0.797  0.3325  
0.825  0.3325  
0.825  0.4275  
0.79  0.4275  
0.7825  0.4225  
0.79  0.4275  
0.825  0.4275  
0.825  0.5225  
0.7975  0.5225  
0.766  0.4875  
0.7675  0.5525  
0.7975  0.5225  
0.825  0.5225  
0.825  0.6175  
0.787  0.6175  
0.772  0.6675  
0.787  0.6175  
0.825  0.6175  
0.825  0.7125  
0.797  0.7125  
0.786  0.7025  
0.777  0.7375  
0.797  0.7125  
0.825  0.7125  
0.825  0.8075  
0.7945  0.8075  
0.7735  0.7725  
0.7735  0.8425  
0.7945  0.8075  
0.825  0.8075  
0.825  0.9025  
0.797  0.9025  
0.777  0.8775  
0.786  0.9125  
0.797  0.9025  
0.825  0.9025  
0.825  0.9525  
0.7735  0.9525  
0.772  0.9475  
0.7735  0.9525  
0.825  0.9525  
0.825  0.9575  
0.7745  0.9575  
0.7745  0.9575  
0.825  0.9575  
0.825  0.9625  
0.775  0.9625  
0.775  0.9625  
0.825  0.9625  
0.825  0.9675  
0.775  0.9675  
0.775  0.9675  
0.825  0.9675  
0.825  0.9725  
0.7745  0.9725  
0.7745  0.9725  
0.825  0.9725  
0.825  0.9775  
0.7735  0.9775  
0.7735  0.9775  
0.825  0.9775  
0.825  0.9825  
0.772  0.9825  
0.772  0.9825  
0.825  0.9825  
0.825  0.9875  
0.7735  0.9875  
0.7735  0.9875  
0.825  0.9875  
0.825  0.9925  
0.7745  0.9925  
0.7745  0.9925  
0.825  0.9925  
0.825  0.9975  
0.775  0.9975  
0.775  0.9975  
0.825  0.9975  
0.825  1  
0.775  1  
0.825  0  
0.875  0  
0.875  0.0475  
0.825  0.0475  
0.825  0.0475  
0.875  0.0475  
0.875  0.1425  
0.825  0.1425  
0.825  0.1425  
0.875  0.1425  
0.875  0.2375  
0.825  0.2375  
0.825  0.2375  
0.875  0.2375  
0.875  0.3325  
0.825  0.3325  
0.825  0.3325  
0.875  0.3325  
0.875  0.4275  
0.825  0.4275  
0.825  0.4275  
0.875  0.4275  
0.875  0.5225  
0.825  0.5225  
0.825  0.5225  
0.875  0.5225  
0.875  0.6175  
0.825  0.6175  
0.825  0.6175  
0.875  0.6175  
0.875  0.7125  
0.825  0.7125  
0.825  0.7125  
0.875  0.7125  
0.875  0.8075  
0.825  0.8075  
0.825  0.8075  
0.875  0.8075  
0.875  0.9025  
0.825  0.9025  
0.825  0.9025  
0.875  0.9025  
0.875  0.9525  
0.825  0.9525  
0.825  0.9525  
0.875  0.9525  
0.875  0.9575  
0.825  0.9575  
0.825  0.9575  
0.875  0.9575  
0.875  0.9625  
0.825  0.9625  
0.825  0.9625  
0.875  0.9625  
0.875  0.9675  
0.825  0.9675  
0.825  0.9675  
0.875  0.9675  
0.875  0.9725  
0.825  0.9725  
0.825  0.9725  
0.875  0.9725  
0.875  0.9775  
0.825  0.9775  
0.825  0.9775  
0.875  0.9775  
0.875  0.9825  
0.825  0.9825  
0.825  0.9825  
0.875  0.9825  
0.875  0.9875  
0.825  0.9875  
0.825  0.9875  
0.875  0.9875  
0.875  0.9925  
0.825  0.9925  
0.825  0.9925  
0.875  0.9925  
0.875  0.9975  
0.825  0.9975  
0.825  0.9975  
0.875  0.9975  
0.875  1  
0.825  1  
0.875  0  
0.925  0  
0.925  0.0475  
0.875  0.0475  
0.875  0.0475  
0.925  0.0475  
0.925  0.1425  
0.875  0.1425  
0.875  0.1425  
0.925  0.1425  
0.925  0.2375  
0.875  0.2375  
0.875  0.2375  
0.925  0.2375  
0.925  0.3325  
0.875  0.3325  
0.875  0.3325  
0.925  0.3325  
0.925  0.4275  
0.875  0.4275  
0.875  0.4275  
0.925  0.4275  
0.925  0.5225  
0.875  0.5225  
0.875  0.5225  
0.925  0.5225  
0.925  0.6175  
0.875  0.6175  
0.875  0.6175  
0.925  0.6175  
0.925  0.7125  
0.875  0.7125  
0.875  0.7125  
0.925  0.7125  
0.925  0.8075  
0.875  0.8075  
0.875  0.8075  
0.925  0.8075  
0.925  0.9025  
0.875  0.9025  
0.875  0.9025  
0.925  0.9025  
0.925  0.9525  
0.875  0.9525  
0.875  0.9525  
0.925  0.9525  
0.925  0.9575  
0.875  0.9575  
0.875  0.9575  
0.925  0.9575  
0.925  0.9625  
0.875  0.9625  
0.875  0.9625  
0.925  0.9625  
0.925  0.9675  
0.875  0.9675  
0.875  0.9675  
0.925  0.9675  
0.925  0.9725  
0.875  0.9725  
0.875  0.9725  
0.925  0.9725  
0.925  0.9775  
0.875  0.9775  
0.875  0.9775  
0.925  0.9775  
0.925  0.9825  
0.875  0.9825  
0.875  0.9825  
0.925  0.9825  
0.925  0.9875  
0.875  0.9875  
0.875  0.9875  
0.925  0.9875  
0.925  0.9925  
0.875  0.9925  
0.875  0.9925  
0.925  0.9925  
0.925  0.9975  
0.875  0.9975  
0.875  0.9975  
0.925  0.9975  
0.925  1  
0.875  1  
0.925  0  
0.975  0  
0.975  0.0475  
0.925  0.0475  
0.925  0.0475  
0.975  0.0475  
0.975  0.1425  
0.925  0.1425  
0.925  0.1425  
0.975  0.1425  
0.975  0.2375  
0.925  0.2375  
0.925  0.2375  
0.975  0.2375  
0.975  0.3325  
0.925  0.3325  
0.925  0.3325  
0.975  0.3325  
0.975  0.4275  
0.925  0.4275  
0.925  0.4275  
0.975  0.4275  
0.975  0.5225  
0.925  0.5225  
0.925  0.5225  
0.975  0.5225  
0.975  0.6175  
0.925  0.6175  
0.925  0.6175  
0.975  0.6175  
0.975  0.7125  
0.925  0.7125  
0.925  0.7125  
0.975  0.7125  
0.975  0.8075  
0.925  0.8075  
0.925  0.8075  
0.975  0.8075  
0.975  0.9025  
0.925  0.9025  
0.925  0.9025  
0.975  0.9025  
0.975  0.9525  
0.925  0.9525  
0.925  0.9525  
0.975  0.9525  
0.975  0.9575  
0.925  0.9575  
0.925  0.9575  
0.975  0.9575  
0.975  0.9625  
0.925  0.9625  
0.925  0.9625  
0.975  0.9625  
0.975  0.9675  
0.925  0.9675  
0.925  0.9675  
0.975  0.9675  
0.975  0.9725  
0.925  0.9725  
0.925  0.9725  
0.975  0.9725  
0.975  0.9775  
0.925  0.9775  
0.925  0.9775  
0.975  0.9775  
0.975  0.9825  
0.925  0.9825  
0.925  0.9825  
0.975  0.9825  
0.975  0.9875  
0.925  0.9875  
0.925  0.9875  
0.975  0.9875  
0.975  0.9925  
0.925  0.9925  
0.925  0.9925  
0.975  0.9925  
0.975  0.9975  
0.925  0.9975  
0.925  0.9975  
0.975  0.9975  
0.975  1  
0.925  1  
0.975  0  
1  0  
1  0.0475  
0.975  0.0475  
0.975  0.0475  
1  0.0475  
1  0.1425  
0.975  0.1425  
0.975  0.1425  
1  0.1425  
1  0.2375  
0.975  0.2375  
0.975  0.2375  
1  0.2375  
1  0.3325  
0.975  0.3325  
0.975  0.3325  
1  0.3325  
1  0.4275  
0.975  0.4275  
0.975  0.4275  
1  0.4275  
1  0.5225  
0.975  0.5225  
0.975  0.5225  
1  0.5225  
1  0.6175  
0.975  0.6175  
0.975  0.6175  
1  0.6175  
1  0.7125  
0.975  0.7125  
0.975  0.7125  
1  0.7125  
1  0.8075  
0.975  0.8075  
0.975  0.8075  
1  0.8075  
1  0.9025  
0.975  0.9025  
0.975  0.9025  
1  0.9025  
1  0.9525  
0.975  0.9525  
0.975  0.9525  
1  0.9525  
1  0.9575  
0.975  0.9575  
0.975  0.9575  
1  0.9575  
1  0.9625  
0.975  0.9625  
0.975  0.9625  
1  0.9625  
1  0.9675  
0.975  0.9675  
0.975  0.9675  
1  0.9675  
1  0.9725  
0.975  0.9725  
0.975  0.9725  
1  0.9725  
1  0.9775  
0.975  0.9775  
0.975  0.9775  
1  0.9775  
1  0.9825  
0.975  0.9825  
0.975  0.9825  
1  0.9825  
1  0.9875  
0.975  0.9875  
0.975  0.9875  
1  0.9875  
1  0.9925  
0.975  0.9925  
0.975  0.9925  
1  0.9925  
1  0.9975  
0.975  0.9975  
0.975  0.9975  
1  0.9975  
1  1  
0.975  1  
# grid vertices 
781
0.424 0.93 
0.925 0.9525 
0.225 0.9675 
0.7735 0.9525 
0.925 0.9775 
0.825 0.9575 
0.3235 0.7725 
0.025 0.0225 
0.125 0.0375 
0.125 0.0075 
0.2255 0.0275 
0.481 0.525 
0.125 0.0325 
0.213 0.3825 
0.52275 0.825 
0.025 0.7625 
0.075 0.7625 
0.265 0.4475 
0.654 0.8575 
0.3755 0.9725 
0.322 0.9825 
0.481 0.925 
0.375 0.9825 
0.825 0.9875 
0.925 0.9825 
0.875 0.9775 
0.925 0.9625 
0.975 0.9575 
0.925 0.9025 
0.653 0.6675 
0.42425 0.97 
0.42425 0.89 
0.787 0.6175 
0.4325 0.0975 
0.6245 0.0275 
0.734 0.2925 
0.675 0.0025 
0.64 0.5725 
0.125 0.0125 
0.075 0.0325 
0.025 0.0325 
0.025 0.0375 
0.025 0.0425 
0.175 0.0225 
0.075 0.0275 
0.025 0.0025 
0.175 0.0175 
0.285 0.0975 
0.175 0.0075 
0.228 0.0175 
0.075 0.0225 
0.125 0.0275 
0.284 0.1625 
0.425 0.0325 
0.51875 0.175 
0.41525 0.04 
0.64 0.09 
0.466 0.1625 
0.572 0.0175 
0.075 0.0475 
0.214 0.2975 
0.3425 0.2375 
0.7235 0.0525 
0.025 0.3825 
0.413 0.28 
0.175 0.0425 
0.025 0.0975 
0.075 0.0375 
0.025 0.1925 
0.025 0.2875 
0.075 0.3825 
0.075 0.2875 
0.265 0.5125 
0.2795 0.2975 
0.125 0.5725 
0.125 0.4775 
0.025 0.5725 
0.125 0.3825 
0.175 0.5725 
0.025 0.4775 
0.125 0.7625 
0.075 0.5725 
0.125 0.8575 
0.21 0.5725 
0.375 0.9775 
0.52775 0.775 
0.235 0.7075 
0.375 0.9625 
0.372 0.93 
0.275 0.9825 
0.376 0.97 
0.3235 0.9775 
0.5325 0.9675 
0.3445 0.8075 
0.4735 0.9125 
0.4725 0.8075 
0.5355 0.9025 
0.428 0.8425 
0.234 0.5125 
0.42425 0.83 
0.472 0.7025 
0.521 0.625 
0.475 0.625 
0.3195 0.3575 
0.613 0.64 
0.4695 0.4225 
0.4305 0.4225 
0.48125 0.325 
0.48025 0.075 
0.5785 0.6425 
0.61525 0.88 
0.7175 0.7725 
0.66 0.5725 
0.58475 0.96 
0.7945 0.8075 
0.519 0.875 
0.637 0.9525 
0.59 0.88 
0.7745 0.9925 
0.7265 0.9475 
0.772 0.9475 
0.875 0.9925 
0.7735 0.9875 
0.825 0.9775 
0.825 0.9625 
0.797 0.9025 
0.825 0.9725 
0.775 0.9625 
0.825 0.9825 
0.925 0.9925 
0.975 0.9825 
0.975 0.9775 
0.925 0.9975 
0.925 0.9875 
0.975 0.9925 
0.975 0.9725 
0.925 0.9725 
0.875 0.9675 
0.875 0.9725 
0.875 0.9625 
0.875 0.9575 
0.975 0.9525 
0.975 0.9675 
0.825 0.6175 
0.875 0.7125 
0.975 0.3325 
0.875 0.5225 
0.6525 0.4775 
0.875 0.6175 
0.735 0.5525 
0.7695 0.3575 
0.797 0.7125 
0.6805 0.6425 
0.715 0.5775 
0.715 0.6425 
0.4675 0.6175 
0.4645 0.5525 
0.565 0.4475 
0.591 0.48 
0.5275 0.1925 
0.628 0.07 
0.62925 0.48 
0.715 0.5125 
0.765 0.2925 
0.465 0.3575 
0.664 0.2975 
0.4355 0.1625 
0.528 0.2975 
0.4645 0.0975 
0.624 0.01 
0.6245 0.0125 
0.664 0.0875 
0.5795 0.2275 
0.825 0.1425 
0.722 0.1925 
0.715 0.3825 
0.6765 0.2275 
0.797 0.3325 
0.796 0.1425 
0.825 0.0475 
0.925 0.3325 
0.7645 0.0975 
0.875 0.0475 
0.875 0.4275 
0.075 0.0025 
0.075 0.0175 
0.025 0.0075 
0.075 0.0125 
0.025 0.0125 
0.025 0.0275 
0.075 0.0425 
0.025 0.0175 
0.125 0.0175 
0.125 0.0425 
0.075 0.0075 
0.125 0.0025 
0.175 0.0025 
0.175 0.0125 
0.38475 0.12 
0.2255 0.0075 
0.375 0.04 
0.3445 0.0475 
0.525 0.0175 
0.475 0.025 
0.225 0.0025 
0.325 0.0325 
0.2265 0.0125 
0.225 0.0325 
0.175 0.0275 
0.2265 0.0475 
0.275 0.0175 
0.225 0.0375 
0.175 0.0325 
0.2255 0.0425 
0.175 0.0375 
0.175 0.2875 
0.125 0.0225 
0.2265 0.0225 
0.277 0.0875 
0.2855 0.0325 
0.223 0.1225 
0.3145 0.0975 
0.2055 0.1925 
0.346 0.1425 
0.3525 0.2375 
0.322 0.1625 
0.39 0.2 
0.3555 0.1425 
0.41 0.12 
0.363 0.0475 
0.528 0.0525 
0.4675 0.0325 
0.5795 0.3325 
0.4695 0.2275 
0.47225 0.225 
0.40925 0.2 
0.39075 0.28 
0.434 0.2275 
0.347 0.3325 
0.3285 0.2275 
0.428 0.2925 
0.354 0.3325 
0.37875 0.44 
0.418 0.36 
0.36 0.4275 
0.387 0.36 
0.479 0.275 
0.4215 0.3575 
0.285 0.4225 
0.2725 0.3325 
0.315 0.2925 
0.2825 0.2275 
0.285 0.3575 
0.284 0.2925 
0.2325 0.4475 
0.075 0.4775 
0.3325 0.4225 
0.265 0.3825 
0.228 0.3325 
0.203 0.2875 
0.223 0.2625 
0.272 0.2625 
0.175 0.0975 
0.2735 0.0525 
0.272 0.1925 
0.2265 0.2275 
0.2795 0.1575 
0.203 0.0975 
0.214 0.0875 
0.228 0.0525 
0.175 0.0475 
0.2725 0.1225 
0.2265 0.1575 
0.125 0.0975 
0.175 0.1925 
0.125 0.0475 
0.025 0.0475 
0.075 0.0975 
0.075 0.1925 
0.125 0.1925 
0.125 0.2875 
0.175 0.3825 
0.175 0.4775 
0.316 0.4875 
0.2025 0.4775 
0.285 0.4875 
0.337 0.6175 
0.3175 0.5525 
0.075 0.6675 
0.285 0.5525 
0.4205 0.6675 
0.265 0.5775 
0.2175 0.5775 
0.266 0.7075 
0.285 0.6175 
0.2305 0.6425 
0.2675 0.7725 
0.203 0.6675 
0.265 0.6425 
0.175 0.6675 
0.025 0.6675 
0.125 0.6675 
0.175 0.9525 
0.075 0.8575 
0.025 0.8575 
0.025 0.9525 
0.075 0.9525 
0.125 0.9525 
0.327 0.8775 
0.2775 0.8775 
0.2055 0.9525 
0.2355 0.9025 
0.3755 0.9675 
0.2645 0.9675 
0.3755 0.9925 
0.175 0.8575 
0.347 0.9025 
0.204 0.8575 
0.175 0.7625 
0.2075 0.7625 
0.228 0.8375 
0.2215 0.7725 
0.266 0.8375 
0.3235 0.8425 
0.336 0.9125 
0.265 0.9025 
0.3755 0.9525 
0.376 0.95 
0.3235 0.9525 
0.273 0.9125 
0.325 0.9625 
0.3245 0.9575 
0.2765 0.9475 
0.322 0.9475 
0.3245 0.9725 
0.325 0.9675 
0.325 0.9975 
0.3235 0.9875 
0.3755 0.9875 
0.3245 0.9925 
0.376 0.99 
0.3525 0.9025 
0.42625 0.95 
0.375 0.9575 
0.4275 0.9475 
0.375 0.9975 
0.428 0.9825 
0.472 0.9475 
0.425 0.99 
0.48025 0.975 
0.479 0.875 
0.51975 0.925 
0.36375 0.89 
0.428 0.8775 
0.36 0.91 
0.42625 0.91 
0.37375 0.87 
0.425 0.87 
0.477 0.8775 
0.4275 0.9125 
0.4725 0.8425 
0.5675 0.9025 
0.425 0.85 
0.42625 0.81 
0.477 0.7725 
0.4735 0.7375 
0.391 0.76 
0.40925 0.76 
0.35575 0.81 
0.336 0.7025 
0.4275 0.8075 
0.4205 0.7725 
0.37575 0.85 
0.36975 0.83 
0.2705 0.8425 
0.278 0.8075 
0.278 0.7375 
0.322 0.6675 
0.353 0.8075 
0.327 0.7375 
0.425 0.7375 
0.347 0.7125 
0.38875 0.68 
0.353 0.7125 
0.2705 0.7025 
0.2775 0.6675 
0.3475 0.5225 
0.382 0.6 
0.3665 0.5225 
0.34 0.4275 
0.3575 0.6175 
0.41125 0.6 
0.48025 0.575 
0.41125 0.44 
0.435 0.4875 
0.37075 0.52 
0.4305 0.6175 
0.47725 0.475 
0.425 0.7025 
0.40925 0.68 
0.435 0.5525 
0.409 0.52 
0.466 0.4875 
0.58875 0.56 
0.582 0.64 
0.52775 0.575 
0.51875 0.675 
0.475 0.6675 
0.646 0.6675 
0.5305 0.5775 
0.5695 0.5775 
0.52275 0.525 
0.6675 0.5775 
0.684 0.5125 
0.7675 0.5525 
0.825 0.5225 
0.975 0.7125 
0.825 0.7125 
0.7275 0.6675 
0.685 0.7075 
0.5305 0.7725 
0.735 0.6175 
0.786 0.7025 
0.716 0.7075 
0.535 0.7075 
0.772 0.6675 
0.7205 0.7025 
0.7735 0.8425 
0.728 0.7375 
0.777 0.7375 
0.6575 0.7625 
0.6715 0.7725 
0.6475 0.7625 
0.61 0.8 
0.60925 0.72 
0.521 0.725 
0.535 0.6425 
0.587 0.72 
0.481 0.725 
0.48025 0.675 
0.572 0.7075 
0.566 0.7725 
0.48125 0.825 
0.479 0.775 
0.825 0.8075 
0.678 0.8375 
0.715 0.9025 
0.7145 0.9675 
0.534 0.8375 
0.6445 0.8575 
0.5645 0.8375 
0.59075 0.8 
0.475 0.9825 
0.525 0.975 
0.575 0.9675 
0.625 0.96 
0.6555 0.9525 
0.675 0.9675 
0.6855 0.9025 
0.772 0.9825 
0.875 0.9875 
0.725 0.9825 
0.775 0.9975 
0.825 0.9925 
0.825 0.9675 
0.7735 0.9775 
0.7745 0.9575 
0.786 0.9125 
0.777 0.8775 
0.716 0.8375 
0.723 0.9125 
0.7275 0.8775 
0.7205 0.8425 
0.7735 0.7725 
0.728 0.8075 
0.925 0.9675 
0.875 0.9825 
0.7745 0.9725 
0.775 0.9675 
0.825 0.9975 
0.875 0.9975 
0.975 0.9975 
0.975 0.9875 
0.975 0.9625 
0.925 0.9575 
0.875 0.8075 
0.975 0.9025 
0.875 0.9525 
0.825 0.9525 
0.825 0.9025 
0.875 0.9025 
0.925 0.8075 
0.925 0.6175 
0.7975 0.5225 
0.925 0.5225 
0.975 0.6175 
0.925 0.7125 
0.975 0.8075 
0.975 0.5225 
0.925 0.4275 
0.7825 0.4225 
0.975 0.4275 
0.7925 0.2375 
0.925 0.2375 
0.875 0.1425 
0.975 0.2375 
0.875 0.3325 
0.825 0.2375 
0.875 0.2375 
0.772 0.1625 
0.7785 0.2275 
0.673 0.2625 
0.678 0.3325 
0.519 0.275 
0.825 0.3325 
0.715 0.4475 
0.825 0.4275 
0.735 0.4875 
0.735 0.3575 
0.79 0.4275 
0.766 0.4875 
0.6825 0.4475 
0.663 0.3825 
0.735 0.4225 
0.5355 0.4475 
0.5325 0.3825 
0.6425 0.3825 
0.618 0.4 
0.6335 0.4775 
0.62125 0.56 
0.565 0.5125 
0.479 0.375 
0.58875 0.4 
0.519 0.475 
0.534 0.5125 
0.525 0.375 
0.465 0.2925 
0.51975 0.425 
0.47225 0.425 
0.525 0.3325 
0.5695 0.3825 
0.521 0.225 
0.59075 0.32 
0.5265 0.2625 
0.51975 0.325 
0.523 0.2275 
0.61125 0.32 
0.57375 0.19 
0.5725 0.1925 
0.59075 0.24 
0.575 0.2975 
0.647 0.1925 
0.647 0.2875 
0.575 0.2625 
0.609 0.24 
0.6555 0.1925 
0.653 0.2875 
0.7295 0.2975 
0.7225 0.3325 
0.7325 0.2275 
0.722 0.2625 
0.575 0.15 
0.64425 0.19 
0.63625 0.11 
0.51975 0.025 
0.624 0.05 
0.57575 0.11 
0.62425 0.15 
0.572 0.1575 
0.63025 0.17 
0.57575 0.17 
0.523 0.1225 
0.572 0.1225 
0.5275 0.1575 
0.47725 0.175 
0.521 0.125 
0.481 0.125 
0.519 0.075 
0.57375 0.09 
0.62625 0.13 
0.575 0.13 
0.625 0.0425 
0.5725 0.0875 
0.576 0.07 
0.5265 0.0875 
0.575 0.01 
0.5725 0.0525 
0.625 0.0025 
0.57575 0.03 
0.6245 0.0075 
0.6755 0.0075 
0.625 0.0175 
0.57375 0.05 
0.625 0.0225 
0.624 0.03 
0.6475 0.0975 
0.6245 0.0475 
0.678 0.0525 
0.6765 0.0225 
0.625 0.0375 
0.6245 0.0325 
0.675 0.0375 
0.678 0.0175 
0.7355 0.0325 
0.6755 0.0275 
0.675 0.0325 
0.6765 0.0125 
0.6755 0.0425 
0.6765 0.0475 
0.725 0.0175 
0.6765 0.1575 
0.653 0.0975 
0.734 0.1625 
0.673 0.1225 
0.7295 0.1575 
0.727 0.0875 
0.7225 0.1225 
0.735 0.0975 
0.7945 0.0475 
0.925 0.1425 
0.925 0.0475 
0.975 0.1425 
0.975 0.0475 
0.775 0.0325 
0.025 -2.09956 
-2.07706 0.0025 
-2.07345 0.0075 
-2.06986 0.0125 
-2.06629 0.0175 
-2.06274 0.0225 
-2.0592 0.0275 
-2.05568 0.0325 
-2.05219 0.0375 
-2.04871 0.0425 
-2.04525 0.0475 
-2.01181 0.0975 
-1.95506 0.1925 
-1.90958 0.2875 
-1.87853 0.3825 
-1.86475 0.4775 
-1.86971 0.5725 
-1.89288 0.6675 
-1.93192 0.7625 
-1.98371 0.8575 
-2.04525 0.9525 
0.075 -2.06603 
0.025 3.02275 
0.125 -2.03472 
0.075 2.9875 
0.175 -2.00596 
0.125 2.95441 
0.225 -1.98016 
0.175 2.92383 
0.275 -1.9291 
0.225 2.9241 
0.325 -1.88089 
0.275 2.9291 
0.375 -1.85089 
0.325 2.9391 
0.425 -1.85519 
0.375 2.92468 
0.475 -1.86487 
0.425 2.89992 
0.525 -1.87986 
0.475 2.87986 
0.575 -1.89992 
0.525 2.86487 
0.625 -1.92468 
0.575 2.85519 
0.675 -1.9391 
0.625 2.85089 
0.725 -1.9291 
0.675 2.88089 
0.775 -1.9241 
0.725 2.9291 
0.825 -1.92383 
0.775 2.98016 
0.875 -1.95441 
0.825 3.00596 
0.925 -1.9875 
0.875 3.03472 
0.975 -2.02275 
0.925 3.06603 
3.04525 0.0475 
2.98371 0.1425 
2.93192 0.2375 
2.89288 0.3325 
2.86971 0.4275 
2.86475 0.5225 
2.87853 0.6175 
2.90958 0.7125 
2.95506 0.8075 
3.01181 0.9025 
3.04525 0.9525 
3.04871 0.9575 
3.05219 0.9625 
3.05568 0.9675 
3.0592 0.9725 
3.06274 0.9775 
3.06629 0.9825 
3.06986 0.9875 
3.07345 0.9925 
3.07706 0.9975 
0.975 3.09956 
0.025 0 
0 0 
0 0.0025 
0 0.0075 
0 0.0125 
0 0.0175 
0 0.0225 
0 0.0275 
0 0.0325 
0 0.0375 
0 0.0425 
0 0.0475 
0 0.0975 
0 0.1925 
0 0.2875 
0 0.3825 
0 0.4775 
0 0.5725 
0 0.6675 
0 0.7625 
0 0.8575 
0 0.9525 
0 1 
0.025 1 
0.075 0 
0.075 1 
0.125 0 
0.125 1 
0.175 0 
0.175 1 
0.225 0 
0.225 1 
0.275 0 
0.275 1 
0.325 0 
0.325 1 
0.375 0 
0.375 1 
0.425 0 
0.425 1 
0.475 0 
0.475 1 
0.525 0 
0.525 1 
0.575 0 
0.575 1 
0.625 0 
0.625 1 
0.675 0 
0.675 1 
0.725 0 
0.725 1 
0.775 0 
0.775 1 
0.825 0 
0.825 1 
0.875 0 
0.875 1 
0.925 0 
0.925 1 
0.975 0 
1 0.9975 
1 1 
1 0 
1 0.0475 
1 0.1425 
1 0.2375 
1 0.3325 
1 0.4275 
1 0.5225 
1 0.6175 
1 0.7125 
1 0.8075 
1 0.9025 
1 0.9525 
1 0.9575 
1 0.9625 
1 0.9675 
1 0.9725 
1 0.9775 
1 0.9825 
1 0.9875 
1 0.9925 
0.975 1 
