# Date: 8/4/2013   Time: 10:49
# dimensions 
1 1 
# connectivity 
10
4 1 2 3 4 1 1 
4 5 6 7 8 1 1 
4 9 10 11 12 1 1 
4 13 14 15 16 1 1 
4 17 18 19 20 1 1 
4 21 22 23 24 1 1 
4 25 26 27 28 1 1 
4 29 30 31 32 1 1 
4 33 34 35 36 1 1 
4 37 38 39 40 1 1 
# DG vertices (counter-clockwise) 
40
 0 0 
 0.2 0 
 0.2 0.05 
 0 0.05 
 0 0.05 
 0.2 0.05 
 0.2 1 
 0 1 
 0.2 0 
 0.35 0 
 0.35 0.95 
 0.2 0.05 
 0.2 0.05 
 0.35 0.95 
 0.35 1 
 0.2 1 
 0.35 0 
 0.65 0 
 0.65 0.05 
 0.35 0.95 
 0.35 0.95 
 0.65 0.05 
 0.65 1 
 0.35 1 
 0.65 0 
 0.8 0 
 0.8 0.95 
 0.65 0.05 
 0.65 0.05 
 0.8 0.95 
 0.8 1 
 0.65 1 
 0.8 0 
 1 0 
 1 0.95 
 0.8 0.95 
 0.8 0.95 
 1 0.95 
 1 1 
 0.8 1 
# grid vertices (counter-clockwise) 
18
0 0 
0 0.05 
0 1 
0.2 0 
0.2 0.05 
0.2 1 
0.35 0 
0.35 0.95 
0.35 1 
0.65 0 
0.65 0.05 
0.65 1 
0.8 0 
0.8 0.95 
0.8 1 
1 0 
1 0.95 
1 1 
