# Date: 8/4/2013   Time: 14:57
# dimensions 
1 1 
# connectivity 
110
4  1  2  3  4    1 1 
4  5  6  7  8    1 1 
4  9  10  11  12    1 1 
4  13  14  15  16    1 1 
4  17  18  19  20    1 1 
4  21  22  23  24    1 1 
4  25  26  27  28    1 1 
4  29  30  31  32    1 1 
4  33  34  35  36    1 1 
4  37  38  39  40    1 1 
4  41  42  43  44    1 1 
4  45  46  47  48    1 1 
4  49  50  51  52    1 1 
4  53  54  55  56    1 1 
4  57  58  59  60    1 1 
4  61  62  63  64    1 1 
4  65  66  67  68    1 1 
4  69  70  71  72    1 1 
4  73  74  75  76    1 1 
4  77  78  79  80    1 1 
4  81  82  83  84    1 1 
4  85  86  87  88    1 1 
4  89  90  91  92    1 1 
4  93  94  95  96    1 1 
4  97  98  99  100    1 1 
4  101  102  103  104    1 1 
4  105  106  107  108    1 1 
5  109  110  111  112  113    1 1 
5  114  115  116  117  118    1 1 
5  119  120  121  122  123    1 1 
5  124  125  126  127  128    1 1 
5  129  130  131  132  133    1 1 
9  134  135  136  137  138  139  140  141  142    1 1 
10  143  144  145  146  147  148  149  150  151  152    1 1 
6  153  154  155  156  157  158    1 1 
7  159  160  161  162  163  164  165    1 1 
6  166  167  168  169  170  171    1 1 
8  172  173  174  175  176  177  178  179    1 1 
6  180  181  182  183  184  185    1 1 
4  186  187  188  189    1 1 
4  190  191  192  193    1 1 
4  194  195  196  197    1 1 
4  198  199  200  201    1 1 
4  202  203  204  205    1 1 
5  206  207  208  209  210    1 1 
7  211  212  213  214  215  216  217    1 1 
7  218  219  220  221  222  223  224    1 1 
5  225  226  227  228  229    1 1 
6  230  231  232  233  234  235    1 1 
6  236  237  238  239  240  241    1 1 
4  242  243  244  245    1 1 
5  246  247  248  249  250    1 1 
5  251  252  253  254  255    1 1 
6  256  257  258  259  260  261    1 1 
7  262  263  264  265  266  267  268    1 1 
7  269  270  271  272  273  274  275    1 1 
6  276  277  278  279  280  281    1 1 
5  282  283  284  285  286    1 1 
5  287  288  289  290  291    1 1 
4  292  293  294  295    1 1 
6  296  297  298  299  300  301    1 1 
6  302  303  304  305  306  307    1 1 
5  308  309  310  311  312    1 1 
7  313  314  315  316  317  318  319    1 1 
7  320  321  322  323  324  325  326    1 1 
5  327  328  329  330  331    1 1 
4  332  333  334  335    1 1 
4  336  337  338  339    1 1 
4  340  341  342  343    1 1 
4  344  345  346  347    1 1 
4  348  349  350  351    1 1 
6  352  353  354  355  356  357    1 1 
8  358  359  360  361  362  363  364  365    1 1 
6  366  367  368  369  370  371    1 1 
7  372  373  374  375  376  377  378    1 1 
6  379  380  381  382  383  384    1 1 
10  385  386  387  388  389  390  391  392  393  394    1 1 
9  395  396  397  398  399  400  401  402  403    1 1 
5  404  405  406  407  408    1 1 
5  409  410  411  412  413    1 1 
5  414  415  416  417  418    1 1 
5  419  420  421  422  423    1 1 
5  424  425  426  427  428    1 1 
4  429  430  431  432    1 1 
4  433  434  435  436    1 1 
4  437  438  439  440    1 1 
4  441  442  443  444    1 1 
4  445  446  447  448    1 1 
4  449  450  451  452    1 1 
4  453  454  455  456    1 1 
4  457  458  459  460    1 1 
4  461  462  463  464    1 1 
4  465  466  467  468    1 1 
4  469  470  471  472    1 1 
4  473  474  475  476    1 1 
4  477  478  479  480    1 1 
4  481  482  483  484    1 1 
4  485  486  487  488    1 1 
4  489  490  491  492    1 1 
4  493  494  495  496    1 1 
4  497  498  499  500    1 1 
4  501  502  503  504    1 1 
4  505  506  507  508    1 1 
4  509  510  511  512    1 1 
4  513  514  515  516    1 1 
4  517  518  519  520    1 1 
4  521  522  523  524    1 1 
4  525  526  527  528    1 1 
4  529  530  531  532    1 1 
4  533  534  535  536    1 1 
# DG vertices (counter-clockwise) 
536
0  0  
0.05  0  
0.05  0.005  
0  0.005  
0  0.005  
0.05  0.005  
0.05  0.015  
0  0.015  
0  0.015  
0.05  0.015  
0.05  0.025  
0  0.025  
0  0.025  
0.05  0.025  
0.05  0.035  
0  0.035  
0  0.035  
0.05  0.035  
0.05  0.045  
0  0.045  
0  0.045  
0.05  0.045  
0.05  0.145  
0  0.145  
0  0.145  
0.05  0.145  
0.05  0.335  
0  0.335  
0  0.335  
0.05  0.335  
0.05  0.525  
0  0.525  
0  0.525  
0.05  0.525  
0.05  0.715  
0  0.715  
0  0.715  
0.05  0.715  
0.05  0.905  
0  0.905  
0  0.905  
0.05  0.905  
0.05  1  
0  1  
0.05  0  
0.15  0  
0.15  0.005  
0.05  0.005  
0.05  0.005  
0.15  0.005  
0.15  0.015  
0.05  0.015  
0.05  0.015  
0.15  0.015  
0.15  0.025  
0.05  0.025  
0.05  0.025  
0.15  0.025  
0.15  0.035  
0.05  0.035  
0.05  0.035  
0.15  0.035  
0.15  0.045  
0.05  0.045  
0.05  0.045  
0.15  0.045  
0.15  0.145  
0.05  0.145  
0.05  0.145  
0.15  0.145  
0.15  0.335  
0.05  0.335  
0.05  0.335  
0.15  0.335  
0.15  0.525  
0.05  0.525  
0.05  0.525  
0.15  0.525  
0.15  0.715  
0.05  0.715  
0.05  0.715  
0.15  0.715  
0.15  0.905  
0.05  0.905  
0.05  0.905  
0.15  0.905  
0.15  1  
0.05  1  
0.15  0  
0.275  0  
0.275  0.005  
0.15  0.005  
0.15  0.005  
0.275  0.005  
0.275667  0.015  
0.15  0.015  
0.15  0.015  
0.275667  0.015  
0.277  0.025  
0.15  0.025  
0.15  0.025  
0.277  0.025  
0.279  0.035  
0.15  0.035  
0.15  0.035  
0.279  0.035  
0.281667  0.045  
0.15  0.045  
0.15  0.045  
0.281667  0.045  
0.298333  0.095  
0.251667  0.145  
0.15  0.145  
0.15  0.145  
0.251667  0.145  
0.298333  0.285  
0.251667  0.335  
0.15  0.335  
0.15  0.335  
0.251667  0.335  
0.298333  0.475  
0.251667  0.525  
0.15  0.525  
0.15  0.525  
0.251667  0.525  
0.298333  0.665  
0.251667  0.715  
0.15  0.715  
0.15  0.715  
0.251667  0.715  
0.298333  0.855  
0.251667  0.905  
0.15  0.905  
0.15  0.905  
0.251667  0.905  
0.268333  0.955  
0.271  0.965  
0.273  0.975  
0.274333  0.985  
0.275  0.995  
0.275  1  
0.15  1  
0.279  0.035  
0.277  0.025  
0.275667  0.015  
0.275  0.005  
0.275  0  
0.4  0  
0.4  0.065  
0.361  0.095  
0.298333  0.095  
0.281667  0.045  
0.251667  0.145  
0.298333  0.095  
0.361  0.095  
0.421  0.195  
0.358  0.285  
0.298333  0.285  
0.251667  0.335  
0.298333  0.285  
0.358  0.285  
0.406  0.325  
0.393  0.455  
0.365  0.475  
0.298333  0.475  
0.251667  0.525  
0.298333  0.475  
0.365  0.475  
0.42  0.585  
0.356  0.665  
0.298333  0.665  
0.251667  0.715  
0.298333  0.665  
0.356  0.665  
0.378  0.685  
0.406  0.755  
0.385  0.825  
0.355  0.855  
0.298333  0.855  
0.298333  0.855  
0.355  0.855  
0.391  0.895  
0.403  0.955  
0.268333  0.955  
0.251667  0.905  
0.268333  0.955  
0.403  0.955  
0.406  0.965  
0.271  0.965  
0.271  0.965  
0.406  0.965  
0.403  0.975  
0.273  0.975  
0.273  0.975  
0.403  0.975  
0.401  0.985  
0.274333  0.985  
0.274333  0.985  
0.401  0.985  
0.4  0.995  
0.275  0.995  
0.275  0.995  
0.4  0.995  
0.4  1  
0.275  1  
0.4  0  
0.5  0  
0.5  0.035  
0.479  0.065  
0.4  0.065  
0.361  0.095  
0.4  0.065  
0.479  0.065  
0.503  0.105  
0.496  0.175  
0.48  0.195  
0.421  0.195  
0.421  0.195  
0.48  0.195  
0.505  0.245  
0.491  0.315  
0.482  0.325  
0.406  0.325  
0.358  0.285  
0.406  0.325  
0.482  0.325  
0.518  0.415  
0.482  0.455  
0.393  0.455  
0.365  0.475  
0.393  0.455  
0.482  0.455  
0.518  0.545  
0.482  0.585  
0.42  0.585  
0.42  0.585  
0.482  0.585  
0.518  0.675  
0.509  0.685  
0.378  0.685  
0.356  0.665  
0.378  0.685  
0.509  0.685  
0.495  0.755  
0.406  0.755  
0.406  0.755  
0.495  0.755  
0.52  0.805  
0.504  0.825  
0.385  0.825  
0.355  0.855  
0.385  0.825  
0.504  0.825  
0.497  0.895  
0.391  0.895  
0.391  0.895  
0.497  0.895  
0.521  0.935  
0.5  0.965  
0.406  0.965  
0.403  0.955  
0.403  0.975  
0.406  0.965  
0.5  0.965  
0.5  1  
0.4  1  
0.4  0.995  
0.401  0.985  
0.5  0  
0.6  0  
0.6  0.005  
0.599  0.015  
0.597  0.025  
0.594  0.035  
0.5  0.035  
0.5  0.035  
0.594  0.035  
0.597  0.045  
0.609  0.105  
0.503  0.105  
0.479  0.065  
0.503  0.105  
0.609  0.105  
0.645  0.145  
0.615  0.175  
0.496  0.175  
0.48  0.195  
0.496  0.175  
0.615  0.175  
0.594  0.245  
0.505  0.245  
0.505  0.245  
0.594  0.245  
0.622  0.315  
0.491  0.315  
0.482  0.325  
0.491  0.315  
0.622  0.315  
0.644  0.335  
0.58  0.415  
0.518  0.415  
0.482  0.455  
0.518  0.415  
0.58  0.415  
0.635  0.525  
0.607  0.545  
0.518  0.545  
0.482  0.585  
0.518  0.545  
0.607  0.545  
0.594  0.675  
0.518  0.675  
0.509  0.685  
0.518  0.675  
0.594  0.675  
0.642  0.715  
0.579  0.805  
0.52  0.805  
0.495  0.755  
0.504  0.825  
0.52  0.805  
0.579  0.805  
0.639  0.905  
0.6  0.935  
0.521  0.935  
0.497  0.895  
0.5  0.965  
0.521  0.935  
0.6  0.935  
0.6  1  
0.5  1  
0.6  0  
0.725  0  
0.725  0.005  
0.6  0.005  
0.6  0.005  
0.725  0.005  
0.725667  0.015  
0.599  0.015  
0.599  0.015  
0.725667  0.015  
0.727  0.025  
0.597  0.025  
0.597  0.025  
0.727  0.025  
0.729  0.035  
0.594  0.035  
0.594  0.035  
0.729  0.035  
0.731667  0.045  
0.597  0.045  
0.597  0.045  
0.731667  0.045  
0.748333  0.095  
0.701667  0.145  
0.645  0.145  
0.609  0.105  
0.594  0.245  
0.615  0.175  
0.645  0.145  
0.701667  0.145  
0.748333  0.285  
0.701667  0.335  
0.644  0.335  
0.622  0.315  
0.58  0.415  
0.644  0.335  
0.701667  0.335  
0.748333  0.475  
0.701667  0.525  
0.635  0.525  
0.607  0.545  
0.635  0.525  
0.701667  0.525  
0.748333  0.665  
0.701667  0.715  
0.642  0.715  
0.594  0.675  
0.579  0.805  
0.642  0.715  
0.701667  0.715  
0.748333  0.855  
0.701667  0.905  
0.639  0.905  
0.6  0.935  
0.639  0.905  
0.701667  0.905  
0.718333  0.955  
0.721  0.965  
0.723  0.975  
0.724333  0.985  
0.725  0.995  
0.725  1  
0.6  1  
0.729  0.035  
0.727  0.025  
0.725667  0.015  
0.725  0.005  
0.725  0  
0.85  0  
0.85  0.095  
0.748333  0.095  
0.731667  0.045  
0.701667  0.145  
0.748333  0.095  
0.85  0.095  
0.85  0.285  
0.748333  0.285  
0.701667  0.335  
0.748333  0.285  
0.85  0.285  
0.85  0.475  
0.748333  0.475  
0.701667  0.525  
0.748333  0.475  
0.85  0.475  
0.85  0.665  
0.748333  0.665  
0.701667  0.715  
0.748333  0.665  
0.85  0.665  
0.85  0.855  
0.748333  0.855  
0.701667  0.905  
0.748333  0.855  
0.85  0.855  
0.85  0.955  
0.718333  0.955  
0.718333  0.955  
0.85  0.955  
0.85  0.965  
0.721  0.965  
0.721  0.965  
0.85  0.965  
0.85  0.975  
0.723  0.975  
0.723  0.975  
0.85  0.975  
0.85  0.985  
0.724333  0.985  
0.724333  0.985  
0.85  0.985  
0.85  0.995  
0.725  0.995  
0.725  0.995  
0.85  0.995  
0.85  1  
0.725  1  
0.85  0  
0.95  0  
0.95  0.095  
0.85  0.095  
0.85  0.095  
0.95  0.095  
0.95  0.285  
0.85  0.285  
0.85  0.285  
0.95  0.285  
0.95  0.475  
0.85  0.475  
0.85  0.475  
0.95  0.475  
0.95  0.665  
0.85  0.665  
0.85  0.665  
0.95  0.665  
0.95  0.855  
0.85  0.855  
0.85  0.855  
0.95  0.855  
0.95  0.955  
0.85  0.955  
0.85  0.955  
0.95  0.955  
0.95  0.965  
0.85  0.965  
0.85  0.965  
0.95  0.965  
0.95  0.975  
0.85  0.975  
0.85  0.975  
0.95  0.975  
0.95  0.985  
0.85  0.985  
0.85  0.985  
0.95  0.985  
0.95  0.995  
0.85  0.995  
0.85  0.995  
0.95  0.995  
0.95  1  
0.85  1  
0.95  0  
1  0  
1  0.095  
0.95  0.095  
0.95  0.095  
1  0.095  
1  0.285  
0.95  0.285  
0.95  0.285  
1  0.285  
1  0.475  
0.95  0.475  
0.95  0.475  
1  0.475  
1  0.665  
0.95  0.665  
0.95  0.665  
1  0.665  
1  0.855  
0.95  0.855  
0.95  0.855  
1  0.855  
1  0.955  
0.95  0.955  
0.95  0.955  
1  0.955  
1  0.965  
0.95  0.965  
0.95  0.965  
1  0.965  
1  0.975  
0.95  0.975  
0.95  0.975  
1  0.975  
1  0.985  
0.95  0.985  
0.95  0.985  
1  0.985  
1  0.995  
0.95  0.995  
0.95  0.995  
1  0.995  
1  1  
0.95  1  
# grid vertices 
215
0.15 0.525 
0.15 0.025 
0.251667 0.905 
0.503 0.105 
0.15 0.145 
0.491 0.315 
0.281667 0.045 
0.15 0.015 
0.298333 0.095 
0.279 0.035 
0.251667 0.145 
0.15 0.045 
0.05 0.025 
0.15 0.035 
0.05 0.335 
0.355 0.855 
0.251667 0.715 
0.5 0.965 
0.271 0.965 
0.497 0.895 
0.273 0.975 
0.403 0.955 
0.406 0.965 
0.85 0.955 
0.701667 0.525 
0.615 0.175 
0.701667 0.905 
0.95 0.475 
0.607 0.545 
0.421 0.195 
0.639 0.905 
0.298333 0.665 
0.505 0.245 
0.85 0.285 
0.85 0.475 
0.05 0.005 
0.277 0.025 
0.05 0.015 
0.15 0.005 
0.609 0.105 
0.361 0.095 
0.479 0.065 
0.4 0.065 
0.275667 0.015 
0.275 0.005 
0.5 0.035 
0.48 0.195 
0.6 0.005 
0.496 0.175 
0.482 0.325 
0.358 0.285 
0.298333 0.285 
0.251667 0.335 
0.365 0.475 
0.406 0.325 
0.05 0.145 
0.05 0.045 
0.05 0.035 
0.15 0.335 
0.42 0.585 
0.05 0.715 
0.298333 0.475 
0.05 0.525 
0.15 0.715 
0.05 0.905 
0.15 0.905 
0.268333 0.955 
0.298333 0.855 
0.274333 0.985 
0.403 0.975 
0.275 0.995 
0.4 0.995 
0.401 0.985 
0.495 0.755 
0.385 0.825 
0.391 0.895 
0.642 0.715 
0.378 0.685 
0.356 0.665 
0.579 0.805 
0.518 0.675 
0.406 0.755 
0.251667 0.525 
0.393 0.455 
0.482 0.455 
0.482 0.585 
0.635 0.525 
0.518 0.545 
0.521 0.935 
0.504 0.825 
0.748333 0.855 
0.52 0.805 
0.718333 0.955 
0.85 0.855 
0.721 0.965 
0.724333 0.985 
0.85 0.975 
0.6 0.935 
0.725 0.995 
0.85 0.985 
0.723 0.975 
0.85 0.995 
0.95 0.955 
0.85 0.965 
0.95 0.985 
0.95 0.995 
0.95 0.975 
0.95 0.965 
0.95 0.855 
0.85 0.665 
0.95 0.665 
0.748333 0.665 
0.701667 0.715 
0.644 0.335 
0.748333 0.475 
0.509 0.685 
0.594 0.675 
0.594 0.245 
0.518 0.415 
0.622 0.315 
0.58 0.415 
0.701667 0.145 
0.701667 0.335 
0.599 0.015 
0.645 0.145 
0.594 0.035 
0.597 0.045 
0.725 0.005 
0.597 0.025 
0.725667 0.015 
0.727 0.025 
0.729 0.035 
0.731667 0.045 
0.748333 0.095 
0.748333 0.285 
0.95 0.285 
0.85 0.095 
0.95 0.095 
0.05 -2.07819 
-2.03319 0.005 
-2.02582 0.015 
-2.01853 0.025 
-2.0113 0.035 
-2.00415 0.045 
-1.93738 0.145 
-1.84351 0.335 
-1.81491 0.525 
-1.86294 0.715 
-1.96963 0.905 
0.15 -2.01545 
0.05 2.92463 
0.275 -1.95295 
0.15 2.85449 
0.4 -1.79556 
0.275 2.95295 
0.5 -1.84421 
0.4 2.91421 
0.6 -1.91421 
0.5 2.84421 
0.725 -1.95295 
0.6 2.79556 
0.85 -1.85449 
0.725 2.95295 
0.95 -1.92463 
0.85 3.01545 
2.96963 0.095 
2.86294 0.285 
2.81491 0.475 
2.84351 0.665 
2.93738 0.855 
3.00415 0.955 
3.0113 0.965 
3.01853 0.975 
3.02582 0.985 
3.03319 0.995 
0.95 3.07819 
0.05 0 
0 0 
0 0.005 
0 0.015 
0 0.025 
0 0.035 
0 0.045 
0 0.145 
0 0.335 
0 0.525 
0 0.715 
0 0.905 
0 1 
0.05 1 
0.15 0 
0.15 1 
0.275 0 
0.275 1 
0.4 0 
0.4 1 
0.5 0 
0.5 1 
0.6 0 
0.6 1 
0.725 0 
0.725 1 
0.85 0 
0.85 1 
0.95 0 
1 0.995 
1 1 
1 0 
1 0.095 
1 0.285 
1 0.475 
1 0.665 
1 0.855 
1 0.955 
1 0.965 
1 0.975 
1 0.985 
0.95 1 
