# Date: 8/4/2013   Time: 14:59
# dimensions 
1 1 
# connectivity 
18
4  1  2  3  4    1 1 
4  5  6  7  8    1 1 
4  9  10  11  12    1 1 
4  13  14  15  16    1 1 
5  17  18  19  20  21    1 1 
5  22  23  24  25  26    1 1 
5  27  28  29  30  31    1 1 
5  32  33  34  35  36    1 1 
4  37  38  39  40    1 1 
4  41  42  43  44    1 1 
5  45  46  47  48  49    1 1 
5  50  51  52  53  54    1 1 
5  55  56  57  58  59    1 1 
5  60  61  62  63  64    1 1 
4  65  66  67  68    1 1 
4  69  70  71  72    1 1 
4  73  74  75  76    1 1 
4  77  78  79  80    1 1 
# DG vertices (counter-clockwise) 
80
0  0  
0.1  0  
0.1  0.025  
0  0.025  
0  0.025  
0.1  0.025  
0.1  0.525  
0  0.525  
0  0.525  
0.1  0.525  
0.1  1  
0  1  
0.1  0  
0.275  0  
0.275  0.025  
0.1  0.025  
0.1  0.025  
0.275  0.025  
0.425  0.475  
0.125  0.525  
0.1  0.525  
0.1  0.525  
0.125  0.525  
0.275  0.975  
0.275  1  
0.1  1  
0.275  0.025  
0.275  0  
0.5  0  
0.5  0.025  
0.425  0.475  
0.125  0.525  
0.425  0.475  
0.575  0.525  
0.5  0.975  
0.275  0.975  
0.275  0.975  
0.5  0.975  
0.5  1  
0.275  1  
0.5  0  
0.725  0  
0.725  0.025  
0.5  0.025  
0.5  0.025  
0.725  0.025  
0.875  0.475  
0.575  0.525  
0.425  0.475  
0.575  0.525  
0.725  0.975  
0.725  1  
0.5  1  
0.5  0.975  
0.725  0.025  
0.725  0  
0.9  0  
0.9  0.475  
0.875  0.475  
0.575  0.525  
0.875  0.475  
0.9  0.475  
0.9  0.975  
0.725  0.975  
0.725  0.975  
0.9  0.975  
0.9  1  
0.725  1  
0.9  0  
1  0  
1  0.475  
0.9  0.475  
0.9  0.475  
1  0.475  
1  0.975  
0.9  0.975  
0.9  0.975  
1  0.975  
1  1  
0.9  1  
# grid vertices 
44
0.575 0.525 
0.725 0.025 
0.9 0.975 
0.1 0.525 
0.1 0.025 
0.275 0.025 
0.125 0.525 
0.425 0.475 
0.275 0.975 
0.875 0.475 
0.5 0.975 
0.725 0.975 
0.5 0.025 
0.9 0.475 
0.1 -2.0102 
-1.9352 0.025 
-1.71499 0.525 
0.275 -1.91481 
0.1 2.33999 
0.5 -1.86421 
0.275 2.91481 
0.725 -1.91481 
0.5 2.86421 
0.9 -1.33999 
0.725 2.91481 
2.71499 0.475 
2.9352 0.975 
0.9 3.0102 
0.1 0 
0 0 
0 0.025 
0 0.525 
0 1 
0.1 1 
0.275 0 
0.275 1 
0.5 0 
0.5 1 
0.725 0 
0.725 1 
0.9 0 
0.9 1 
1 0 
1 0.475 
1 0.975 
1 1 
