# Date: 8/4/2013   Time: 10:34
# dimensions 
1 1 
# connectivity 
90
4 1 2 3 4 1 1 
4 5 6 7 8 1 1 
4 9 10 11 12 1 1 
4 13 14 15 16 1 1 
4 17 18 19 20 1 1 
4 21 22 23 24 1 1 
4 25 26 27 28 1 1 
4 29 30 31 32 1 1 
4 33 34 35 36 1 1 
4 37 38 39 40 1 1 
4 41 42 43 44 1 1 
4 45 46 47 48 1 1 
4 49 50 51 52 1 1 
4 53 54 55 56 1 1 
4 57 58 59 60 1 1 
4 61 62 63 64 1 1 
4 65 66 67 68 1 1 
4 69 70 71 72 1 1 
4 73 74 75 76 1 1 
4 77 78 79 80 1 1 
4 81 82 83 84 1 1 
4 85 86 87 88 1 1 
4 89 90 91 92 1 1 
4 93 94 95 96 1 1 
4 97 98 99 100 1 1 
4 101 102 103 104 1 1 
4 105 106 107 108 1 1 
4 109 110 111 112 1 1 
4 113 114 115 116 1 1 
4 117 118 119 120 1 1 
4 121 122 123 124 1 1 
4 125 126 127 128 1 1 
4 129 130 131 132 1 1 
4 133 134 135 136 1 1 
4 137 138 139 140 1 1 
4 141 142 143 144 1 1 
4 145 146 147 148 1 1 
4 149 150 151 152 1 1 
4 153 154 155 156 1 1 
4 157 158 159 160 1 1 
4 161 162 163 164 1 1 
4 165 166 167 168 1 1 
4 169 170 171 172 1 1 
4 173 174 175 176 1 1 
4 177 178 179 180 1 1 
4 181 182 183 184 1 1 
4 185 186 187 188 1 1 
4 189 190 191 192 1 1 
4 193 194 195 196 1 1 
4 197 198 199 200 1 1 
4 201 202 203 204 1 1 
4 205 206 207 208 1 1 
4 209 210 211 212 1 1 
4 213 214 215 216 1 1 
4 217 218 219 220 1 1 
4 221 222 223 224 1 1 
4 225 226 227 228 1 1 
4 229 230 231 232 1 1 
4 233 234 235 236 1 1 
4 237 238 239 240 1 1 
4 241 242 243 244 1 1 
4 245 246 247 248 1 1 
4 249 250 251 252 1 1 
4 253 254 255 256 1 1 
4 257 258 259 260 1 1 
4 261 262 263 264 1 1 
4 265 266 267 268 1 1 
4 269 270 271 272 1 1 
4 273 274 275 276 1 1 
4 277 278 279 280 1 1 
4 281 282 283 284 1 1 
4 285 286 287 288 1 1 
4 289 290 291 292 1 1 
4 293 294 295 296 1 1 
4 297 298 299 300 1 1 
4 301 302 303 304 1 1 
4 305 306 307 308 1 1 
4 309 310 311 312 1 1 
4 313 314 315 316 1 1 
4 317 318 319 320 1 1 
4 321 322 323 324 1 1 
4 325 326 327 328 1 1 
4 329 330 331 332 1 1 
4 333 334 335 336 1 1 
4 337 338 339 340 1 1 
4 341 342 343 344 1 1 
4 345 346 347 348 1 1 
4 349 350 351 352 1 1 
4 353 354 355 356 1 1 
4 357 358 359 360 1 1 
# DG vertices (counter-clockwise) 
360
 0 0 
 0.1 0 
 0.1 0.01 
 0 0.01 
 0 0.01 
 0.1 0.01 
 0.1 0.02 
 0 0.02 
 0 0.02 
 0.1 0.02 
 0.1 0.03 
 0 0.03 
 0 0.03 
 0.1 0.03 
 0.1 0.04 
 0 0.04 
 0 0.04 
 0.1 0.04 
 0.1 0.05 
 0 0.05 
 0 0.05 
 0.1 0.05 
 0.1 0.24 
 0 0.24 
 0 0.24 
 0.1 0.24 
 0.1 0.43 
 0 0.43 
 0 0.43 
 0.1 0.43 
 0.1 0.62 
 0 0.62 
 0 0.62 
 0.1 0.62 
 0.1 0.81 
 0 0.81 
 0 0.81 
 0.1 0.81 
 0.1 1 
 0 1 
 0.1 0 
 0.2 0 
 0.2 0.01 
 0.1 0.01 
 0.1 0.01 
 0.2 0.01 
 0.2 0.02 
 0.1 0.02 
 0.1 0.02 
 0.2 0.02 
 0.2 0.03 
 0.1 0.03 
 0.1 0.03 
 0.2 0.03 
 0.2 0.04 
 0.1 0.04 
 0.1 0.04 
 0.2 0.04 
 0.2 0.05 
 0.1 0.05 
 0.1 0.05 
 0.2 0.05 
 0.2 0.24 
 0.1 0.24 
 0.1 0.24 
 0.2 0.24 
 0.2 0.43 
 0.1 0.43 
 0.1 0.43 
 0.2 0.43 
 0.2 0.62 
 0.1 0.62 
 0.1 0.62 
 0.2 0.62 
 0.2 0.81 
 0.1 0.81 
 0.1 0.81 
 0.2 0.81 
 0.2 1 
 0.1 1 
 0.2 0 
 0.35 0 
 0.35 0.19 
 0.2 0.01 
 0.2 0.01 
 0.35 0.19 
 0.35 0.38 
 0.2 0.02 
 0.2 0.02 
 0.35 0.38 
 0.35 0.57 
 0.2 0.03 
 0.2 0.03 
 0.35 0.57 
 0.35 0.76 
 0.2 0.04 
 0.2 0.04 
 0.35 0.76 
 0.35 0.95 
 0.2 0.05 
 0.2 0.05 
 0.35 0.95 
 0.35 0.96 
 0.2 0.24 
 0.2 0.24 
 0.35 0.96 
 0.35 0.97 
 0.2 0.43 
 0.2 0.43 
 0.35 0.97 
 0.35 0.98 
 0.2 0.62 
 0.2 0.62 
 0.35 0.98 
 0.35 0.99 
 0.2 0.81 
 0.2 0.81 
 0.35 0.99 
 0.35 1 
 0.2 1 
 0.35 0 
 0.45 0 
 0.45 0.13 
 0.35 0.19 
 0.35 0.19 
 0.45 0.13 
 0.45 0.26 
 0.35 0.38 
 0.35 0.38 
 0.45 0.26 
 0.45 0.39 
 0.35 0.57 
 0.35 0.57 
 0.45 0.39 
 0.45 0.52 
 0.35 0.76 
 0.35 0.76 
 0.45 0.52 
 0.45 0.65 
 0.35 0.95 
 0.35 0.95 
 0.45 0.65 
 0.45 0.72 
 0.35 0.96 
 0.35 0.96 
 0.45 0.72 
 0.45 0.79 
 0.35 0.97 
 0.35 0.97 
 0.45 0.79 
 0.45 0.86 
 0.35 0.98 
 0.35 0.98 
 0.45 0.86 
 0.45 0.93 
 0.35 0.99 
 0.35 0.99 
 0.45 0.93 
 0.45 1 
 0.35 1 
 0.45 0 
 0.55 0 
 0.55 0.07 
 0.45 0.13 
 0.45 0.13 
 0.55 0.07 
 0.55 0.14 
 0.45 0.26 
 0.45 0.26 
 0.55 0.14 
 0.55 0.21 
 0.45 0.39 
 0.45 0.39 
 0.55 0.21 
 0.55 0.28 
 0.45 0.52 
 0.45 0.52 
 0.55 0.28 
 0.55 0.35 
 0.45 0.65 
 0.45 0.65 
 0.55 0.35 
 0.55 0.48 
 0.45 0.72 
 0.45 0.72 
 0.55 0.48 
 0.55 0.61 
 0.45 0.79 
 0.45 0.79 
 0.55 0.61 
 0.55 0.74 
 0.45 0.86 
 0.45 0.86 
 0.55 0.74 
 0.55 0.87 
 0.45 0.93 
 0.45 0.93 
 0.55 0.87 
 0.55 1 
 0.45 1 
 0.55 0 
 0.65 0 
 0.65 0.01 
 0.55 0.07 
 0.55 0.07 
 0.65 0.01 
 0.65 0.02 
 0.55 0.14 
 0.55 0.14 
 0.65 0.02 
 0.65 0.03 
 0.55 0.21 
 0.55 0.21 
 0.65 0.03 
 0.65 0.04 
 0.55 0.28 
 0.55 0.28 
 0.65 0.04 
 0.65 0.05 
 0.55 0.35 
 0.55 0.35 
 0.65 0.05 
 0.65 0.24 
 0.55 0.48 
 0.55 0.48 
 0.65 0.24 
 0.65 0.43 
 0.55 0.61 
 0.55 0.61 
 0.65 0.43 
 0.65 0.62 
 0.55 0.74 
 0.55 0.74 
 0.65 0.62 
 0.65 0.81 
 0.55 0.87 
 0.55 0.87 
 0.65 0.81 
 0.65 1 
 0.55 1 
 0.65 0 
 0.8 0 
 0.8 0.19 
 0.65 0.01 
 0.65 0.01 
 0.8 0.19 
 0.8 0.38 
 0.65 0.02 
 0.65 0.02 
 0.8 0.38 
 0.8 0.57 
 0.65 0.03 
 0.65 0.03 
 0.8 0.57 
 0.8 0.76 
 0.65 0.04 
 0.65 0.04 
 0.8 0.76 
 0.8 0.95 
 0.65 0.05 
 0.65 0.05 
 0.8 0.95 
 0.8 0.96 
 0.65 0.24 
 0.65 0.24 
 0.8 0.96 
 0.8 0.97 
 0.65 0.43 
 0.65 0.43 
 0.8 0.97 
 0.8 0.98 
 0.65 0.62 
 0.65 0.62 
 0.8 0.98 
 0.8 0.99 
 0.65 0.81 
 0.65 0.81 
 0.8 0.99 
 0.8 1 
 0.65 1 
 0.8 0 
 0.9 0 
 0.9 0.19 
 0.8 0.19 
 0.8 0.19 
 0.9 0.19 
 0.9 0.38 
 0.8 0.38 
 0.8 0.38 
 0.9 0.38 
 0.9 0.57 
 0.8 0.57 
 0.8 0.57 
 0.9 0.57 
 0.9 0.76 
 0.8 0.76 
 0.8 0.76 
 0.9 0.76 
 0.9 0.95 
 0.8 0.95 
 0.8 0.95 
 0.9 0.95 
 0.9 0.96 
 0.8 0.96 
 0.8 0.96 
 0.9 0.96 
 0.9 0.97 
 0.8 0.97 
 0.8 0.97 
 0.9 0.97 
 0.9 0.98 
 0.8 0.98 
 0.8 0.98 
 0.9 0.98 
 0.9 0.99 
 0.8 0.99 
 0.8 0.99 
 0.9 0.99 
 0.9 1 
 0.8 1 
 0.9 0 
 1 0 
 1 0.19 
 0.9 0.19 
 0.9 0.19 
 1 0.19 
 1 0.38 
 0.9 0.38 
 0.9 0.38 
 1 0.38 
 1 0.57 
 0.9 0.57 
 0.9 0.57 
 1 0.57 
 1 0.76 
 0.9 0.76 
 0.9 0.76 
 1 0.76 
 1 0.95 
 0.9 0.95 
 0.9 0.95 
 1 0.95 
 1 0.96 
 0.9 0.96 
 0.9 0.96 
 1 0.96 
 1 0.97 
 0.9 0.97 
 0.9 0.97 
 1 0.97 
 1 0.98 
 0.9 0.98 
 0.9 0.98 
 1 0.98 
 1 0.99 
 0.9 0.99 
 0.9 0.99 
 1 0.99 
 1 1 
 0.9 1 
# grid vertices (counter-clockwise) 
110
0 0 
0 0.01 
0 0.02 
0 0.03 
0 0.04 
0 0.05 
0 0.24 
0 0.43 
0 0.62 
0 0.81 
0 1 
0.1 0 
0.1 0.01 
0.1 0.02 
0.1 0.03 
0.1 0.04 
0.1 0.05 
0.1 0.24 
0.1 0.43 
0.1 0.62 
0.1 0.81 
0.1 1 
0.2 0 
0.2 0.01 
0.2 0.02 
0.2 0.03 
0.2 0.04 
0.2 0.05 
0.2 0.24 
0.2 0.43 
0.2 0.62 
0.2 0.81 
0.2 1 
0.35 0 
0.35 0.19 
0.35 0.38 
0.35 0.57 
0.35 0.76 
0.35 0.95 
0.35 0.96 
0.35 0.97 
0.35 0.98 
0.35 0.99 
0.35 1 
0.45 0 
0.45 0.13 
0.45 0.26 
0.45 0.39 
0.45 0.52 
0.45 0.65 
0.45 0.72 
0.45 0.79 
0.45 0.86 
0.45 0.93 
0.45 1 
0.55 0 
0.55 0.07 
0.55 0.14 
0.55 0.21 
0.55 0.28 
0.55 0.35 
0.55 0.48 
0.55 0.61 
0.55 0.74 
0.55 0.87 
0.55 1 
0.65 0 
0.65 0.01 
0.65 0.02 
0.65 0.03 
0.65 0.04 
0.65 0.05 
0.65 0.24 
0.65 0.43 
0.65 0.62 
0.65 0.81 
0.65 1 
0.8 0 
0.8 0.19 
0.8 0.38 
0.8 0.57 
0.8 0.76 
0.8 0.95 
0.8 0.96 
0.8 0.97 
0.8 0.98 
0.8 0.99 
0.8 1 
0.9 0 
0.9 0.19 
0.9 0.38 
0.9 0.57 
0.9 0.76 
0.9 0.95 
0.9 0.96 
0.9 0.97 
0.9 0.98 
0.9 0.99 
0.9 1 
1 0 
1 0.19 
1 0.38 
1 0.57 
1 0.76 
1 0.95 
1 0.96 
1 0.97 
1 0.98 
1 0.99 
1 1 
