polygon
443
4  0  0.00268873  0.109762  0  0.0386351  0.0139901  0.00328352  0.00716652    0 0 
3  0.109762  0  0.139261  0  0.138659  0.00779396    0 0 
4  0  0  0  0  0  0.00268873  0  0.0103355    0 0 
5  0.231915  0  0.290711  0  0.296042  0.0308727  0.272151  0.0396639  0.254721  0.0321941    0 0 
5  0.138659  0.00779396  0.139261  0  0.179005  0  0.158706  0.0295872  0.140693  0.0111375    0 0 
7  0.0386351  0.0139901  0.0497815  0  0.109762  0  0.138659  0.00779396  0.140693  0.0111375  0.0621952  0.0564925  0.0431012  0.0432494    0 0 
6  0  0.0103355  0.00328352  0.00716652  0.0386351  0.0139901  0.0431012  0.0432494  0.0150635  0.0703094  0  0.0666775    0 0 
5  0.507962  0  0.589109  0  0.586329  0.00713752  0.584397  0.0101098  0.582729  0.0105266    0 0 
8  0.507962  0  0.507962  0  0.582729  0.0105266  0.564534  0.0410467  0.531039  0.0654501  0.50247  0.0704488  0.491425  0.0676254  0.47788  0.0546314    0 0 
5  0.422179  0.00515675  0.425019  0  0.507962  0  0.47788  0.0546314  0.432755  0.0374096    0 0 
3  0.412288  0  0.425019  0  0.422179  0.00515675    0 0 
4  0.290711  0  0.34937  0  0.320472  0.0440464  0.296042  0.0308727    0 0 
5  0.210063  0.0562605  0.254721  0.0321941  0.272151  0.0396639  0.255466  0.0849861  0.221831  0.0705709    0 0 
5  0.231915  0  0.235954  0  0.254721  0.0321941  0.210063  0.0562605  0.167879  0.0345097    0 0 
5  0.179005  0  0.231915  0  0.167879  0.0345097  0.16145  0.0340601  0.158706  0.0295872    0 0 
8  0.140693  0.0111375  0.158706  0.0295872  0.16145  0.0340601  0.157855  0.0441718  0.144322  0.0568638  0.0943741  0.0877782  0.0776217  0.0816322  0.0621952  0.0564925    0 0 
6  0.0150635  0.0703094  0.0431012  0.0432494  0.0621952  0.0564925  0.0776217  0.0816322  0.0444502  0.113647  0.0175004  0.0974924    0 0 
4  0  0.0666775  0.0150635  0.0703094  0.0175004  0.0974924  0  0.111441    0 0 
5  0.726221  0  0.776748  0  0.775153  0.0096505  0.753341  0.0311578  0.729805  0.02983    0 0 
5  0.680203  0.0152195  0.667282  0  0.726221  0  0.729805  0.02983  0.70998  0.0453418    0 0 
8  0.648931  0.0487085  0.680203  0.0152195  0.70998  0.0453418  0.708  0.0520982  0.701649  0.0600084  0.700563  0.060667  0.672229  0.0606083  0.652561  0.0537015    0 0 
7  0.634006  0.017091  0.667282  0  0.667282  0  0.680203  0.0152195  0.648931  0.0487085  0.629067  0.0366976  0.622723  0.0257804    0 0 
3  0.598725  0  0.667282  0  0.634006  0.017091    0 0 
6  0.586329  0.00713752  0.598725  0  0.598725  0  0.634006  0.017091  0.622723  0.0257804  0.584397  0.0101098    0 0 
3  0.589109  0  0.598725  0  0.586329  0.00713752    0 0 
7  0.472381  0.114619  0.491425  0.0676254  0.50247  0.0704488  0.529129  0.135236  0.504726  0.202313  0.503261  0.203746  0.502532  0.203299    0 0 
3  0.472381  0.114619  0.502532  0.203299  0.386019  0.172864    0 0 
8  0.355224  0.109182  0.432755  0.0374096  0.47788  0.0546314  0.491425  0.0676254  0.472381  0.114619  0.386019  0.172864  0.37154  0.173327  0.34441  0.147953    0 0 
6  0.34937  0  0.412288  0  0.422179  0.00515675  0.432755  0.0374096  0.355224  0.109182  0.320472  0.0440464    0 0 
8  0.255466  0.0849861  0.272151  0.0396639  0.296042  0.0308727  0.320472  0.0440464  0.355224  0.109182  0.34441  0.147953  0.320192  0.151957  0.288581  0.146842    0 0 
7  0.221831  0.0705709  0.255466  0.0849861  0.288581  0.146842  0.271875  0.151557  0.227827  0.153908  0.197798  0.141038  0.195766  0.139254    0 0 
7  0.157855  0.0441718  0.16145  0.0340601  0.167879  0.0345097  0.210063  0.0562605  0.221831  0.0705709  0.195766  0.139254  0.182783  0.132982    0 0 
5  0.144322  0.0568638  0.157855  0.0441718  0.182783  0.132982  0.15501  0.138897  0.131712  0.126886    0 0 
6  0.0943741  0.0877782  0.144322  0.0568638  0.131712  0.126886  0.122141  0.126004  0.104646  0.113183  0.0983419  0.103221    0 0 
5  0.0776217  0.0816322  0.0943741  0.0877782  0.0983419  0.103221  0.0513436  0.148581  0.0444502  0.113647    0 0 
6  0  0.111441  0.0175004  0.0974924  0.0444502  0.113647  0.0513436  0.148581  0.0509194  0.164514  0  0.156618    0 0 
5  0.969843  0.0207171  0.963645  0.00506746  0.964096  0.0042744  0.987008  0  1  0.0768838    0 0 
3  0.964827  0  0.987008  0  0.964096  0.0042744    0 0 
4  0.775153  0.0096505  0.776748  0  0.81586  0  0.805198  0.0316098    0 0 
8  0.70998  0.0453418  0.729805  0.02983  0.753341  0.0311578  0.769486  0.0549234  0.769873  0.0578017  0.764956  0.0719844  0.737981  0.0731627  0.708  0.0520982    0 0 
5  0.700563  0.060667  0.701649  0.0600084  0.724705  0.104385  0.694568  0.110673  0.683183  0.103495    0 0 
6  0.672229  0.0606083  0.700563  0.060667  0.683183  0.103495  0.671175  0.107795  0.666273  0.107491  0.656949  0.0982611    0 0 
4  0.652561  0.0537015  0.672229  0.0606083  0.656949  0.0982611  0.638028  0.0895142    0 0 
6  0.629067  0.0366976  0.648931  0.0487085  0.652561  0.0537015  0.638028  0.0895142  0.613088  0.0942977  0.610067  0.083516    0 0 
6  0.582729  0.0105266  0.584397  0.0101098  0.622723  0.0257804  0.629067  0.0366976  0.610067  0.083516  0.564534  0.0410467    0 0 
6  0.531039  0.0654501  0.564534  0.0410467  0.610067  0.083516  0.613088  0.0942977  0.599691  0.119321  0.587326  0.117949    0 0 
5  0.50247  0.0704488  0.531039  0.0654501  0.587326  0.117949  0.561435  0.134611  0.529129  0.135236    0 0 
8  0.37154  0.173327  0.386019  0.172864  0.502532  0.203299  0.503261  0.203746  0.506015  0.218803  0.478206  0.235651  0.424936  0.260608  0.37521  0.214228    0 0 
7  0.37521  0.214228  0.424936  0.260608  0.432897  0.29826  0.427431  0.325942  0.424405  0.326055  0.349986  0.309754  0.342428  0.291622    0 0 
6  0.320192  0.151957  0.34441  0.147953  0.37154  0.173327  0.37521  0.214228  0.342428  0.291622  0.268395  0.274248    0 0 
6  0.271875  0.151557  0.288581  0.146842  0.320192  0.151957  0.268395  0.274248  0.267534  0.274549  0.229253  0.252186    0 0 
5  0.227827  0.153908  0.271875  0.151557  0.229253  0.252186  0.192745  0.246012  0.190139  0.242886    0 0 
5  0.197798  0.141038  0.227827  0.153908  0.190139  0.242886  0.172984  0.235534  0.156019  0.209766    0 0 
6  0.15501  0.138897  0.182783  0.132982  0.195766  0.139254  0.197798  0.141038  0.156019  0.209766  0.123873  0.190119    0 0 
5  0.122141  0.126004  0.131712  0.126886  0.15501  0.138897  0.123873  0.190119  0.0820254  0.191996    0 0 
5  0.104646  0.113183  0.122141  0.126004  0.0820254  0.191996  0.0723419  0.194632  0.0638958  0.18022    0 0 
5  0.0983419  0.103221  0.104646  0.113183  0.0638958  0.18022  0.0509194  0.164514  0.0513436  0.148581    0 0 
7  0  0.156618  0.0509194  0.164514  0.0638958  0.18022  0.0723419  0.194632  0.065022  0.216827  0.0298486  0.249423  0  0.233531    0 0 
4  0.991731  0.08492  1  0.0768838  1  0.156487  0.980949  0.16429    0 0 
6  0.923791  0.0729661  0.934281  0.070702  0.991731  0.08492  0.980949  0.16429  0.96941  0.179383  0.925765  0.126873    0 0 
5  0.969843  0.0207171  1  0.0445486  1  0.0768838  0.991731  0.08492  0.934281  0.070702    0 0 
8  0.923731  0.029086  0.950364  0.0050735  0.963645  0.00506746  0.969843  0.0207171  0.934281  0.070702  0.923791  0.0729661  0.914523  0.0669168  0.916014  0.0406484    0 0 
5  0.941155  0  0.964827  0  0.964096  0.0042744  0.963645  0.00506746  0.950364  0.0050735    0 0 
7  0.81586  0  0.841309  0  0.842779  0.00671889  0.840871  0.0210182  0.827642  0.0498037  0.806961  0.0350214  0.805198  0.0316098    0 0 
5  0.753341  0.0311578  0.775153  0.0096505  0.805198  0.0316098  0.806961  0.0350214  0.769486  0.0549234    0 0 
6  0.701649  0.0600084  0.708  0.0520982  0.737981  0.0731627  0.738414  0.10852  0.72988  0.107168  0.724705  0.104385    0 0 
6  0.671175  0.107795  0.683183  0.103495  0.694568  0.110673  0.704572  0.137845  0.704238  0.160726  0.682468  0.147003    0 0 
5  0.666273  0.107491  0.671175  0.107795  0.682468  0.147003  0.645028  0.145304  0.640967  0.140778    0 0 
8  0.613088  0.0942977  0.638028  0.0895142  0.656949  0.0982611  0.666273  0.107491  0.640967  0.140778  0.616254  0.135712  0.606954  0.131412  0.599691  0.119321    0 0 
6  0.561435  0.134611  0.587326  0.117949  0.599691  0.119321  0.606954  0.131412  0.586282  0.181322  0.564001  0.180051    0 0 
4  0.529129  0.135236  0.561435  0.134611  0.564001  0.180051  0.504726  0.202313    0 0 
5  0.478206  0.235651  0.506015  0.218803  0.508955  0.223867  0.512286  0.266573  0.450292  0.288538    0 0 
4  0.424936  0.260608  0.478206  0.235651  0.450292  0.288538  0.432897  0.29826    0 0 
5  0.340655  0.33212  0.349986  0.309754  0.424405  0.326055  0.375345  0.384337  0.363338  0.381806    0 0 
6  0.340655  0.33212  0.363338  0.381806  0.328639  0.419566  0.244513  0.400002  0.243901  0.399302  0.243822  0.398752    0 0 
7  0.267534  0.274549  0.268395  0.274248  0.342428  0.291622  0.349986  0.309754  0.340655  0.33212  0.243822  0.398752  0.231106  0.376848    0 0 
6  0.179292  0.299167  0.192745  0.246012  0.229253  0.252186  0.267534  0.274549  0.231106  0.376848  0.201679  0.359657    0 0 
6  0.103067  0.316354  0.117009  0.297151  0.179292  0.299167  0.201679  0.359657  0.170495  0.361158  0.14038  0.347952    0 0 
6  0.118066  0.262855  0.172984  0.235534  0.190139  0.242886  0.192745  0.246012  0.179292  0.299167  0.117009  0.297151    0 0 
7  0.0723419  0.194632  0.0820254  0.191996  0.123873  0.190119  0.156019  0.209766  0.172984  0.235534  0.118066  0.262855  0.065022  0.216827    0 0 
8  0.0355089  0.269254  0.029542  0.252813  0.0298486  0.249423  0.065022  0.216827  0.118066  0.262855  0.117009  0.297151  0.103067  0.316354  0.0952256  0.318863    0 0 
6  0.0355089  0.269254  0.0952256  0.318863  0.0835082  0.336606  0.0559427  0.347318  0.0286251  0.350399  0.017286  0.345828    0 0 
5  0  0.274331  0.029542  0.252813  0.0355089  0.269254  0.017286  0.345828  0  0.350389    0 0 
4  0  0.233531  0.0298486  0.249423  0.029542  0.252813  0  0.274331    0 0 
5  0.980949  0.16429  1  0.156487  1  0.192244  0.969116  0.181407  0.96941  0.179383    0 0 
6  0.880981  0.206247  0.921322  0.184125  0.967681  0.183563  0.966722  0.189959  0.899273  0.253465  0.873805  0.240683    0 0 
8  0.864851  0.158767  0.877423  0.130639  0.894346  0.127254  0.925765  0.126873  0.96941  0.179383  0.969116  0.181407  0.967681  0.183563  0.921322  0.184125    0 0 
6  0.885658  0.0736263  0.889552  0.0677143  0.914523  0.0669168  0.923791  0.0729661  0.925765  0.126873  0.894346  0.127254    0 0 
4  0.909914  0  0.941155  0  0.950364  0.0050735  0.923731  0.029086    0 0 
4  0.841309  0  0.880073  0  0.86809  0.0150726  0.842779  0.00671889    0 0 
7  0.806961  0.0350214  0.827642  0.0498037  0.828673  0.052902  0.827477  0.0561186  0.801736  0.0683955  0.769873  0.0578017  0.769486  0.0549234    0 0 
5  0.737981  0.0731627  0.764956  0.0719844  0.77612  0.115347  0.767299  0.125316  0.738414  0.10852    0 0 
4  0.694568  0.110673  0.724705  0.104385  0.72988  0.107168  0.704572  0.137845    0 0 
5  0.645028  0.145304  0.682468  0.147003  0.704238  0.160726  0.712065  0.174344  0.651236  0.177399    0 0 
6  0.616254  0.135712  0.640967  0.140778  0.645028  0.145304  0.651236  0.177399  0.639268  0.194624  0.62755  0.194115    0 0 
5  0.606954  0.131412  0.616254  0.135712  0.62755  0.194115  0.602879  0.200282  0.586282  0.181322    0 0 
8  0.503261  0.203746  0.504726  0.202313  0.564001  0.180051  0.586282  0.181322  0.602879  0.200282  0.593285  0.240996  0.508955  0.223867  0.506015  0.218803    0 0 
7  0.432897  0.29826  0.450292  0.288538  0.512286  0.266573  0.518935  0.284979  0.513778  0.294504  0.442115  0.339009  0.427431  0.325942    0 0 
6  0.424405  0.326055  0.427431  0.325942  0.442115  0.339009  0.460664  0.379457  0.414236  0.418945  0.375345  0.384337    0 0 
7  0.363338  0.381806  0.375345  0.384337  0.414236  0.418945  0.406389  0.443032  0.391578  0.453049  0.337845  0.429926  0.328639  0.419566    0 0 
5  0.244513  0.400002  0.328639  0.419566  0.337845  0.429926  0.323891  0.489893  0.256587  0.446369    0 0 
4  0.252048  0.486115  0.268492  0.514048  0.244619  0.552849  0.200068  0.524426    0 0 
7  0.17758  0.448183  0.243901  0.399302  0.244513  0.400002  0.256587  0.446369  0.252048  0.486115  0.200068  0.524426  0.198022  0.524601    0 0 
9  0.170495  0.361158  0.201679  0.359657  0.231106  0.376848  0.243822  0.398752  0.243901  0.399302  0.17758  0.448183  0.164108  0.450412  0.131424  0.436657  0.112767  0.410192    0 0 
5  0.14038  0.347952  0.170495  0.361158  0.112767  0.410192  0.0979266  0.404118  0.0979372  0.384003    0 0 
5  0.0835082  0.336606  0.0952256  0.318863  0.103067  0.316354  0.14038  0.347952  0.0979372  0.384003    0 0 
5  0.0559427  0.347318  0.0835082  0.336606  0.0979372  0.384003  0.0979266  0.404118  0.075416  0.411284    0 0 
4  0.0286251  0.350399  0.0559427  0.347318  0.075416  0.411284  0.0531461  0.423574    0 0 
6  0  0.350389  0.017286  0.345828  0.0286251  0.350399  0.0531461  0.423574  0.0413836  0.43874  0  0.424345    0 0 
6  0.966722  0.189959  0.967681  0.183563  0.969116  0.181407  1  0.192244  1  0.25428  0.979936  0.247268    0 0 
6  0.899273  0.253465  0.966722  0.189959  0.979936  0.247268  0.974876  0.262545  0.916334  0.297611  0.907033  0.290464    0 0 
6  0.870254  0.241083  0.873805  0.240683  0.899273  0.253465  0.907033  0.290464  0.865192  0.301636  0.848766  0.271285    0 0 
5  0.855195  0.163723  0.864851  0.158767  0.921322  0.184125  0.880981  0.206247  0.86288  0.193378    0 0 
5  0.86288  0.193378  0.880981  0.206247  0.873805  0.240683  0.870254  0.241083  0.835537  0.223465    0 0 
5  0.874024  0.0868624  0.885658  0.0736263  0.894346  0.127254  0.877423  0.130639  0.865024  0.113161    0 0 
5  0.895005  0.0138649  0.89549  0  0.909914  0  0.923731  0.029086  0.916014  0.0406484    0 0 
6  0.893023  0.0156607  0.895005  0.0138649  0.916014  0.0406484  0.914523  0.0669168  0.889552  0.0677143  0.880078  0.059751    0 0 
5  0.871249  0.0310444  0.872914  0.026026  0.893023  0.0156607  0.880078  0.059751  0.874768  0.0563696    0 0 
6  0.880073  0  0.89549  0  0.895005  0.0138649  0.893023  0.0156607  0.872914  0.026026  0.86809  0.0150726    0 0 
5  0.842779  0.00671889  0.86809  0.0150726  0.872914  0.026026  0.871249  0.0310444  0.840871  0.0210182    0 0 
5  0.764956  0.0719844  0.769873  0.0578017  0.801736  0.0683955  0.782508  0.11309  0.77612  0.115347    0 0 
8  0.704572  0.137845  0.72988  0.107168  0.738414  0.10852  0.767299  0.125316  0.764636  0.144094  0.721612  0.182175  0.712065  0.174344  0.704238  0.160726    0 0 
7  0.639268  0.194624  0.651236  0.177399  0.712065  0.174344  0.721612  0.182175  0.722837  0.207123  0.716955  0.218838  0.649174  0.208937    0 0 
7  0.602879  0.200282  0.62755  0.194115  0.639268  0.194624  0.649174  0.208937  0.642687  0.238376  0.596214  0.24584  0.593285  0.240996    0 0 
6  0.513778  0.294504  0.518935  0.284979  0.566456  0.301958  0.56374  0.311499  0.533055  0.348568  0.517398  0.344443    0 0 
7  0.508955  0.223867  0.593285  0.240996  0.596214  0.24584  0.598549  0.294508  0.566456  0.301958  0.518935  0.284979  0.512286  0.266573    0 0 
5  0.442115  0.339009  0.513778  0.294504  0.517398  0.344443  0.470184  0.383044  0.460664  0.379457    0 0 
6  0.325108  0.492121  0.385023  0.473957  0.386703  0.482328  0.340968  0.548025  0.320251  0.536491  0.319763  0.53548    0 0 
5  0.337845  0.429926  0.391578  0.453049  0.385023  0.473957  0.325108  0.492121  0.323891  0.489893    0 0 
6  0.268492  0.514048  0.319763  0.53548  0.320251  0.536491  0.282978  0.572469  0.248953  0.566842  0.244619  0.552849    0 0 
6  0.252048  0.486115  0.256587  0.446369  0.323891  0.489893  0.325108  0.492121  0.319763  0.53548  0.268492  0.514048    0 0 
8  0.156494  0.557892  0.198022  0.524601  0.200068  0.524426  0.244619  0.552849  0.248953  0.566842  0.24074  0.577458  0.207716  0.585554  0.182762  0.574651    0 0 
6  0.164108  0.450412  0.17758  0.448183  0.198022  0.524601  0.156494  0.557892  0.136747  0.560951  0.109814  0.549932    0 0 
5  0.131424  0.436657  0.164108  0.450412  0.109814  0.549932  0.109021  0.549886  0.0671638  0.500789    0 0 
8  0.0413836  0.43874  0.0531461  0.423574  0.075416  0.411284  0.0979266  0.404118  0.112767  0.410192  0.131424  0.436657  0.0671638  0.500789  0.0525167  0.492069    0 0 
8  0.0267508  0.502966  0.0525167  0.492069  0.0671638  0.500789  0.109021  0.549886  0.0734645  0.588547  0.0300974  0.598867  0  0.618073  0  0.574487    0 0 
3  0  0.501583  0.0267508  0.502966  0  0.574487    0 0 
5  0  0.424345  0.0413836  0.43874  0.0525167  0.492069  0.0267508  0.502966  0  0.501583    0 0 
5  0.974876  0.262545  0.979936  0.247268  1  0.25428  1  0.317815  0.992773  0.316855    0 0 
5  0.916334  0.297611  0.974876  0.262545  0.992773  0.316855  0.990865  0.318323  0.926025  0.32702    0 0 
8  0.859249  0.308972  0.865192  0.301636  0.907033  0.290464  0.916334  0.297611  0.926025  0.32702  0.918491  0.35941  0.912897  0.372306  0.859511  0.329891    0 0 
6  0.81416  0.340797  0.818834  0.332264  0.853754  0.334891  0.834704  0.373044  0.831928  0.37165  0.823212  0.362332    0 0 
5  0.820328  0.306044  0.859249  0.308972  0.859511  0.329891  0.853754  0.334891  0.818834  0.332264    0 0 
6  0.824552  0.269464  0.848766  0.271285  0.865192  0.301636  0.859249  0.308972  0.820328  0.306044  0.812971  0.29857    0 0 
7  0.814826  0.237079  0.82651  0.222786  0.835537  0.223465  0.870254  0.241083  0.848766  0.271285  0.824552  0.269464  0.815222  0.252196    0 0 
8  0.8116  0.181935  0.812021  0.178055  0.83252  0.164896  0.84443  0.162913  0.855195  0.163723  0.86288  0.193378  0.835537  0.223465  0.82651  0.222786    0 0 
6  0.841388  0.111383  0.865024  0.113161  0.877423  0.130639  0.864851  0.158767  0.855195  0.163723  0.84443  0.162913    0 0 
5  0.831405  0.0836562  0.874024  0.0868624  0.865024  0.113161  0.841388  0.111383  0.826858  0.104331    0 0 
8  0.827477  0.0561186  0.828673  0.052902  0.874768  0.0563696  0.880078  0.059751  0.889552  0.0677143  0.885658  0.0736263  0.874024  0.0868624  0.831405  0.0836562    0 0 
5  0.840871  0.0210182  0.871249  0.0310444  0.874768  0.0563696  0.828673  0.052902  0.827642  0.0498037    0 0 
6  0.801736  0.0683955  0.827477  0.0561186  0.831405  0.0836562  0.826858  0.104331  0.813805  0.111768  0.782508  0.11309    0 0 
5  0.649174  0.208937  0.716955  0.218838  0.715945  0.226738  0.658094  0.253631  0.642687  0.238376    0 0 
6  0.596214  0.24584  0.642687  0.238376  0.658094  0.253631  0.652452  0.294658  0.624465  0.312337  0.598549  0.294508    0 0 
4  0.533055  0.348568  0.56374  0.311499  0.566631  0.371609  0.56331  0.378525    0 0 
7  0.517398  0.344443  0.533055  0.348568  0.56331  0.378525  0.563429  0.38074  0.556293  0.387265  0.474547  0.387364  0.470184  0.383044    0 0 
8  0.460664  0.379457  0.470184  0.383044  0.474547  0.387364  0.487592  0.415826  0.479207  0.461338  0.415144  0.448785  0.406389  0.443032  0.414236  0.418945    0 0 
4  0.386703  0.482328  0.408244  0.516695  0.361302  0.568158  0.340968  0.548025    0 0 
7  0.320251  0.536491  0.340968  0.548025  0.361302  0.568158  0.362889  0.572286  0.35527  0.578159  0.290665  0.608304  0.282978  0.572469    0 0 
7  0.24074  0.577458  0.248953  0.566842  0.282978  0.572469  0.290665  0.608304  0.288773  0.617457  0.273802  0.621038  0.247938  0.611012    0 0 
5  0.207716  0.585554  0.24074  0.577458  0.247938  0.611012  0.224585  0.627141  0.215823  0.623346    0 0 
4  0.182762  0.574651  0.207716  0.585554  0.215823  0.623346  0.194822  0.630873    0 0 
6  0.136747  0.560951  0.156494  0.557892  0.182762  0.574651  0.194822  0.630873  0.18052  0.641179  0.154436  0.643414    0 0 
8  0.0734645  0.588547  0.109021  0.549886  0.109814  0.549932  0.136747  0.560951  0.154436  0.643414  0.147905  0.655337  0.104529  0.676131  0.0898816  0.665081    0 0 
5  0.0300974  0.598867  0.0734645  0.588547  0.0898816  0.665081  0.0642247  0.668524  0.0432566  0.660213    0 0 
6  0  0.618073  0  0.618073  0.0300974  0.598867  0.0432566  0.660213  0.032589  0.663233  0.00923979  0.661147    0 0 
3  0  0.618073  0.00923979  0.661147  0  0.675073    0 0 
4  0.926025  0.32702  0.990865  0.318323  0.982297  0.350852  0.918491  0.35941    0 0 
6  0.853754  0.334891  0.859511  0.329891  0.912897  0.372306  0.912186  0.382273  0.841765  0.382604  0.834704  0.373044    0 0 
6  0.794959  0.386039  0.831928  0.37165  0.834704  0.373044  0.841765  0.382604  0.82339  0.43224  0.793794  0.408563    0 0 
4  0.777248  0.365562  0.823212  0.362332  0.831928  0.37165  0.794959  0.386039    0 0 
5  0.777474  0.337765  0.81416  0.340797  0.823212  0.362332  0.777248  0.365562  0.770432  0.361662    0 0 
7  0.770365  0.314492  0.780169  0.299695  0.812971  0.29857  0.820328  0.306044  0.818834  0.332264  0.81416  0.340797  0.777474  0.337765    0 0 
5  0.773801  0.276376  0.815222  0.252196  0.824552  0.269464  0.812971  0.29857  0.780169  0.299695    0 0 
5  0.78513  0.233095  0.814826  0.237079  0.815222  0.252196  0.773801  0.276376  0.767574  0.269111    0 0 
5  0.813805  0.111768  0.826858  0.104331  0.841388  0.111383  0.84443  0.162913  0.83252  0.164896    0 0 
7  0.767299  0.125316  0.77612  0.115347  0.782508  0.11309  0.813805  0.111768  0.83252  0.164896  0.812021  0.178055  0.764636  0.144094    0 0 
6  0.721612  0.182175  0.764636  0.144094  0.812021  0.178055  0.8116  0.181935  0.766682  0.214607  0.722837  0.207123    0 0 
6  0.658094  0.253631  0.715945  0.226738  0.718317  0.235705  0.695894  0.29076  0.684513  0.296396  0.652452  0.294658    0 0 
7  0.62541  0.319285  0.64059  0.350925  0.638505  0.365735  0.594591  0.395572  0.563429  0.38074  0.56331  0.378525  0.566631  0.371609    0 0 
6  0.56374  0.311499  0.566456  0.301958  0.598549  0.294508  0.624465  0.312337  0.62541  0.319285  0.566631  0.371609    0 0 
5  0.474547  0.387364  0.556293  0.387265  0.547829  0.419369  0.511858  0.425535  0.487592  0.415826    0 0 
4  0.415144  0.448785  0.479207  0.461338  0.490867  0.49062  0.463765  0.526224    0 0 
8  0.386703  0.482328  0.385023  0.473957  0.391578  0.453049  0.406389  0.443032  0.415144  0.448785  0.463765  0.526224  0.462983  0.528287  0.408244  0.516695    0 0 
4  0.290665  0.608304  0.35527  0.578159  0.309392  0.640448  0.288773  0.617457    0 0 
6  0.273802  0.621038  0.288773  0.617457  0.309392  0.640448  0.311587  0.645037  0.258286  0.663887  0.250503  0.659554    0 0 
5  0.224585  0.627141  0.247938  0.611012  0.273802  0.621038  0.250503  0.659554  0.236585  0.66112    0 0 
6  0.18052  0.641179  0.194822  0.630873  0.215823  0.623346  0.224585  0.627141  0.236585  0.66112  0.222241  0.67723    0 0 
8  0.147905  0.655337  0.154436  0.643414  0.18052  0.641179  0.222241  0.67723  0.219273  0.688224  0.207529  0.699146  0.186642  0.706366  0.185259  0.706248    0 0 
7  0.104529  0.676131  0.147905  0.655337  0.185259  0.706248  0.160705  0.725566  0.158098  0.725426  0.105071  0.703205  0.1043  0.702135    0 0 
6  0.0642247  0.668524  0.0898816  0.665081  0.104529  0.676131  0.1043  0.702135  0.0461243  0.737893  0.0264253  0.719197    0 0 
5  0.032589  0.663233  0.0432566  0.660213  0.0642247  0.668524  0.0264253  0.719197  0.0247027  0.718514    0 0 
5  0  0.675073  0.00923979  0.661147  0.032589  0.663233  0.0247027  0.718514  0  0.713158    0 0 
6  0.990865  0.318323  0.992773  0.316855  1  0.317815  1  0.390222  0.99117  0.386161  0.982297  0.350852    0 0 
6  0.912897  0.372306  0.918491  0.35941  0.982297  0.350852  0.99117  0.386161  0.917073  0.392904  0.912186  0.382273    0 0 
10  0.841765  0.382604  0.912186  0.382273  0.917073  0.392904  0.916771  0.402593  0.901613  0.424605  0.856508  0.45348  0.843646  0.453154  0.827742  0.444147  0.824277  0.436608  0.82339  0.43224    0 0 
4  0.751024  0.43773  0.824277  0.436608  0.827742  0.444147  0.771487  0.49103    0 0 
6  0.771907  0.408898  0.793794  0.408563  0.82339  0.43224  0.824277  0.436608  0.751024  0.43773  0.748367  0.434528    0 0 
6  0.756362  0.370574  0.770432  0.361662  0.777248  0.365562  0.794959  0.386039  0.793794  0.408563  0.771907  0.408898    0 0 
6  0.730425  0.390588  0.736799  0.371958  0.756362  0.370574  0.771907  0.408898  0.748367  0.434528  0.748232  0.434489    0 0 
6  0.69612  0.41425  0.697076  0.409071  0.730425  0.390588  0.748232  0.434489  0.719643  0.44192  0.696611  0.428884    0 0 
8  0.733643  0.317748  0.746583  0.314317  0.770365  0.314492  0.777474  0.337765  0.770432  0.361662  0.756362  0.370574  0.736799  0.371958  0.716009  0.352184    0 0 
5  0.766682  0.214607  0.8116  0.181935  0.82651  0.222786  0.814826  0.237079  0.78513  0.233095    0 0 
8  0.715945  0.226738  0.716955  0.218838  0.722837  0.207123  0.766682  0.214607  0.78513  0.233095  0.767574  0.269111  0.742036  0.259475  0.718317  0.235705    0 0 
5  0.718317  0.235705  0.742036  0.259475  0.739442  0.273234  0.719575  0.303289  0.695894  0.29076    0 0 
6  0.62541  0.319285  0.624465  0.312337  0.652452  0.294658  0.684513  0.296396  0.699007  0.350743  0.64059  0.350925    0 0 
7  0.556293  0.387265  0.563429  0.38074  0.594591  0.395572  0.602989  0.423062  0.598304  0.432755  0.562206  0.449992  0.547829  0.419369    0 0 
5  0.511858  0.425535  0.547829  0.419369  0.562206  0.449992  0.549024  0.485828  0.539528  0.48447    0 0 
5  0.487592  0.415826  0.511858  0.425535  0.539528  0.48447  0.490867  0.49062  0.479207  0.461338    0 0 
7  0.408244  0.516695  0.462983  0.528287  0.474874  0.590902  0.422767  0.611406  0.367  0.57644  0.362889  0.572286  0.361302  0.568158    0 0 
6  0.35527  0.578159  0.362889  0.572286  0.367  0.57644  0.330533  0.668347  0.311587  0.645037  0.309392  0.640448    0 0 
6  0.258286  0.663887  0.311587  0.645037  0.330533  0.668347  0.331509  0.670425  0.277397  0.685391  0.275477  0.685038    0 0 
7  0.222241  0.67723  0.236585  0.66112  0.250503  0.659554  0.258286  0.663887  0.275477  0.685038  0.253009  0.707005  0.219273  0.688224    0 0 
8  0.160705  0.725566  0.185259  0.706248  0.186642  0.706366  0.202468  0.752653  0.202372  0.756258  0.176928  0.759932  0.173796  0.75737  0.164187  0.745428    0 0 
4  0.164187  0.745428  0.173796  0.75737  0.139976  0.780624  0.134088  0.774238    0 0 
5  0.158098  0.725426  0.160705  0.725566  0.164187  0.745428  0.134088  0.774238  0.116433  0.765305    0 0 
4  0.105071  0.703205  0.158098  0.725426  0.116433  0.765305  0.113586  0.764792    0 0 
8  0.0461243  0.737893  0.1043  0.702135  0.105071  0.703205  0.113586  0.764792  0.112545  0.765441  0.0790515  0.777022  0.0533466  0.768645  0.0497263  0.763944    0 0 
7  0  0.713158  0.0247027  0.718514  0.0264253  0.719197  0.0461243  0.737893  0.0497263  0.763944  0.00757112  0.776504  0  0.764941    0 0 
3  0  0.764941  0.00757112  0.776504  0  0.785448    0 0 
6  0.916771  0.402593  0.917073  0.392904  0.99117  0.386161  1  0.390222  1  0.490658  0.974915  0.460317    0 0 
5  0.856508  0.45348  0.901613  0.424605  0.91802  0.48014  0.9045  0.505789  0.895351  0.505818    0 0 
5  0.843646  0.453154  0.856508  0.45348  0.895351  0.505818  0.881724  0.516838  0.835713  0.50229    0 0 
7  0.771487  0.49103  0.827742  0.444147  0.843646  0.453154  0.835713  0.50229  0.821433  0.518229  0.76863  0.5189  0.765361  0.511533    0 0 
6  0.688302  0.572444  0.688755  0.556025  0.760606  0.545746  0.725101  0.605878  0.702408  0.608441  0.698615  0.605544    0 0 
8  0.681369  0.509343  0.726802  0.500245  0.765361  0.511533  0.76863  0.5189  0.765715  0.541861  0.760606  0.545746  0.688755  0.556025  0.683895  0.547633    0 0 
8  0.716391  0.459596  0.719643  0.44192  0.748232  0.434489  0.748367  0.434528  0.751024  0.43773  0.771487  0.49103  0.765361  0.511533  0.726802  0.500245    0 0 
6  0.676157  0.474563  0.716391  0.459596  0.726802  0.500245  0.681369  0.509343  0.665144  0.496574  0.664458  0.493691    0 0 
5  0.685435  0.435893  0.696611  0.428884  0.719643  0.44192  0.716391  0.459596  0.676157  0.474563    0 0 
6  0.701507  0.352065  0.716009  0.352184  0.736799  0.371958  0.730425  0.390588  0.697076  0.409071  0.687108  0.391866    0 0 
7  0.739442  0.273234  0.742036  0.259475  0.767574  0.269111  0.773801  0.276376  0.780169  0.299695  0.770365  0.314492  0.746583  0.314317    0 0 
4  0.739442  0.273234  0.746583  0.314317  0.733643  0.317748  0.719575  0.303289    0 0 
7  0.684513  0.296396  0.695894  0.29076  0.719575  0.303289  0.733643  0.317748  0.716009  0.352184  0.701507  0.352065  0.699007  0.350743    0 0 
6  0.594591  0.395572  0.638505  0.365735  0.649686  0.386071  0.64879  0.40692  0.64388  0.423968  0.602989  0.423062    0 0 
7  0.562206  0.449992  0.598304  0.432755  0.61186  0.458207  0.610624  0.4622  0.558872  0.486912  0.549423  0.48628  0.549024  0.485828    0 0 
10  0.462983  0.528287  0.463765  0.526224  0.490867  0.49062  0.539528  0.48447  0.549024  0.485828  0.549423  0.48628  0.559538  0.562443  0.555338  0.582602  0.512471  0.607367  0.474874  0.590902    0 0 
5  0.421179  0.615396  0.442432  0.690462  0.396865  0.72219  0.357306  0.706364  0.354741  0.692104    0 0 
6  0.367  0.57644  0.422767  0.611406  0.421179  0.615396  0.354741  0.692104  0.331509  0.670425  0.330533  0.668347    0 0 
6  0.277397  0.685391  0.331509  0.670425  0.354741  0.692104  0.357306  0.706364  0.343439  0.725078  0.289248  0.728474    0 0 
6  0.253009  0.707005  0.275477  0.685038  0.277397  0.685391  0.289248  0.728474  0.28209  0.731517  0.25986  0.726409    0 0 
7  0.207529  0.699146  0.219273  0.688224  0.253009  0.707005  0.25986  0.726409  0.255591  0.730039  0.233877  0.734547  0.226728  0.730568    0 0 
4  0.186642  0.706366  0.207529  0.699146  0.226728  0.730568  0.202468  0.752653    0 0 
6  0.173796  0.75737  0.176928  0.759932  0.174784  0.772745  0.14885  0.790576  0.146692  0.790285  0.139976  0.780624    0 0 
8  0.112545  0.765441  0.113586  0.764792  0.116433  0.765305  0.134088  0.774238  0.139976  0.780624  0.146692  0.790285  0.140321  0.803321  0.115083  0.814135    0 0 
5  0.0790515  0.777022  0.112545  0.765441  0.115083  0.814135  0.0975732  0.833586  0.0940343  0.832103    0 0 
6  0.0533466  0.768645  0.0790515  0.777022  0.0940343  0.832103  0.0802484  0.835354  0.0581992  0.836302  0.0365648  0.82284    0 0 
7  0  0.785448  0.00757112  0.776504  0.0497263  0.763944  0.0533466  0.768645  0.0365648  0.82284  0.0263314  0.825889  0  0.817429    0 0 
4  0.901613  0.424605  0.916771  0.402593  0.974915  0.460317  0.91802  0.48014    0 0 
5  0.821433  0.518229  0.835713  0.50229  0.881724  0.516838  0.858508  0.562293  0.855524  0.561125    0 0 
5  0.765715  0.541861  0.76863  0.5189  0.821433  0.518229  0.855524  0.561125  0.790499  0.573045    0 0 
7  0.760606  0.545746  0.765715  0.541861  0.790499  0.573045  0.794571  0.624921  0.78748  0.634533  0.769449  0.633901  0.725101  0.605878    0 0 
5  0.65069  0.65202  0.698318  0.643167  0.709622  0.676644  0.695954  0.687698  0.658166  0.668731    0 0 
6  0.63044  0.618215  0.698615  0.605544  0.702408  0.608441  0.698318  0.643167  0.65069  0.65202  0.631918  0.638778    0 0 
5  0.611839  0.594867  0.620201  0.585102  0.688302  0.572444  0.698615  0.605544  0.63044  0.618215    0 0 
5  0.633896  0.556927  0.683895  0.547633  0.688755  0.556025  0.688302  0.572444  0.620201  0.585102    0 0 
5  0.627656  0.52138  0.665144  0.496574  0.681369  0.509343  0.683895  0.547633  0.633896  0.556927    0 0 
6  0.643418  0.457012  0.647641  0.43004  0.685435  0.435893  0.676157  0.474563  0.664458  0.493691  0.660843  0.489944    0 0 
6  0.64879  0.40692  0.69612  0.41425  0.696611  0.428884  0.685435  0.435893  0.647641  0.43004  0.64388  0.423968    0 0 
5  0.649686  0.386071  0.687108  0.391866  0.697076  0.409071  0.69612  0.41425  0.64879  0.40692    0 0 
6  0.638505  0.365735  0.64059  0.350925  0.699007  0.350743  0.701507  0.352065  0.687108  0.391866  0.649686  0.386071    0 0 
6  0.598304  0.432755  0.602989  0.423062  0.64388  0.423968  0.647641  0.43004  0.643418  0.457012  0.61186  0.458207    0 0 
4  0.610624  0.4622  0.614404  0.480079  0.600242  0.498331  0.558872  0.486912    0 0 
8  0.421179  0.615396  0.422767  0.611406  0.474874  0.590902  0.512471  0.607367  0.518658  0.639236  0.47261  0.694565  0.459003  0.694468  0.442432  0.690462    0 0 
8  0.343439  0.725078  0.357306  0.706364  0.396865  0.72219  0.413665  0.743519  0.40687  0.782012  0.373726  0.800129  0.36723  0.797963  0.337021  0.768988    0 0 
6  0.28209  0.731517  0.289248  0.728474  0.343439  0.725078  0.337021  0.768988  0.30496  0.792903  0.272664  0.796011    0 0 
6  0.255591  0.730039  0.25986  0.726409  0.28209  0.731517  0.272664  0.796011  0.265774  0.799302  0.24621  0.794223    0 0 
6  0.233877  0.734547  0.255591  0.730039  0.24621  0.794223  0.235923  0.79397  0.228467  0.789156  0.226501  0.785012    0 0 
5  0.226728  0.730568  0.233877  0.734547  0.226501  0.785012  0.202372  0.756258  0.202468  0.752653    0 0 
6  0.174784  0.772745  0.176928  0.759932  0.202372  0.756258  0.226501  0.785012  0.228467  0.789156  0.19414  0.795811    0 0 
4  0.14885  0.790576  0.174784  0.772745  0.19414  0.795811  0.177288  0.807453    0 0 
5  0.115083  0.814135  0.140321  0.803321  0.147675  0.832803  0.109264  0.847517  0.0975732  0.833586    0 0 
8  0.0802484  0.835354  0.0940343  0.832103  0.0975732  0.833586  0.109264  0.847517  0.110284  0.852913  0.106775  0.858607  0.0716089  0.881975  0.0695013  0.88105    0 0 
4  0.0581992  0.836302  0.0802484  0.835354  0.0695013  0.88105  0.0482531  0.878592    0 0 
7  0.0263314  0.825889  0.0365648  0.82284  0.0581992  0.836302  0.0482531  0.878592  0.0422011  0.88222  0.0272571  0.879822  0.0181511  0.860671    0 0 
4  0  0.817429  0.0263314  0.825889  0.0181511  0.860671  0  0.859466    0 0 
7  0.91802  0.48014  0.974915  0.460317  1  0.490658  1  0.490658  0.984984  0.521893  0.942621  0.536653  0.9045  0.505789    0 0 
7  0.881724  0.516838  0.895351  0.505818  0.9045  0.505789  0.942621  0.536653  0.931728  0.562773  0.873878  0.587815  0.858508  0.562293    0 0 
7  0.790499  0.573045  0.855524  0.561125  0.858508  0.562293  0.873878  0.587815  0.87149  0.605595  0.864152  0.612165  0.794571  0.624921    0 0 
6  0.702408  0.608441  0.725101  0.605878  0.769449  0.633901  0.720208  0.678149  0.709622  0.676644  0.698318  0.643167    0 0 
4  0.658166  0.668731  0.695954  0.687698  0.684202  0.711237  0.645259  0.69169    0 0 
7  0.63103  0.639998  0.631918  0.638778  0.65069  0.65202  0.658166  0.668731  0.645259  0.69169  0.626448  0.696975  0.615785  0.675148    0 0 
5  0.580939  0.6769  0.615785  0.675148  0.626448  0.696975  0.622269  0.714279  0.582389  0.719452    0 0 
5  0.5913  0.649935  0.63103  0.639998  0.615785  0.675148  0.580939  0.6769  0.570433  0.667754    0 0 
6  0.582516  0.589689  0.611839  0.594867  0.63044  0.618215  0.631918  0.638778  0.63103  0.639998  0.5913  0.649935    0 0 
7  0.512471  0.607367  0.555338  0.582602  0.582516  0.589689  0.5913  0.649935  0.570433  0.667754  0.526131  0.649239  0.518658  0.639236    0 0 
8  0.559538  0.562443  0.616031  0.519146  0.627656  0.52138  0.633896  0.556927  0.620201  0.585102  0.611839  0.594867  0.582516  0.589689  0.555338  0.582602    0 0 
7  0.600242  0.498331  0.614404  0.480079  0.660843  0.489944  0.664458  0.493691  0.665144  0.496574  0.627656  0.52138  0.616031  0.519146    0 0 
5  0.610624  0.4622  0.61186  0.458207  0.643418  0.457012  0.660843  0.489944  0.614404  0.480079    0 0 
5  0.549423  0.48628  0.558872  0.486912  0.600242  0.498331  0.616031  0.519146  0.559538  0.562443    0 0 
6  0.459003  0.694468  0.47261  0.694565  0.484814  0.726651  0.475341  0.756332  0.473054  0.760092  0.442205  0.748151    0 0 
5  0.442432  0.690462  0.459003  0.694468  0.442205  0.748151  0.413665  0.743519  0.396865  0.72219    0 0 
5  0.30496  0.792903  0.337021  0.768988  0.36723  0.797963  0.332302  0.844991  0.331143  0.844797    0 0 
6  0.265774  0.799302  0.272664  0.796011  0.30496  0.792903  0.331143  0.844797  0.317349  0.852622  0.27123  0.837926    0 0 
7  0.235923  0.79397  0.24621  0.794223  0.265774  0.799302  0.27123  0.837926  0.266443  0.850355  0.233057  0.86833  0.202863  0.860491    0 0 
7  0.177288  0.807453  0.19414  0.795811  0.228467  0.789156  0.235923  0.79397  0.202863  0.860491  0.200122  0.861526  0.174117  0.837511    0 0 
6  0.162755  0.837755  0.174117  0.837511  0.200122  0.861526  0.189533  0.882295  0.146243  0.892453  0.137477  0.877195    0 0 
5  0.109264  0.847517  0.147675  0.832803  0.162755  0.837755  0.137477  0.877195  0.110284  0.852913    0 0 
7  0.140321  0.803321  0.146692  0.790285  0.14885  0.790576  0.177288  0.807453  0.174117  0.837511  0.162755  0.837755  0.147675  0.832803    0 0 
5  0.0716089  0.881975  0.106775  0.858607  0.0989497  0.900267  0.0968377  0.901985  0.0815014  0.897086    0 0 
7  0.0422011  0.88222  0.0482531  0.878592  0.0695013  0.88105  0.0716089  0.881975  0.0815014  0.897086  0.0561321  0.922823  0.0504995  0.92035    0 0 
6  0.0178905  0.887428  0.0272571  0.879822  0.0422011  0.88222  0.0504995  0.92035  0.0327033  0.927142  0.0180333  0.922125    0 0 
5  0  0.89005  0.0178905  0.887428  0.0180333  0.922125  0.00432392  0.926434  0  0.923829    0 0 
5  0  0.859466  0.0181511  0.860671  0.0272571  0.879822  0.0178905  0.887428  0  0.89005    0 0 
3  0.984984  0.521893  1  0.490658  1  0.586685    0 0 
6  0.931728  0.562773  0.942621  0.536653  0.984984  0.521893  1  0.586685  1  0.586685  0.954047  0.602696    0 0 
6  0.87149  0.605595  0.873878  0.587815  0.931728  0.562773  0.954047  0.602696  0.945889  0.637536  0.930234  0.646977    0 0 
7  0.78748  0.634533  0.794571  0.624921  0.864152  0.612165  0.857735  0.669917  0.832003  0.710999  0.819204  0.708428  0.806279  0.693861    0 0 
5  0.769449  0.633901  0.78748  0.634533  0.806279  0.693861  0.739496  0.696558  0.720208  0.678149    0 0 
8  0.622269  0.714279  0.626448  0.696975  0.645259  0.69169  0.684202  0.711237  0.682044  0.732041  0.673925  0.740735  0.658323  0.744275  0.634474  0.732305    0 0 
6  0.580277  0.721624  0.582389  0.719452  0.622269  0.714279  0.634474  0.732305  0.591694  0.768992  0.584927  0.758997    0 0 
7  0.538633  0.755703  0.584927  0.758997  0.591694  0.768992  0.59293  0.776795  0.590355  0.779291  0.567096  0.786806  0.533247  0.772759    0 0 
5  0.561331  0.720276  0.580277  0.721624  0.584927  0.758997  0.538633  0.755703  0.537108  0.750361    0 0 
7  0.526131  0.649239  0.570433  0.667754  0.580939  0.6769  0.582389  0.719452  0.580277  0.721624  0.561331  0.720276  0.532223  0.696674    0 0 
5  0.51859  0.718853  0.532223  0.696674  0.561331  0.720276  0.537108  0.750361  0.52915  0.743909    0 0 
9  0.473153  0.760469  0.473054  0.760092  0.475341  0.756332  0.52915  0.743909  0.537108  0.750361  0.538633  0.755703  0.533247  0.772759  0.53151  0.774472  0.50395  0.779479    0 0 
4  0.484814  0.726651  0.51859  0.718853  0.52915  0.743909  0.475341  0.756332    0 0 
6  0.518658  0.639236  0.526131  0.649239  0.532223  0.696674  0.51859  0.718853  0.484814  0.726651  0.47261  0.694565    0 0 
8  0.413665  0.743519  0.442205  0.748151  0.473054  0.760092  0.473153  0.760469  0.458116  0.797577  0.44468  0.803391  0.430447  0.80363  0.40687  0.782012    0 0 
5  0.373726  0.800129  0.40687  0.782012  0.430447  0.80363  0.400297  0.854265  0.39799  0.854673    0 0 
7  0.36723  0.797963  0.373726  0.800129  0.39799  0.854673  0.391147  0.861057  0.385834  0.863681  0.353581  0.860401  0.332302  0.844991    0 0 
4  0.266443  0.850355  0.27123  0.837926  0.317349  0.852622  0.294266  0.903262    0 0 
6  0.233057  0.86833  0.266443  0.850355  0.294266  0.903262  0.294324  0.906261  0.27685  0.914391  0.248991  0.898629    0 0 
7  0.189533  0.882295  0.200122  0.861526  0.202863  0.860491  0.233057  0.86833  0.248991  0.898629  0.203847  0.921117  0.202783  0.920071    0 0 
6  0.143536  0.897644  0.146243  0.892453  0.189533  0.882295  0.202783  0.920071  0.147936  0.938242  0.142186  0.92185    0 0 
7  0.0931409  0.933869  0.0981884  0.924438  0.142186  0.92185  0.147936  0.938242  0.146248  0.950001  0.10885  0.960269  0.0994759  0.952812    0 0 
5  0.0968377  0.901985  0.0989497  0.900267  0.143536  0.897644  0.142186  0.92185  0.0981884  0.924438    0 0 
6  0.106775  0.858607  0.110284  0.852913  0.137477  0.877195  0.146243  0.892453  0.143536  0.897644  0.0989497  0.900267    0 0 
6  0.0815014  0.897086  0.0968377  0.901985  0.0981884  0.924438  0.0931409  0.933869  0.0613492  0.929046  0.0561321  0.922823    0 0 
7  0.0327033  0.927142  0.0504995  0.92035  0.0561321  0.922823  0.0613492  0.929046  0.0564932  0.970754  0.0531434  0.975544  0.0280025  0.964509    0 0 
6  0.00432392  0.926434  0.0180333  0.922125  0.0327033  0.927142  0.0280025  0.964509  0.0229619  0.965212  0.000431915  0.957372    0 0 
4  0  0.923829  0.00432392  0.926434  0.000431915  0.957372  0  0.957533    0 0 
5  0.954047  0.602696  1  0.586685  1  0.619897  0.947826  0.638075  0.945889  0.637536    0 0 
5  0.864152  0.612165  0.87149  0.605595  0.930234  0.646977  0.925756  0.664199  0.857735  0.669917    0 0 
6  0.739496  0.696558  0.806279  0.693861  0.819204  0.708428  0.764755  0.764045  0.740184  0.747309  0.736159  0.742772    0 0 
7  0.695954  0.687698  0.709622  0.676644  0.720208  0.678149  0.739496  0.696558  0.736159  0.742772  0.682044  0.732041  0.684202  0.711237    0 0 
5  0.634474  0.732305  0.658323  0.744275  0.632876  0.796845  0.59293  0.776795  0.591694  0.768992    0 0 
4  0.567096  0.786806  0.590355  0.779291  0.580097  0.824491  0.550085  0.811882    0 0 
5  0.53151  0.774472  0.533247  0.772759  0.567096  0.786806  0.550085  0.811882  0.53929  0.814672    0 0 
6  0.504457  0.788065  0.50395  0.779479  0.53151  0.774472  0.53929  0.814672  0.534953  0.81956  0.521068  0.821138    0 0 
5  0.504457  0.788065  0.521068  0.821138  0.509883  0.82891  0.501687  0.830545  0.485909  0.817211    0 0 
5  0.472955  0.813662  0.485909  0.817211  0.501687  0.830545  0.485693  0.858519  0.462371  0.850107    0 0 
6  0.473153  0.760469  0.50395  0.779479  0.504457  0.788065  0.485909  0.817211  0.472955  0.813662  0.458116  0.797577    0 0 
5  0.44468  0.803391  0.458116  0.797577  0.472955  0.813662  0.462371  0.850107  0.44862  0.852425    0 0 
7  0.430447  0.80363  0.44468  0.803391  0.44862  0.852425  0.44416  0.855349  0.426825  0.857847  0.411871  0.85729  0.400297  0.854265    0 0 
5  0.351465  0.864345  0.353581  0.860401  0.385834  0.863681  0.375739  0.897644  0.346133  0.910842    0 0 
4  0.351465  0.864345  0.346133  0.910842  0.327072  0.927278  0.308761  0.912759    0 0 
8  0.317349  0.852622  0.331143  0.844797  0.332302  0.844991  0.353581  0.860401  0.351465  0.864345  0.308761  0.912759  0.294324  0.906261  0.294266  0.903262    0 0 
7  0.203847  0.921117  0.248991  0.898629  0.27685  0.914391  0.250607  0.961473  0.238071  0.964341  0.220621  0.956139  0.215481  0.948653    0 0 
4  0.147917  0.952379  0.215481  0.948653  0.220621  0.956139  0.164198  0.992712    0 0 
6  0.147936  0.938242  0.202783  0.920071  0.203847  0.921117  0.215481  0.948653  0.147917  0.952379  0.146248  0.950001    0 0 
8  0.10885  0.960269  0.146248  0.950001  0.147917  0.952379  0.164198  0.992712  0.164088  0.993298  0.134247  1  0.108028  1  0.104965  0.993601    0 0 
4  0.0553713  0.981965  0.104965  0.993601  0.108028  1  0.0536186  1    0 0 
7  0.0564932  0.970754  0.0994759  0.952812  0.10885  0.960269  0.104965  0.993601  0.0553713  0.981965  0.0539788  0.978726  0.0531434  0.975544    0 0 
4  0.0613492  0.929046  0.0931409  0.933869  0.0994759  0.952812  0.0564932  0.970754    0 0 
4  0.0539788  0.978726  0.0553713  0.981965  0.0536186  1  0.00731988  1    0 0 
6  0.0229619  0.965212  0.0280025  0.964509  0.0531434  0.975544  0.0539788  0.978726  0.00731988  1  0.00731988  1    0 0 
5  0  0.957533  0.000431915  0.957372  0.0229619  0.965212  0.00731988  1  0  1    0 0 
3  0.947826  0.638075  1  0.619897  1  0.666359    0 0 
6  0.857735  0.669917  0.925756  0.664199  0.928547  0.711636  0.873219  0.734114  0.847363  0.723957  0.832003  0.710999    0 0 
5  0.673925  0.740735  0.682044  0.732041  0.736159  0.742772  0.740184  0.747309  0.693845  0.784439    0 0 
6  0.658323  0.744275  0.673925  0.740735  0.693845  0.784439  0.694829  0.793638  0.648886  0.83197  0.632876  0.796845    0 0 
7  0.590355  0.779291  0.59293  0.776795  0.632876  0.796845  0.648886  0.83197  0.647402  0.845865  0.595092  0.857388  0.580097  0.824491    0 0 
7  0.534953  0.81956  0.53929  0.814672  0.550085  0.811882  0.580097  0.824491  0.595092  0.857388  0.584914  0.866179  0.559932  0.874362    0 0 
7  0.509883  0.82891  0.521068  0.821138  0.534953  0.81956  0.559932  0.874362  0.552565  0.880822  0.540159  0.88801  0.536372  0.887027    0 0 
5  0.501687  0.830545  0.509883  0.82891  0.536372  0.887027  0.497992  0.885503  0.485693  0.858519    0 0 
7  0.44416  0.855349  0.44862  0.852425  0.462371  0.850107  0.485693  0.858519  0.497992  0.885503  0.470225  0.910898  0.469265  0.910428    0 0 
4  0.426825  0.857847  0.44416  0.855349  0.469265  0.910428  0.449443  0.907469    0 0 
4  0.411871  0.85729  0.426825  0.857847  0.449443  0.907469  0.435148  0.908358    0 0 
7  0.391147  0.861057  0.39799  0.854673  0.400297  0.854265  0.411871  0.85729  0.435148  0.908358  0.42564  0.91287  0.414965  0.913312    0 0 
5  0.385834  0.863681  0.391147  0.861057  0.414965  0.913312  0.391736  0.932742  0.375739  0.897644    0 0 
6  0.327072  0.927278  0.346133  0.910842  0.375739  0.897644  0.391736  0.932742  0.385104  0.956944  0.334694  0.944    0 0 
8  0.27685  0.914391  0.294324  0.906261  0.308761  0.912759  0.327072  0.927278  0.334694  0.944  0.330329  0.951697  0.276985  0.979289  0.250607  0.961473    0 0 
6  0.220621  0.956139  0.238071  0.964341  0.229371  1  0.167143  1  0.164088  0.993298  0.164198  0.992712    0 0 
3  0.164088  0.993298  0.167143  1  0.134247  1    0 0 
4  1  0.666359  1  0.728972  0.987894  0.729799  0.964539  0.716939    0 0 
9  0.925756  0.664199  0.930234  0.646977  0.945889  0.637536  0.947826  0.638075  1  0.666359  1  0.671406  0.964539  0.716939  0.942364  0.719126  0.928547  0.711636    0 0 
7  0.819204  0.708428  0.832003  0.710999  0.847363  0.723957  0.818657  0.804423  0.792051  0.812197  0.764834  0.765356  0.764755  0.764045    0 0 
6  0.740184  0.747309  0.764755  0.764045  0.764834  0.765356  0.71914  0.80197  0.694829  0.793638  0.693845  0.784439    0 0 
7  0.648886  0.83197  0.694829  0.793638  0.71914  0.80197  0.738199  0.85483  0.728038  0.87292  0.654124  0.853652  0.647402  0.845865    0 0 
8  0.654124  0.853652  0.728038  0.87292  0.736044  0.896151  0.721166  0.948254  0.69963  0.959734  0.672486  0.952456  0.65823  0.941822  0.647025  0.922417    0 0 
6  0.584914  0.866179  0.595092  0.857388  0.647402  0.845865  0.654124  0.853652  0.647025  0.922417  0.607835  0.919647    0 0 
5  0.552565  0.880822  0.559932  0.874362  0.584914  0.866179  0.607835  0.919647  0.591644  0.933846    0 0 
6  0.540159  0.88801  0.552565  0.880822  0.591644  0.933846  0.589819  0.937323  0.588484  0.939193  0.539611  0.916626    0 0 
8  0.531185  0.942386  0.539611  0.916626  0.588484  0.939193  0.586222  0.948731  0.579122  0.959498  0.572389  0.960572  0.533505  0.948144  0.532487  0.947139    0 0 
7  0.497992  0.885503  0.536372  0.887027  0.540159  0.88801  0.539611  0.916626  0.531185  0.942386  0.473198  0.931748  0.470225  0.910898    0 0 
6  0.470329  0.94036  0.470115  0.939574  0.473198  0.931748  0.531185  0.942386  0.532487  0.947139  0.5024  0.976615    0 0 
8  0.42564  0.91287  0.435148  0.908358  0.449443  0.907469  0.469265  0.910428  0.470225  0.910898  0.473198  0.931748  0.470115  0.939574  0.433039  0.953404    0 0 
7  0.391736  0.932742  0.414965  0.913312  0.42564  0.91287  0.433039  0.953404  0.407244  0.97498  0.385971  0.958189  0.385104  0.956944    0 0 
7  0.330329  0.951697  0.334694  0.944  0.385104  0.956944  0.385971  0.958189  0.351677  1  0.34087  1  0.32989  0.991914    0 0 
5  0.276985  0.979289  0.330329  0.951697  0.32989  0.991914  0.314257  1  0.286252  1    0 0 
5  0.238071  0.964341  0.250607  0.961473  0.276985  0.979289  0.286252  1  0.229371  1    0 0 
4  0.987894  0.729799  1  0.728972  1  0.758385  0.991141  0.75652    0 0 
6  0.942364  0.719126  0.964539  0.716939  0.987894  0.729799  0.991141  0.75652  0.98827  0.765043  0.948253  0.767603    0 0 
7  0.873219  0.734114  0.928547  0.711636  0.942364  0.719126  0.948253  0.767603  0.943501  0.790223  0.910984  0.808807  0.889296  0.797049    0 0 
5  0.847363  0.723957  0.873219  0.734114  0.889296  0.797049  0.856143  0.814582  0.818657  0.804423    0 0 
5  0.71914  0.80197  0.764834  0.765356  0.792051  0.812197  0.788125  0.823449  0.738199  0.85483    0 0 
6  0.736044  0.896151  0.821934  0.903708  0.826538  0.910001  0.825842  0.915938  0.778737  0.980948  0.721166  0.948254    0 0 
3  0.785766  0.996873  0.841639  1  0.784163  1    0 0 
7  0.69929  0.96376  0.69963  0.959734  0.721166  0.948254  0.778737  0.980948  0.785766  0.996873  0.784163  1  0.72477  1    0 0 
6  0.591644  0.933846  0.607835  0.919647  0.647025  0.922417  0.65823  0.941822  0.632098  0.953985  0.589819  0.937323    0 0 
6  0.586222  0.948731  0.588484  0.939193  0.589819  0.937323  0.632098  0.953985  0.623211  0.959974  0.618804  0.961571    0 0 
5  0.579122  0.959498  0.586222  0.948731  0.618804  0.961571  0.602703  0.985989  0.595032  0.987361    0 0 
4  0.533505  0.948144  0.572389  0.960572  0.55541  0.989956  0.537538  0.973271    0 0 
6  0.532487  0.947139  0.533505  0.948144  0.537538  0.973271  0.530754  0.984199  0.500337  0.992159  0.5024  0.976615    0 0 
6  0.465727  0.975037  0.470329  0.94036  0.5024  0.976615  0.500337  0.992159  0.500107  0.99269  0.494206  0.994259    0 0 
8  0.433039  0.953404  0.470115  0.939574  0.470329  0.94036  0.465727  0.975037  0.432601  1  0.432601  1  0.408519  0.978507  0.407244  0.97498    0 0 
5  0.385971  0.958189  0.407244  0.97498  0.408519  0.978507  0.393616  1  0.351677  1    0 0 
3  0.32989  0.991914  0.34087  1  0.314257  1    0 0 
5  0.98827  0.765043  0.991141  0.75652  1  0.758385  1  0.785116  0.994203  0.783896    0 0 
5  0.948253  0.767603  0.98827  0.765043  0.994203  0.783896  0.969051  0.801373  0.943501  0.790223    0 0 
7  0.856143  0.814582  0.889296  0.797049  0.910984  0.808807  0.918536  0.843955  0.913748  0.852745  0.886775  0.864973  0.853919  0.847161    0 0 
6  0.788125  0.823449  0.792051  0.812197  0.818657  0.804423  0.856143  0.814582  0.853919  0.847161  0.822515  0.876383    0 0 
6  0.738199  0.85483  0.788125  0.823449  0.822515  0.876383  0.821934  0.903708  0.736044  0.896151  0.728038  0.87292    0 0 
6  0.825842  0.915938  0.861677  0.979685  0.841639  1  0.841639  1  0.785766  0.996873  0.778737  0.980948    0 0 
4  0.69929  0.96376  0.72477  1  0.694363  1  0.692664  0.998512    0 0 
6  0.623211  0.959974  0.632098  0.953985  0.65823  0.941822  0.672486  0.952456  0.633461  0.997243  0.626376  0.993263    0 0 
4  0.618804  0.961571  0.623211  0.959974  0.626376  0.993263  0.602703  0.985989    0 0 
7  0.572389  0.960572  0.579122  0.959498  0.595032  0.987361  0.591357  0.994924  0.561828  0.99821  0.55583  0.994246  0.55541  0.989956    0 0 
6  0.530754  0.984199  0.537538  0.973271  0.55541  0.989956  0.55583  0.994246  0.54586  1  0.54586  1    0 0 
5  0.500107  0.99269  0.500337  0.992159  0.530754  0.984199  0.54586  1  0.505866  1    0 0 
4  0.465727  0.975037  0.494206  0.994259  0.487342  1  0.432601  1    0 0 
3  0.408519  0.978507  0.432601  1  0.393616  1    0 0 
5  0.994203  0.783896  1  0.785116  1  0.815322  0.978749  0.820982  0.969051  0.801373    0 0 
8  0.910984  0.808807  0.943501  0.790223  0.969051  0.801373  0.978749  0.820982  0.977663  0.839637  0.974944  0.849618  0.964029  0.853836  0.918536  0.843955    0 0 
6  0.822515  0.876383  0.853919  0.847161  0.886775  0.864973  0.867659  0.905989  0.826538  0.910001  0.821934  0.903708    0 0 
7  0.825842  0.915938  0.826538  0.910001  0.867659  0.905989  0.91318  0.931239  0.90152  0.97086  0.891236  0.976802  0.861677  0.979685    0 0 
4  0.861677  0.979685  0.891236  0.976802  0.892259  1  0.841639  1    0 0 
3  0.692664  0.998512  0.694363  1  0.691821  1    0 0 
7  0.672486  0.952456  0.69963  0.959734  0.69929  0.96376  0.692664  0.998512  0.691821  1  0.633806  1  0.633461  0.997243    0 0 
7  0.595032  0.987361  0.602703  0.985989  0.626376  0.993263  0.633461  0.997243  0.633806  1  0.591992  1  0.591357  0.994924    0 0 
4  0.561828  0.99821  0.591357  0.994924  0.591992  1  0.562052  1    0 0 
4  0.55583  0.994246  0.561828  0.99821  0.562052  1  0.54586  1    0 0 
4  0.494206  0.994259  0.500107  0.99269  0.505866  1  0.487342  1    0 0 
4  0.978749  0.820982  1  0.815322  1  0.833688  0.977663  0.839637    0 0 
5  0.913748  0.852745  0.918536  0.843955  0.964029  0.853836  0.957989  0.892691  0.926247  0.903337    0 0 
6  0.886775  0.864973  0.913748  0.852745  0.926247  0.903337  0.913268  0.931187  0.91318  0.931239  0.867659  0.905989    0 0 
4  0.891236  0.976802  0.90152  0.97086  0.959087  1  0.892259  1    0 0 
4  0.977663  0.839637  1  0.833688  1  0.868185  0.974944  0.849618    0 0 
6  0.964029  0.853836  0.974944  0.849618  1  0.865868  1  0.868185  0.980812  0.907493  0.957989  0.892691    0 0 
6  0.926247  0.903337  0.957989  0.892691  0.980812  0.907493  0.987582  0.924054  0.977612  0.945446  0.913268  0.931187    0 0 
7  0.91318  0.931239  0.913268  0.931187  0.977612  0.945446  0.985557  0.9705  0.959087  1  0.942839  1  0.90152  0.97086    0 0 
4  1  0.868185  1  0.920882  0.987582  0.924054  0.980812  0.907493    0 0 
5  0.977612  0.945446  0.987582  0.924054  1  0.920882  1  0.974619  0.985557  0.9705    0 0 
4  0.985557  0.9705  1  0.974619  1  1  0.959087  1    0 0 
