polygon
100
4 0 0 0.1 0 0.141459 0.141459 0 0.1  0 0 
4 0 0.1 0.141459 0.141459 0.167082 0.267082 0 0.2  0 0 
4 0 0.2 0.167082 0.267082 0.167082 0.367082 0 0.3  0 0 
4 0 0.3 0.167082 0.367082 0.141459 0.441459 0 0.4  0 0 
4 0 0.4 0.141459 0.441459 0.1 0.5 0 0.5  0 0 
4 0 0.5 0.1 0.5 0.058541 0.558541 0 0.6  0 0 
4 0 0.6 0.058541 0.558541 0.032918 0.632918 0 0.7  0 0 
4 0 0.7 0.032918 0.632918 0.032918 0.732918 0 0.8  0 0 
4 0 0.8 0.032918 0.732918 0.058541 0.858541 0 0.9  0 0 
4 0 0.9 0.058541 0.858541 0.1 1 0 1  0 0 
4 0.1 0 0.2 0 0.267082 0.167082 0.141459 0.141459  0 0 
4 0.141459 0.141459 0.267082 0.167082 0.308541 0.308541 0.167082 0.267082  0 0 
4 0.167082 0.267082 0.308541 0.308541 0.308541 0.408541 0.167082 0.367082  0 0 
4 0.167082 0.367082 0.308541 0.408541 0.267082 0.467082 0.141459 0.441459  0 0 
4 0.141459 0.441459 0.267082 0.467082 0.2 0.5 0.1 0.5  0 0 
4 0.1 0.5 0.2 0.5 0.132918 0.532918 0.058541 0.558541  0 0 
4 0.058541 0.558541 0.132918 0.532918 0.091459 0.591459 0.032918 0.632918  0 0 
4 0.032918 0.632918 0.091459 0.591459 0.091459 0.691459 0.032918 0.732918  0 0 
4 0.032918 0.732918 0.091459 0.691459 0.132918 0.832918 0.058541 0.858541  0 0 
4 0.058541 0.858541 0.132918 0.832918 0.2 1 0.1 1  0 0 
4 0.2 0 0.3 0 0.367082 0.167082 0.267082 0.167082  0 0 
4 0.267082 0.167082 0.367082 0.167082 0.408541 0.308541 0.308541 0.308541  0 0 
4 0.308541 0.308541 0.408541 0.308541 0.408541 0.408541 0.308541 0.408541  0 0 
4 0.308541 0.408541 0.408541 0.408541 0.367082 0.467082 0.267082 0.467082  0 0 
4 0.267082 0.467082 0.367082 0.467082 0.3 0.5 0.2 0.5  0 0 
4 0.2 0.5 0.3 0.5 0.232918 0.532918 0.132918 0.532918  0 0 
4 0.132918 0.532918 0.232918 0.532918 0.191459 0.591459 0.091459 0.591459  0 0 
4 0.091459 0.591459 0.191459 0.591459 0.191459 0.691459 0.091459 0.691459  0 0 
4 0.091459 0.691459 0.191459 0.691459 0.232918 0.832918 0.132918 0.832918  0 0 
4 0.132918 0.832918 0.232918 0.832918 0.3 1 0.2 1  0 0 
4 0.3 0 0.4 0 0.441459 0.141459 0.367082 0.167082  0 0 
4 0.367082 0.167082 0.441459 0.141459 0.467082 0.267082 0.408541 0.308541  0 0 
4 0.408541 0.308541 0.467082 0.267082 0.467082 0.367082 0.408541 0.408541  0 0 
4 0.408541 0.408541 0.467082 0.367082 0.441459 0.441459 0.367082 0.467082  0 0 
4 0.367082 0.467082 0.441459 0.441459 0.4 0.5 0.3 0.5  0 0 
4 0.3 0.5 0.4 0.5 0.358541 0.558541 0.232918 0.532918  0 0 
4 0.232918 0.532918 0.358541 0.558541 0.332918 0.632918 0.191459 0.591459  0 0 
4 0.191459 0.591459 0.332918 0.632918 0.332918 0.732918 0.191459 0.691459  0 0 
4 0.191459 0.691459 0.332918 0.732918 0.358541 0.858541 0.232918 0.832918  0 0 
4 0.232918 0.832918 0.358541 0.858541 0.4 1 0.3 1  0 0 
4 0.4 0 0.5 0 0.5 0.1 0.441459 0.141459  0 0 
4 0.441459 0.141459 0.5 0.1 0.5 0.2 0.467082 0.267082  0 0 
4 0.467082 0.267082 0.5 0.2 0.5 0.3 0.467082 0.367082  0 0 
4 0.467082 0.367082 0.5 0.3 0.5 0.4 0.441459 0.441459  0 0 
4 0.441459 0.441459 0.5 0.4 0.5 0.5 0.4 0.5  0 0 
4 0.4 0.5 0.5 0.5 0.5 0.6 0.358541 0.558541  0 0 
4 0.358541 0.558541 0.5 0.6 0.5 0.7 0.332918 0.632918  0 0 
4 0.332918 0.632918 0.5 0.7 0.5 0.8 0.332918 0.732918  0 0 
4 0.332918 0.732918 0.5 0.8 0.5 0.9 0.358541 0.858541  0 0 
4 0.358541 0.858541 0.5 0.9 0.5 1 0.4 1  0 0 
4 0.5 0 0.6 0 0.558541 0.058541 0.5 0.1  0 0 
4 0.5 0.1 0.558541 0.058541 0.532918 0.132918 0.5 0.2  0 0 
4 0.5 0.2 0.532918 0.132918 0.532918 0.232918 0.5 0.3  0 0 
4 0.5 0.3 0.532918 0.232918 0.558541 0.358541 0.5 0.4  0 0 
4 0.5 0.4 0.558541 0.358541 0.6 0.5 0.5 0.5  0 0 
4 0.5 0.5 0.6 0.5 0.641459 0.641459 0.5 0.6  0 0 
4 0.5 0.6 0.641459 0.641459 0.667082 0.767082 0.5 0.7  0 0 
4 0.5 0.7 0.667082 0.767082 0.667082 0.867082 0.5 0.8  0 0 
4 0.5 0.8 0.667082 0.867082 0.641459 0.941459 0.5 0.9  0 0 
4 0.5 0.9 0.641459 0.941459 0.6 1 0.5 1  0 0 
4 0.6 0 0.7 0 0.632918 0.032918 0.558541 0.058541  0 0 
4 0.558541 0.058541 0.632918 0.032918 0.591459 0.091459 0.532918 0.132918  0 0 
4 0.532918 0.132918 0.591459 0.091459 0.591459 0.191459 0.532918 0.232918  0 0 
4 0.532918 0.232918 0.591459 0.191459 0.632918 0.332918 0.558541 0.358541  0 0 
4 0.558541 0.358541 0.632918 0.332918 0.7 0.5 0.6 0.5  0 0 
4 0.6 0.5 0.7 0.5 0.767082 0.667082 0.641459 0.641459  0 0 
4 0.641459 0.641459 0.767082 0.667082 0.808541 0.808541 0.667082 0.767082  0 0 
4 0.667082 0.767082 0.808541 0.808541 0.808541 0.908541 0.667082 0.867082  0 0 
4 0.667082 0.867082 0.808541 0.908541 0.767082 0.967082 0.641459 0.941459  0 0 
4 0.641459 0.941459 0.767082 0.967082 0.7 1 0.6 1  0 0 
4 0.7 0 0.8 0 0.732918 0.032918 0.632918 0.032918  0 0 
4 0.632918 0.032918 0.732918 0.032918 0.691459 0.091459 0.591459 0.091459  0 0 
4 0.591459 0.091459 0.691459 0.091459 0.691459 0.191459 0.591459 0.191459  0 0 
4 0.591459 0.191459 0.691459 0.191459 0.732918 0.332918 0.632918 0.332918  0 0 
4 0.632918 0.332918 0.732918 0.332918 0.8 0.5 0.7 0.5  0 0 
4 0.7 0.5 0.8 0.5 0.867082 0.667082 0.767082 0.667082  0 0 
4 0.767082 0.667082 0.867082 0.667082 0.908541 0.808541 0.808541 0.808541  0 0 
4 0.808541 0.808541 0.908541 0.808541 0.908541 0.908541 0.808541 0.908541  0 0 
4 0.808541 0.908541 0.908541 0.908541 0.867082 0.967082 0.767082 0.967082  0 0 
4 0.767082 0.967082 0.867082 0.967082 0.8 1 0.7 1  0 0 
4 0.8 0 0.9 0 0.858541 0.058541 0.732918 0.032918  0 0 
4 0.732918 0.032918 0.858541 0.058541 0.832918 0.132918 0.691459 0.091459  0 0 
4 0.691459 0.091459 0.832918 0.132918 0.832918 0.232918 0.691459 0.191459  0 0 
4 0.691459 0.191459 0.832918 0.232918 0.858541 0.358541 0.732918 0.332918  0 0 
4 0.732918 0.332918 0.858541 0.358541 0.9 0.5 0.8 0.5  0 0 
4 0.8 0.5 0.9 0.5 0.941459 0.641459 0.867082 0.667082  0 0 
4 0.867082 0.667082 0.941459 0.641459 0.967082 0.767082 0.908541 0.808541  0 0 
4 0.908541 0.808541 0.967082 0.767082 0.967082 0.867082 0.908541 0.908541  0 0 
4 0.908541 0.908541 0.967082 0.867082 0.941459 0.941459 0.867082 0.967082  0 0 
4 0.867082 0.967082 0.941459 0.941459 0.9 1 0.8 1  0 0 
4 0.9 0 1 0 1 0.1 0.858541 0.058541  0 0 
4 0.858541 0.058541 1 0.1 1 0.2 0.832918 0.132918  0 0 
4 0.832918 0.132918 1 0.2 1 0.3 0.832918 0.232918  0 0 
4 0.832918 0.232918 1 0.3 1 0.4 0.858541 0.358541  0 0 
4 0.858541 0.358541 1 0.4 1 0.5 0.9 0.5  0 0 
4 0.9 0.5 1 0.5 1 0.6 0.941459 0.641459  0 0 
4 0.941459 0.641459 1 0.6 1 0.7 0.967082 0.767082  0 0 
4 0.967082 0.767082 1 0.7 1 0.8 0.967082 0.867082  0 0 
4 0.967082 0.867082 1 0.8 1 0.9 0.941459 0.941459  0 0 
4 0.941459 0.941459 1 0.9 1 1 0.9 1  0 0 
